,frequency,frequency_ham,frequency_spam
vinc,8532,8531,1
pleas,5113,4494,619
kaminski,4801,4801,0
thank,3730,3558,172
forward,3161,2952,209
time,3145,2552,593
research,2820,2752,68
market,2750,2150,600
work,2708,2293,415
inform,2701,1883,818
price,2694,2191,503
meet,2623,2544,79
know,2614,2345,269
group,2604,2474,130
manag,2600,2334,266
may,2465,1976,489
use,2330,1784,546
need,2328,1890,438
busi,2313,1416,897
compani,2290,1225,1065
new,2281,1777,504
mail,2269,1352,917
risk,2267,2097,170
model,2199,2170,29
energi,2179,2124,55
power,2117,1972,145
one,2108,1516,592
email,2066,1201,865
regard,2045,1859,186
look,2003,1607,396
messag,1983,1538,445
let,1963,1856,107
year,1886,1520,366
make,1884,1281,603
develop,1882,1691,191
day,1860,1440,420
interest,1811,1426,385
corp,1692,1643,49
shirley,1689,1687,2
call,1687,1497,190
week,1669,1454,215
edu,1627,1620,7
houston,1582,1577,5
see,1567,1238,329
receiv,1557,830,727
follow,1552,1308,244
contact,1543,1301,242
present,1543,1397,146
project,1522,1328,194
want,1488,1068,420
option,1488,1432,56
program,1438,1080,358
commun,1434,1304,130
help,1430,1168,262
list,1410,907,503
provid,1405,970,435
send,1379,986,393
trade,1366,1167,199
take,1361,1057,304
request,1344,1227,117
servic,1337,942,395
interview,1333,1320,13
discuss,1326,1270,56
confer,1297,1264,33
best,1291,933,358
report,1259,752,507
includ,1238,924,314
think,1216,1084,132
order,1208,667,541
product,1197,776,421
date,1187,1060,127
number,1182,951,231
attach,1176,1155,21
offer,1171,643,528
address,1154,693,461
question,1152,1069,83
avail,1152,872,280
next,1145,975,170
free,1141,535,606
sent,1126,971,155
visit,1126,920,206
well,1125,961,164
system,1118,816,302
crenshaw,1115,1115,0
posit,1104,917,187
good,1097,876,221
name,1089,745,344
state,1086,806,280
financ,1073,1038,35
schedul,1071,1054,17
ga,1070,905,165
offic,1068,935,133
univers,1059,1025,34
give,1055,883,172
stinson,1051,1051,0
current,1044,841,203
john,1042,1022,20
fax,1038,963,75
chang,1035,831,204
phone,1001,858,143
last,994,871,123
talk,981,943,38
review,976,834,142
process,975,826,149
industri,970,731,239
credit,960,798,162
peopl,958,599,359
data,955,868,87
gener,951,742,209
issu,944,865,79
resum,933,928,5
team,926,850,76
first,921,720,201
opportun,918,760,158
site,913,458,455
two,911,787,124
financi,909,702,207
plan,904,738,166
come,903,748,155
origin,892,796,96
start,880,580,300
ask,871,797,74
find,867,665,202
invest,867,327,540
way,864,586,278
back,864,739,125
ee,863,863,0
much,861,669,192
hope,858,828,30
secur,857,337,520
support,854,734,120
friday,854,847,7
london,843,828,15
rice,843,842,1
dear,838,734,104
base,837,635,202
account,829,401,428
today,828,577,251
respons,824,711,113
oper,820,669,151
cost,810,639,171
month,797,585,212
copi,797,700,97
possibl,796,712,84
custom,796,433,363
access,789,617,172
lon,786,779,7
term,786,625,161
particip,782,717,65
associ,777,715,62
money,776,114,662
addit,774,648,126
file,770,659,111
click,769,217,552
person,767,569,198
mani,758,550,208
book,756,680,76
softwar,739,299,440
requir,736,562,174
within,732,386,346
set,727,658,69
great,727,556,171
student,726,710,16
futur,722,440,282
valu,721,590,131
rate,718,516,202
curv,716,716,0
complet,707,515,192
director,705,640,65
juli,701,630,71
websit,700,194,506
note,688,600,88
april,682,677,5
deriv,676,673,3
doc,675,673,2
electr,675,659,16
web,668,430,238
problem,666,593,73
form,664,467,197
detail,661,546,115
tri,661,521,140
home,660,375,285
kevin,656,654,2
school,655,607,48
result,655,418,237
monday,649,630,19
approv,648,533,115
real,648,490,158
invit,647,614,33
per,642,412,230
grant,640,464,176
right,637,388,249
end,635,550,85
summer,635,623,12
gibner,633,633,0
contract,629,544,85
cours,626,567,59
internet,623,361,262
made,622,380,242
depart,621,575,46
even,617,424,193
paper,612,575,37
move,612,526,86
mark,612,587,25
intern,606,489,117
updat,606,527,79
differ,598,489,109
assist,598,475,123
abl,590,515,75
morn,586,546,40
employe,579,542,37
stanford,578,575,3
might,577,490,87
thursday,575,558,17
relat,575,499,76
attend,573,558,15
engin,571,411,160
part,570,450,120
applic,567,428,139
corpor,565,414,151
version,564,390,174
case,561,492,69
weather,557,553,4
resourc,556,466,90
unit,554,457,97
expect,554,356,198
suggest,554,533,21
technolog,552,322,230
event,552,447,105
continu,552,464,88
go,550,474,76
net,548,243,305
member,545,446,99
user,544,371,173
feel,543,453,90
appreci,541,518,23
said,537,474,63
point,536,474,62
thing,535,347,188
long,534,436,98
hello,534,395,139
confirm,532,485,47
comment,531,505,26
david,526,508,18
still,523,457,66
perform,523,423,100
understand,521,464,57
zimin,520,520,0
success,519,293,226
onlin,518,173,345
mike,516,514,2
place,516,388,128
var,514,511,3
wharton,511,511,0
import,511,396,115
return,509,355,154
steve,501,488,13
hour,501,357,144
deal,498,423,75
stock,498,158,340
comput,497,354,143
analysi,495,468,27
sure,495,396,99
soon,492,435,57
bank,492,276,216
final,490,422,68
area,489,397,92
check,488,351,137
feedback,486,477,9
locat,485,406,79
high,484,313,171
martin,484,477,7
robert,482,466,16
decis,478,438,40
adob,476,14,462
tuesday,474,454,20
effort,473,358,115
world,472,286,186
effect,471,270,201
hear,469,420,49
full,469,317,152
join,469,403,66
million,468,177,291
type,466,352,114
increas,464,295,169
wednesday,464,456,8
govern,463,302,161
propos,463,413,50
remov,460,103,357
put,458,385,73
design,457,261,196
believ,456,313,143
global,456,392,64
march,453,436,17
given,453,383,70
decemb,452,448,4
special,451,226,225
recent,451,368,83
inc,450,253,197
allow,450,348,102
line,448,289,159
transact,447,299,148
california,446,405,41
alreadi,446,372,74
network,446,375,71
due,445,351,94
jeff,443,440,3
buy,442,243,199
sincer,440,361,79
togeth,438,406,32
info,438,273,165
presid,438,378,60
public,437,346,91
run,437,398,39
vasant,436,436,0
direct,436,368,68
anoth,435,369,66
notic,435,284,151
etc,434,385,49
professor,431,425,6
tanya,431,431,0
keep,431,306,125
respond,430,382,48
sever,430,340,90
submit,426,251,175
structur,425,382,43
christi,424,422,2
say,423,305,118
agreement,422,368,54
save,422,87,335
link,421,247,174
document,421,384,37
sale,421,218,203
get,418,314,104
center,417,355,62
html,417,326,91
lead,417,296,121
realli,417,324,93
iri,414,413,1
job,414,369,45
wish,414,229,185
level,414,357,57
open,413,359,54
read,413,279,134
creat,413,299,114
arrang,410,399,11
statement,408,72,336
specif,407,338,69
purchas,405,308,97
involv,405,294,111
experi,405,346,59
total,404,220,184
candid,403,395,8
texa,403,386,17
north,402,360,42
reserv,402,340,62
dinner,401,401,0
bill,401,327,74
life,400,80,320
news,397,195,202
repli,397,239,158
dpc,397,397,0
happi,396,354,42
skill,396,390,6
oil,396,266,130
analyst,394,362,32
contain,393,241,152
share,391,215,176
execut,391,342,49
lunch,390,387,3
write,390,286,104
mean,390,259,131
without,389,191,198
limit,388,231,157
speaker,388,387,1
seminar,387,366,21
immedi,385,249,136
build,384,285,99
short,383,310,73
better,383,301,82
charg,381,323,58
profession,381,141,240
studi,380,367,13
must,379,229,150
pay,378,269,109
idea,378,327,51
volatil,377,372,5
util,377,348,29
room,375,362,13
bring,374,311,63
three,374,259,115
test,373,286,87
technic,372,357,15
coordin,367,360,7
anjam,367,367,0
thought,367,325,42
june,365,293,72
board,361,316,45
asset,360,301,59
america,359,325,34
sourc,358,278,80
fund,358,163,195
organ,356,292,64
cera,356,356,0
speak,355,335,20
mention,355,325,30
announc,354,266,88
natur,353,279,74
capit,352,268,84
baylor,352,351,1
materi,351,209,142
cover,350,321,29
recommend,350,304,46
valuat,350,345,5
michael,349,324,25
page,348,275,73
lot,348,268,80
telephon,347,310,37
repres,347,281,66
sorri,343,293,50
select,340,279,61
initi,340,288,52
close,340,288,52
accept,340,239,101
class,339,312,27
confidenti,339,256,83
ena,339,339,0
januari,338,327,11
portfolio,337,284,53
sign,337,266,71
done,337,254,83
articl,335,320,15
view,331,242,89
measur,331,296,35
probabl,330,314,16
content,328,177,151
fact,327,171,156
factor,327,262,65
learn,327,198,129
countri,326,128,198
becom,325,182,143
econom,325,291,34
around,324,268,56
graduat,324,314,10
agre,324,286,38
recruit,324,312,12
potenti,322,201,121
suppli,322,272,50
dale,322,322,0
sell,321,168,153
exampl,320,252,68
guarante,320,117,203
either,318,279,39
consid,318,245,73
begin,317,291,26
licens,316,268,48
code,315,226,89
standard,313,250,63
second,313,216,97
insur,313,179,134
search,312,75,237
calcul,312,291,21
appli,312,243,69
improv,312,204,108
approach,312,297,15
via,311,254,57
mseb,309,309,0
implement,309,301,8
novemb,308,302,6
everi,307,173,134
individu,307,249,58
distribut,306,229,77
advertis,306,59,247
decid,305,213,92
richard,305,303,2
moor,305,304,1
hotel,304,291,13
indic,303,231,72
show,303,213,90
desk,302,295,7
seem,302,278,24
promot,302,209,93
vkamin,301,301,0
firm,301,277,24
card,301,117,184
activ,301,236,65
molli,300,299,1
kind,299,225,74
administr,299,273,26
client,298,201,97
minut,298,195,103
control,297,200,97
box,297,217,80
aol,294,274,20
actual,292,221,71
period,292,268,24
concern,292,256,36
estim,291,208,83
key,291,237,54
storag,291,285,6
train,290,243,47
transfer,289,140,149
februari,289,288,1
whether,289,270,19
chri,289,287,2
parti,288,165,123
tomorrow,287,276,11
tool,287,199,88
consult,287,218,69
capac,287,281,6
leav,287,266,21
major,286,181,105
databas,285,196,89
step,285,191,94
smith,285,278,7
street,284,245,39
topic,284,279,5
afternoon,284,280,4
yet,283,219,64
vice,283,277,6
amount,282,166,116
session,282,262,20
eb,282,282,0
letter,281,193,88
plant,281,263,18
paul,279,277,2
octob,279,277,2
past,278,181,97
dollar,278,75,203
payment,277,204,73
publish,277,185,92
author,276,230,46
reason,275,203,72
committe,275,265,10
benefit,275,176,99
demand,275,230,45
simul,275,270,5
trip,274,265,9
someth,274,223,51
tom,274,270,4
advanc,273,227,46
logo,273,23,250
conveni,272,221,51
polici,272,222,50
evalu,272,256,16
produc,272,206,66
shanbhogu,271,271,0
later,271,228,43
guy,270,256,14
offici,270,240,30
non,270,223,47
reach,269,200,69
jone,268,250,18
wrote,268,267,1
berkeley,268,267,1
refer,267,222,45
august,266,245,21
function,266,256,10
maureen,265,265,0
india,265,261,4
alex,265,262,3
legal,265,145,120
act,265,118,147
william,264,259,5
got,264,206,58
forecast,264,243,21
top,263,145,118
head,263,239,24
answer,262,211,51
regist,262,141,121
europ,262,244,18
readi,261,128,133
termin,260,254,6
institut,259,236,23
solut,259,188,71
tel,259,235,24
jim,258,258,0
travel,257,187,70
partner,257,128,129
live,257,123,134
patrick,256,254,2
post,256,210,46
everyon,255,219,36
role,255,250,5
mailto,255,233,22
excel,255,226,29
prepar,254,223,31
download,253,120,133
enronxg,253,253,0
european,253,243,10
hedg,252,247,5
packag,251,125,126
chair,251,250,1
anyth,250,204,46
floor,249,240,9
newslett,249,143,106
enter,249,145,104
friend,248,163,85
american,248,187,61
trader,248,228,20
draft,248,222,26
strategi,248,201,47
identifi,247,185,62
enjoy,247,197,50
other,247,147,100
steven,246,242,4
word,246,158,88
basi,245,217,28
remain,245,212,33
ravi,245,245,0
load,244,227,17
austin,244,243,1
titl,243,175,68
investor,243,50,193
ferc,242,242,0
vacat,241,209,32
chapter,241,237,4
colleagu,241,229,12
hand,241,142,99
someon,241,191,50
profit,240,122,118
contribut,240,227,13
earli,239,221,18
intend,239,164,75
glad,239,231,8
action,239,163,76
found,239,167,72
fyi,238,237,1
incom,238,124,114
ye,238,185,53
privat,236,154,82
deliv,236,150,86
rac,235,218,17
anyon,235,158,77
org,235,132,103
password,234,217,17
lng,234,229,5
commod,233,221,12
commit,232,190,42
expens,232,178,54
upon,232,175,57
tell,231,173,58
item,231,174,57
releas,231,137,94
oct,231,230,1
advis,230,178,52
daili,229,176,53
commerci,228,165,63
competit,228,179,49
mack,228,228,0
happen,228,154,74
less,228,151,77
exchang,228,161,67
left,227,197,30
express,226,155,71
along,226,196,30
statu,226,191,35
focu,225,186,39
yesterday,225,223,2
seri,225,216,9
correl,224,222,2
averag,224,155,69
toni,224,220,4
section,224,108,116
told,224,205,19
explor,223,189,34
agenda,223,223,0
held,222,202,20
pjm,222,222,0
fit,222,188,34
transmiss,222,204,18
far,222,197,25
pass,222,189,33
directli,221,193,28
region,221,203,18
hire,221,212,9
latest,221,169,52
quit,221,199,22
stay,221,194,27
care,220,132,88
wait,220,131,89
senior,219,198,21
record,219,110,109
rememb,219,113,106
upenn,219,219,0
clear,219,151,68
featur,219,116,103
altern,219,176,43
assum,218,191,27
easi,218,62,156
cash,218,78,140
saturday,217,212,5
welcom,217,140,77
field,216,186,30
masson,216,216,0
larg,215,164,51
error,214,101,113
mind,214,165,49
cell,214,166,48
wonder,214,190,24
hold,213,173,40
bid,213,209,4
method,213,148,65
septemb,213,201,12
spreadsheet,213,210,3
histor,213,186,27
deliveri,213,123,90
abil,211,153,58
suit,211,114,97
summari,211,210,1
necessari,211,145,66
never,210,72,138
tamarchenko,209,209,0
pro,209,69,140
turn,209,144,65
practic,208,157,51
billion,208,132,76
big,207,113,94
chairman,207,203,4
alway,207,144,63
tax,206,145,61
correct,205,188,17
weekend,205,202,3
like,205,185,20
brown,205,196,9
longer,204,149,55
add,204,156,48
earlier,204,202,2
auction,204,195,9
staff,204,182,22
matter,204,149,55
low,203,51,152
sandeep,203,200,3
yahoo,203,152,51
fuel,203,163,40
input,202,195,7
away,201,107,94
mba,201,195,6
determin,201,183,18
prefer,200,183,17
hard,200,143,57
edit,200,133,67
internship,200,200,0
revenu,199,94,105
scott,199,192,7
spread,199,182,17
electron,199,173,26
mathemat,199,198,1
york,199,177,22
target,198,76,122
nation,197,129,68
fast,197,68,129
fix,196,160,36
kim,195,195,0
wholesal,195,175,20
small,195,120,75
littl,194,132,62
local,194,90,104
signific,194,171,23
famili,194,105,89
drive,194,141,53
least,194,140,54
annual,193,156,37
side,193,174,19
ship,193,82,111
relationship,191,166,25
rick,191,189,2
exist,191,153,38
serv,191,162,29
nice,190,122,68
feb,190,187,3
cap,190,153,37
jame,190,183,7
ad,189,139,50
rang,189,146,43
paulo,189,189,0
chanc,188,140,48
bob,188,186,2
optim,188,178,10
krishnarao,187,187,0
unsubscrib,187,62,125
excit,187,135,52
stop,187,100,87
normal,187,104,83
challeng,187,157,30
purpos,187,129,58
coupl,187,169,18
visa,186,160,26
workshop,186,183,3
media,186,40,146
pdf,186,178,8
growth,186,82,104
prior,186,159,27
raymond,185,185,0
hous,185,117,68
profil,184,107,77
appropri,184,176,8
late,184,136,48
fee,184,100,84
ben,184,181,3
anita,183,183,0
machin,182,153,29
discount,182,123,59
ensur,182,134,48
stephen,182,175,7
instal,182,140,42
iso,180,134,46
vincent,180,177,3
mine,180,89,91
object,180,130,50
joe,179,174,5
background,179,175,4
ken,179,178,1
main,178,164,14
among,178,121,57
default,177,177,0
extens,177,154,23
loan,176,68,108
paid,176,67,109
ago,176,156,20
leppard,176,176,0
bit,176,123,53
delay,175,164,11
obtain,175,134,41
physic,175,158,17
dabhol,174,174,0
viagra,174,0,174
simpli,174,69,105
convers,174,156,18
citi,174,107,67
nick,173,172,1
introduc,173,122,51
mari,173,156,17
instruct,173,88,85
goal,173,111,62
respect,172,120,52
voic,172,148,24
congratul,171,143,28
window,171,90,81
video,171,120,51
earn,171,62,109
maharashtra,171,171,0
effici,170,150,20
strong,170,115,55
format,170,95,75
retail,170,125,45
creativ,170,28,142
connect,169,121,48
emerg,169,133,36
integr,169,136,33
garp,169,169,0
dept,169,162,7
educ,169,128,41
fall,169,150,19
appear,168,144,24
mid,168,158,10
love,168,55,113
equiti,168,131,37
shmuel,168,168,0
faculti,168,168,0
imag,168,67,101
jul,168,6,162
protect,167,66,101
press,167,80,87
panel,166,152,14
budget,166,126,40
flow,166,151,15
basic,166,149,17
promis,166,92,74
fill,166,80,86
print,165,116,49
transport,165,151,14
caus,165,85,80
tue,165,59,106
host,165,114,51
touch,165,154,11
stand,165,89,76
server,164,95,69
commiss,164,113,51
claim,164,52,112
consum,164,120,44
although,163,144,19
subscrib,163,77,86
impact,163,140,23
independ,163,99,64
break,162,106,56
advic,162,55,107
compar,162,120,42
alloc,161,156,5
negoti,161,137,24
margaret,161,161,0
monthli,161,124,37
qualiti,161,91,70
thousand,161,24,137
third,161,101,60
plu,160,115,45
four,160,117,43
pep,160,160,0
accord,160,111,49
methodolog,159,156,3
pre,159,118,41
greg,159,155,4
chief,159,148,11
nov,159,157,2
davi,159,157,2
pipelin,159,155,4
establish,158,112,46
spoke,158,156,2
phase,158,152,6
miss,158,134,24
volum,158,135,23
knowledg,158,123,35
andrew,158,154,4
kristin,158,158,0
academ,157,151,6
lender,157,116,41
employ,157,115,42
play,157,111,46
equip,156,105,51
sevil,156,156,0
prc,156,156,0
across,156,139,17
quantit,156,155,1
track,155,106,49
fine,155,146,9
registr,155,134,21
consider,154,137,17
certain,154,88,66
sector,154,112,42
outsid,154,136,18
brief,154,145,9
rather,154,137,17
oren,154,154,0
statist,153,142,11
choic,153,113,40
loss,153,103,50
consist,153,122,31
impress,153,112,41
debt,153,98,55
metal,152,138,14
eric,152,152,0
except,152,127,25
depend,152,129,23
membership,152,82,70
calendar,152,148,4
previou,152,139,13
krishna,152,152,0
worldwid,152,47,105
sponsor,151,99,52
henwood,151,151,0
subscript,150,113,37
jinbaek,150,150,0
fail,150,83,67
size,150,84,66
night,150,140,10
shankman,150,150,0
georg,149,142,7
campu,149,149,0
apolog,149,116,33
sometim,149,115,34
front,148,86,62
seek,148,77,71
variou,148,134,14
ami,148,148,0
condit,148,98,50
advantag,148,67,81
arriv,148,131,17
quick,148,106,42
everyth,148,96,52
jan,148,146,2
holiday,148,140,8
west,148,127,21
particular,148,135,13
prompt,147,106,41
higher,147,119,28
facil,147,118,29
taken,147,118,29
opinion,147,98,49
ahead,147,137,10
man,146,36,110
spend,146,113,33
enough,146,96,50
situat,146,106,40
bond,145,128,17
strateg,145,111,34
ted,145,144,1
pinnamaneni,145,145,0
mayb,145,117,28
outlook,145,142,3
critic,145,135,10
bonu,144,90,54
swap,144,144,0
guid,143,68,75
conduct,143,129,14
choos,143,79,64
enhanc,143,90,53
url,142,113,29
met,142,136,6
hot,142,31,111
recipi,142,74,68
similar,141,114,27
describ,141,126,15
foreign,141,63,78
thuraisingham,141,141,0
shop,141,24,117
remind,141,138,3
sens,140,131,9
highli,140,103,37
simpl,140,68,72
extrem,140,102,38
deadlin,140,139,1
gain,140,71,69
htm,140,120,20
clayton,139,139,0
premier,139,19,120
combin,139,104,35
jump,139,123,16
cent,139,115,24
pick,138,95,43
old,138,85,53
game,138,64,74
studio,138,11,127
ext,138,130,8
notifi,138,126,12
carlo,138,135,3
descript,138,125,13
jason,138,136,2
frank,137,131,6
tabl,137,125,12
sunday,137,134,3
tiger,137,137,0
perhap,137,132,5
ventur,137,59,78
wide,137,101,36
space,137,100,37
attent,137,92,45
expand,137,81,56
anticip,137,71,66
multipl,136,91,45
lose,136,28,108
margin,135,126,9
rank,135,80,55
construct,135,112,23
brad,135,135,0
grow,135,53,82
singl,134,107,27
chonawe,134,134,0
heard,134,117,17
ceo,134,96,38
watch,134,32,102
central,134,120,14
worth,133,75,58
definit,133,108,25
law,133,77,56
career,133,110,23
explain,133,123,10
graphic,132,35,97
lee,132,129,3
automat,132,76,56
approxim,132,112,20
focus,132,104,28
entir,132,87,45
ebl,132,132,0
china,132,11,121
collect,132,79,53
speed,131,108,23
extend,131,102,29
thoma,131,121,10
proceed,131,125,6
amitava,131,131,0
anshuman,131,131,0
forum,130,115,15
lay,129,122,7
san,129,115,14
capabl,129,117,12
dec,129,122,7
broadband,129,127,2
kindal,129,129,0
season,129,120,9
spot,129,125,4
figur,129,106,23
log,128,100,28
toward,128,109,19
five,128,65,63
six,128,86,42
exposur,128,114,14
revis,128,123,5
assign,127,126,1
text,127,69,58
liquid,126,118,8
defin,126,118,8
techniqu,126,105,21
procedur,126,111,15
mar,126,123,3
spring,126,118,8
unfortun,126,116,10
jeffrey,126,126,0
rest,126,99,27
feder,126,84,42
will,125,104,21
norma,125,125,0
awar,125,87,38
lanc,125,125,0
achiev,125,78,47
reflect,125,91,34
regul,125,107,18
utexa,125,125,0
hesit,124,115,9
advisor,124,73,51
though,124,99,25
near,124,93,31
quickli,124,89,35
michel,124,124,0
primari,123,103,20
especi,123,103,20
sender,123,80,43
properti,123,45,78
phd,123,120,3
compens,123,61,62
overview,123,115,8
marshal,123,122,1
half,122,89,33
assess,122,118,4
greet,122,110,12
reduc,122,94,28
kirste,122,122,0
rais,122,100,22
car,121,79,42
handl,121,83,38
numer,121,100,21
andrea,121,120,1
eprm,121,121,0
usa,121,62,59
win,121,44,77
perspect,120,117,3
progress,120,112,8
instead,120,69,51
almost,120,85,35
prioriti,120,73,47
hall,120,116,4
stationeri,120,0,120
competitor,120,40,80
percent,119,81,38
centr,119,118,1
mage,119,116,3
rel,119,74,45
common,119,90,29
acquisit,119,71,48
donna,119,116,3
polit,119,97,22
directori,118,77,41
vkaminski,118,118,0
linux,118,37,81
index,118,99,19
survey,118,90,28
enrononlin,118,118,0
metric,117,117,0
shalesh,117,117,0
air,117,50,67
soft,117,44,73
path,117,76,41
bankruptci,117,93,24
dynam,117,91,26
lst,116,105,11
scienc,116,88,28
extra,116,47,69
store,116,44,72
environ,116,102,14
stream,115,62,53
encourag,115,97,18
ehud,115,115,0
canada,115,88,27
multi,115,66,49
came,115,90,25
quot,115,78,37
whole,115,92,23
howard,114,107,7
agent,114,14,100
parson,114,114,0
gave,114,105,9
wed,114,94,20
expert,114,77,37
peter,114,113,1
susan,114,110,4
eastern,113,102,11
dupont,113,113,0
fri,113,106,7
visual,113,57,56
commerc,113,103,10
gari,113,113,0
separ,113,101,12
murphi,113,113,0
outlin,112,108,4
cut,112,86,26
domain,112,25,87
hundr,112,9,103
issler,112,112,0
thu,111,90,21
vol,111,104,7
valuabl,111,63,48
cindi,111,110,1
invoic,111,108,3
pleasur,111,89,22
perfect,111,33,78
colleg,110,92,18
overal,110,103,7
celest,110,110,0
projecthoneypot,110,0,110
occur,110,64,46
enterpris,110,91,19
sound,110,91,19
greatli,110,99,11
manufactur,110,45,65
dave,109,105,4
quarter,109,101,8
surbey,109,109,0
acquir,109,56,53
ahmad,108,108,0
supervisor,108,106,2
opt,108,23,85
lin,108,107,1
smtp,107,44,63
coverag,107,87,20
perman,107,39,68
expir,107,59,48
finish,107,102,5
mortgag,107,14,93
map,107,101,6
desktop,107,105,2
park,107,98,9
solicit,107,23,84
predict,107,60,47
difficult,106,98,8
leader,106,81,25
alp,106,106,0
crude,105,103,2
western,105,69,36
prof,105,105,0
huge,105,30,75
innov,105,77,28
lower,105,59,46
sap,105,105,0
qualifi,105,40,65
rule,104,82,22
delet,104,63,41
fea,104,99,5
analyt,104,104,0
teach,104,79,25
eol,104,104,0
noth,103,37,66
exercis,103,73,30
est,103,60,43
task,103,71,32
guest,103,97,6
agenc,103,69,34
took,103,82,21
platform,103,78,25
valid,103,72,31
languag,103,65,38
huang,102,102,0
outstand,102,48,54
duffi,102,102,0
subsidiari,102,63,39
maintain,102,67,35
bryan,102,92,10
ident,102,8,94
written,101,97,4
receipt,101,74,27
egm,101,101,0
bandwidth,101,100,1
hsb,101,101,0
chicago,101,88,13
green,101,90,11
privileg,101,89,12
understood,101,81,20
screen,100,78,22
fwd,100,98,2
crore,100,100,0
waco,100,100,0
face,100,73,27
fundament,100,91,9
collin,100,99,1
bu,99,92,7
relev,99,85,14
award,99,74,25
deposit,99,21,78
mont,99,99,0
light,99,82,17
gandi,99,99,0
match,99,83,16
urgent,99,65,34
gold,99,58,41
mit,99,98,1
proven,99,18,81
kohli,98,98,0
investig,98,61,37
reliabl,98,62,36
super,98,86,12
concept,98,90,8
exotica,98,98,0
uniqu,98,54,44
station,98,82,16
regulatori,98,93,5
asap,98,97,1
gwyn,98,98,0
forc,98,78,20
enabl,98,54,44
south,97,59,38
monitor,97,79,18
confid,97,54,43
fulli,97,67,30
largest,97,68,29
christma,97,95,2
carnegi,97,97,0
attempt,96,61,35
adjust,96,90,6
digit,96,58,38
christian,96,91,5
spent,96,57,39
tim,96,86,10
affili,96,28,68
sit,96,78,18
jun,96,74,22
squirrelmail,96,0,96
mobil,96,41,55
incorpor,96,84,12
moment,96,67,29
goe,95,77,18
essenti,95,75,20
vendor,95,81,14
realiz,95,73,22
boston,95,93,2
grade,95,84,11
replac,95,77,18
sampl,95,38,57
doubl,95,69,26
health,95,28,67
sheet,94,61,33
true,94,59,35
notif,94,43,51
cancel,94,82,12
premium,94,56,38
correspond,94,74,20
port,94,78,16
mellon,94,94,0
breath,94,0,94
denni,94,94,0
tour,94,67,27
charl,93,88,5
output,93,85,8
assumpt,93,69,24
oem,93,1,92
stori,93,69,24
avoid,93,63,30
sex,93,0,93
enclos,93,87,6
attract,93,55,38
behalf,92,75,17
msn,92,78,14
osman,92,92,0
cooper,92,61,31
oblig,92,53,39
unless,92,80,12
safe,92,29,63
water,92,64,28
piazz,92,92,0
collabor,91,59,32
carri,91,74,17
sharad,91,91,0
asian,91,83,8
leadership,91,88,3
engag,91,79,12
black,91,80,11
men,91,8,83
rotat,91,91,0
cross,91,83,8
salari,91,87,4
economi,91,71,20
absolut,90,30,60
draw,90,30,60
lost,90,52,38
macromedia,90,1,89
conflict,90,60,30
stage,90,76,14
restructur,90,90,0
seen,90,60,30
round,90,78,12
supplier,89,67,22
town,89,85,4
andi,89,87,2
sokolov,89,89,0
insight,89,85,4
refin,89,48,41
carr,89,89,0
easili,89,52,37
martinj,89,89,0
strickland,89,89,0
sheila,89,89,0
launch,89,63,26
revers,89,79,10
weekli,89,73,16
instant,88,14,74
verifi,88,44,44
joseph,88,80,8
advisori,88,74,14
instrument,88,79,9
human,88,61,27
sydney,88,87,1
ronn,88,88,0
formal,88,85,3
yaman,88,88,0
fresh,88,22,66
secret,88,8,80
upgrad,88,76,12
sun,88,77,11
exactli,87,50,37
ticket,87,70,17
introduct,87,80,7
giusepp,87,87,0
pursu,87,83,4
deng,87,87,0
elena,87,87,0
color,87,65,22
journal,87,78,9
sold,87,48,39
complianc,87,56,31
accomplish,87,76,11
charset,87,16,71
regular,87,74,13
count,87,56,31
easier,87,45,42
minist,86,82,4
ieor,86,86,0
trust,86,39,47
doug,86,85,1
ann,86,81,5
asp,86,80,6
entiti,86,79,7
brand,86,24,62
joint,86,54,32
facilit,86,80,6
cantekin,86,86,0
renegoti,86,85,1
upcom,86,79,7
east,86,76,10
expertis,86,67,19
usual,86,79,7
pictur,85,54,31
affair,85,70,15
particularli,85,75,10
ashley,85,85,0
switch,85,84,1
compon,85,78,7
sheridan,85,85,0
bennett,85,85,0
philipp,84,84,0
specialist,84,70,14
cambridg,84,83,1
assur,84,36,48
captur,84,77,7
kenneth,84,84,0
walk,84,68,16
lloyd,84,84,0
audit,84,52,32
dedic,84,63,21
failur,83,46,37
ibuyit,83,83,0
transit,83,77,6
alert,83,50,33
sie,83,81,2
palmer,83,83,0
bambo,83,83,0
player,83,51,32
preliminari,83,82,1
renew,83,77,6
histori,83,55,28
gather,83,58,25
flight,83,78,5
magazin,82,64,18
convent,82,70,12
core,82,79,3
hit,82,54,28
gamma,82,81,1
interact,82,67,15
marketpoint,81,81,0
sum,81,33,48
own,81,47,34
desir,81,56,25
neil,81,81,0
salli,81,80,1
rabi,81,81,0
theori,81,80,1
certainli,80,74,6
specifi,80,76,4
samer,80,80,0
formula,80,56,24
microsoft,80,36,44
conclus,80,67,13
difficulti,79,74,5
unlimit,79,12,67
pool,79,73,6
honor,79,58,21
afford,79,13,66
safeti,79,6,73
andmanyoth,79,0,79
carson,79,78,1
stochast,79,79,0
secretari,79,77,2
kimberli,78,77,1
liabil,78,65,13
delta,78,75,3
sherriff,78,78,0
quant,78,78,0
vote,78,71,7
nelson,78,76,2
degre,78,63,15
white,78,54,24
beth,78,78,0
allen,77,71,6
math,77,76,1
paypal,77,0,77
harri,77,75,2
wincenti,77,77,0
scenario,77,76,1
migrat,77,77,0
neg,77,64,13
villarr,77,77,0
pend,77,65,12
memori,77,70,7
ew,77,77,0
copyright,76,51,25
larri,76,73,3
tech,76,53,23
aspect,76,70,6
button,76,55,21
lsu,76,76,0
bulk,76,21,55
accur,76,71,5
eim,76,76,0
style,76,70,6
crisi,76,71,5
favor,76,54,22
griebl,76,76,0
sensit,75,63,12
virtual,75,45,30
supatgiat,75,75,0
brochur,75,70,5
alon,75,45,30
baxter,75,75,0
affect,75,59,16
kindli,75,59,16
indian,75,64,11
boost,75,8,67
went,75,64,11
self,75,49,26
declin,75,64,11
hotmail,75,57,18
medic,75,11,64
titman,75,75,0
stress,74,53,21
cmu,74,74,0
owner,74,23,51
lack,74,58,16
enrol,74,67,7
nesbitt,74,74,0
watson,74,73,1
broker,74,18,56
ppa,74,74,0
exclus,74,43,31
cunningham,74,74,0
mime,74,35,39
koepk,74,74,0
experienc,74,43,31
road,74,46,28
barri,74,38,36
naveen,73,73,0
parent,73,64,9
dvd,73,0,73
pierr,73,73,0
herein,73,8,65
allianc,73,68,5
lacima,73,73,0
attorney,73,50,23
throughout,73,62,11
traffic,73,56,17
column,73,70,3
known,73,34,39
aim,73,39,34
underli,73,71,2
prospect,73,51,22
exot,72,72,0
prohibit,72,56,16
scope,72,69,3
reader,72,29,43
impli,72,64,8
authoris,72,72,0
talent,72,67,5
satisfact,72,8,64
mailer,72,31,41
ideal,72,63,9
bottom,72,49,23
categori,72,54,18
coupon,71,12,59
oniin,71,0,71
corel,71,4,67
folk,71,67,4
dhar,71,71,0
kathi,71,71,0
imagin,71,14,57
anyway,71,71,0
variabl,71,66,5
sharehold,71,21,50
luncheon,71,71,0
copier,71,70,1
seriou,71,42,29
winston,71,68,3
wade,71,71,0
varieti,71,41,30
stuff,71,68,3
mon,71,57,14
abstract,71,69,2
chat,70,58,12
recept,70,68,2
uncertainti,70,27,43
daffin,70,70,0
wife,70,43,27
matthew,70,67,3
hrgovcic,70,70,0
logist,70,60,10
brian,70,67,3
restaur,70,60,10
continent,70,66,4
incred,70,11,59
marc,70,70,0
sam,70,69,1
brent,70,70,0
slide,70,69,1
iii,70,55,15
personnel,69,55,14
significantli,69,60,9
wti,69,69,0
fap,69,69,0
professionai,69,0,69
resolv,69,62,7
hill,69,58,11
frequenc,69,59,10
lawyer,69,61,8
convert,69,55,14
dawn,69,69,0
pserc,69,69,0
mix,69,31,38
wiil,69,0,69
dramat,69,28,41
walton,69,69,0
appoint,68,61,7
restrict,68,58,10
audienc,68,55,13
wind,68,63,5
printer,68,56,12
jean,68,66,2
catch,68,56,12
age,68,13,55
photoshop,68,0,68
none,68,36,32
pari,68,67,1
resid,68,44,24
caida,68,68,0
submiss,68,49,19
discov,68,14,54
ltd,68,41,27
washington,67,54,13
pariba,67,67,0
princip,67,57,10
vernon,67,67,0
land,67,37,30
demonstr,67,57,10
accuraci,67,30,37
harvard,67,62,5
familiar,67,59,8
jcc,67,67,0
garven,67,67,0
unabl,66,59,7
flexibl,66,57,9
retain,66,62,4
solv,66,54,12
strictli,66,48,18
typic,66,59,7
block,66,45,21
librari,66,61,5
complex,66,60,6
tani,66,66,0
framework,66,65,1
broadcast,66,1,65
dose,66,0,66
gone,66,50,16
ten,66,37,29
manual,66,36,30
weight,66,29,37
mailbox,65,34,31
element,65,36,29
fli,65,58,7
whatev,65,58,7
privaci,65,3,62
comfort,65,50,15
appar,65,63,2
unknown,65,12,53
laura,65,65,0
sort,65,58,7
pavel,65,65,0
grid,65,64,1
economist,65,62,3
godbol,65,65,0
le,65,61,4
till,65,59,6
examin,64,56,8
pam,64,60,4
hamilton,64,59,5
gift,64,20,44
spam,64,0,64
movi,64,24,40
chilkina,64,64,0
pretti,64,59,5
ganjoo,64,64,0
trend,64,47,17
ultim,64,45,19
confus,64,60,4
swing,64,63,1
fma,64,64,0
pull,64,61,3
vnbl,64,0,64
intent,64,39,25
paramet,63,62,1
leno,63,63,0
memo,63,63,0
tent,63,61,2
environment,63,45,18
mailman,63,29,34
drop,63,47,16
australia,63,55,8
onto,63,51,12
mailwisconsin,63,0,63
visitor,63,13,50
social,63,29,34
excess,63,50,13
bad,63,39,24
mcgregor,63,63,0
gordon,62,61,1
constitut,62,25,37
disclos,62,52,10
pressur,62,53,9
sezgen,62,62,0
angela,62,62,0
son,62,40,22
behind,62,42,20
cheap,62,14,48
disclosur,62,51,11
ebay,62,0,62
modifi,62,53,9
court,62,52,10
otc,62,23,39
tree,62,53,9
tradit,62,50,12
avenu,62,54,8
previous,62,42,20
piec,62,51,11
java,62,58,4
qmail,62,0,62
petrona,62,62,0
former,62,48,14
guess,62,59,3
highest,62,45,17
philadelphia,61,61,0
split,61,41,20
tariff,61,60,1
clearli,61,55,6
oppos,61,49,12
mainten,61,56,5
gap,61,30,31
anywher,61,32,29
karen,61,60,1
interconnect,61,60,1
greater,61,48,13
georgia,61,56,5
southern,61,51,10
laptop,61,53,8
trial,61,50,11
judg,61,55,6
art,61,40,21
isy,61,61,0
peak,61,54,7
deleg,61,56,5
keynot,61,61,0
highlight,60,56,4
bodi,60,25,35
fortun,60,17,43
elizabeth,60,59,1
presenc,60,48,12
winter,60,58,2
fair,60,50,10
lewi,60,59,1
whalley,60,60,0
primarili,60,56,4
tie,60,57,3
estat,60,5,55
campaign,60,34,26
jaesoo,60,60,0
seyfri,60,60,0
merchant,60,50,10
sec,60,3,57
sole,60,37,23
vehicl,60,29,31
deshmukh,60,60,0
louis,60,60,0
hickerson,60,60,0
ste,59,45,14
organis,59,58,1
organiz,59,59,0
nymex,59,56,3
young,59,42,17
php,59,1,58
krapel,59,59,0
detect,59,23,36
max,59,31,28
briefli,59,59,0
esmtp,59,57,2
rakesh,59,59,0
intranet,59,56,3
matrix,59,51,8
diebold,59,59,0
autom,59,30,29
rsvp,59,59,0
narg,59,59,0
pack,59,41,18
buyer,59,43,16
jose,59,58,1
roll,59,40,19
interfac,59,48,11
balanc,59,47,12
matt,58,51,7
inquiri,58,47,11
deserv,58,47,11
slot,58,55,3
elimin,58,42,16
counterparti,58,58,0
club,58,49,9
rich,58,13,45
suffici,58,57,1
attende,58,55,3
comprehens,58,31,27
rolet,58,0,58
substanti,58,37,21
biggest,58,32,26
chart,58,45,13
marketplac,58,47,11
bridg,58,56,2
bradford,58,57,1
queri,58,54,4
keith,57,56,1
doctor,57,38,19
suitabl,57,52,5
pennsylvania,57,53,4
master,57,30,27
jennif,57,54,3
entri,57,43,14
heather,57,54,3
elect,57,53,4
causey,57,57,0
lab,57,48,9
infrastructur,57,42,15
shelli,57,57,0
congress,57,48,9
noon,57,54,3
clean,56,43,13
entitl,56,49,7
benchmark,56,52,4
craig,56,50,6
neither,56,43,13
obvious,56,50,6
suppos,56,45,11
symposium,56,56,0
insid,56,25,31
entertain,56,11,45
cline,56,56,0
legisl,56,49,7
llc,56,23,33
shortli,56,47,9
bcc,56,56,0
brought,56,45,11
truli,56,38,18
amend,56,49,7
reaction,56,54,2
mscf,56,56,0
bnp,56,56,0
beyond,56,51,5
barbara,56,54,2
airport,56,42,14
mechan,56,50,6
aris,55,46,9
zip,55,42,13
graph,55,54,1
basket,55,55,0
hewitt,55,55,0
bush,55,55,0
deregul,55,55,0
worri,55,32,23
pop,55,11,44
permit,55,51,4
portion,55,48,7
apr,55,48,7
consolid,55,38,17
karla,55,54,1
wili,55,0,55
carol,55,54,1
shown,55,46,9
morgan,55,50,5
duti,55,46,9
wrong,55,35,20
intellig,55,42,13
maker,55,44,11
ignor,55,32,23
cheer,55,52,3
ron,55,55,0
jack,55,53,2
vision,55,36,19
parkhil,54,54,0
yield,54,44,10
consequ,54,44,10
strongli,54,33,21
robertwalt,54,54,0
petrochem,54,49,5
permiss,54,40,14
strike,54,45,9
cluster,54,54,0
mutual,54,45,9
programm,54,46,8
japan,54,51,3
union,54,44,10
acrobat,54,14,40
ercot,54,54,0
oliv,54,53,1
proprietari,54,47,7
float,54,45,9
pl,54,49,5
geman,54,54,0
burn,53,25,28
reform,53,32,21
settlement,53,51,2
paso,53,53,0
currenc,53,33,20
boss,53,42,11
practition,53,51,2
extract,53,28,25
daniel,53,44,9
winner,53,25,28
shiji,53,53,0
partnership,53,26,27
edward,53,47,6
surpris,53,33,20
wall,53,32,21
bruce,53,52,1
analyz,53,42,11
darrel,53,53,0
bjorn,53,53,0
downtown,53,53,0
offsit,53,53,0
bag,53,46,7
aggreg,53,51,2
motiv,53,33,20
kin,53,10,43
powerisk,52,52,0
extern,52,48,4
relianc,52,39,13
observ,52,46,6
eogi,52,0,52
audio,52,43,9
lectur,52,51,1
modul,52,48,4
hansen,52,51,1
socal,52,52,0
japanes,52,49,3
charlen,52,52,0
wire,52,7,45
delight,52,51,1
destroy,52,48,4
corei,52,0,52
sir,52,22,30
motion,52,20,32
owe,52,40,12
analys,52,52,0
dan,52,46,6
lavorato,51,51,0
ground,51,42,9
compet,51,36,15
melinda,51,51,0
popular,51,16,35
dealer,51,19,32
music,51,6,45
hardwar,51,34,17
login,51,39,12
stewart,51,51,0
cd,51,35,16
kean,51,51,0
fun,51,28,23
exit,51,47,4
teler,51,51,0
built,51,30,21
door,51,35,16
extent,51,49,2
reactionsnet,51,51,0
heat,51,44,7
maximum,51,35,16
volunt,51,49,2
thur,51,51,0
temporari,50,44,6
ball,50,47,3
ene,50,50,0
biz,50,0,50
treat,50,33,17
divis,50,39,11
ruf,50,50,0
lew,50,50,0
prevent,50,30,20
artist,50,3,47
die,50,15,35
minimum,50,36,14
encod,50,12,38
editor,50,43,7
quarterli,50,46,4
antonio,50,40,10
russel,50,47,3
rocket,50,2,48
divid,50,50,0
portland,50,48,2
phillip,50,50,0
rob,50,31,19
prove,50,27,23
correctli,50,47,3
comparison,50,44,6
dean,49,49,0
tip,49,13,36
bio,49,48,1
rli,49,49,0
shift,49,49,0
consent,49,40,9
demo,49,40,9
ciick,49,0,49
rental,49,42,7
jess,49,49,0
remot,49,26,23
spike,49,47,2
blank,49,27,22
thanksgiv,49,46,3
photo,49,29,20
packet,49,49,0
soussan,49,49,0
rudi,49,49,0
anderson,49,40,9
debbi,49,49,0
star,49,21,28
provis,49,42,7
xl,49,49,0
resolut,49,47,2
cumul,49,46,3
led,48,39,9
mentor,48,17,31
neal,48,48,0
bear,48,42,6
scale,48,41,7
itinerari,48,47,1
norton,48,4,44
treasuri,48,40,8
jackson,48,46,2
escrow,48,47,1
miller,48,47,1
barrel,48,45,3
guidanc,48,42,6
warn,48,41,7
enroncredit,48,48,0
ross,48,47,1
spoken,48,48,0
kate,48,46,2
threat,48,29,19
algorithm,48,46,2
governor,48,48,0
middl,48,41,7
duan,48,47,1
jacob,47,45,2
invok,47,16,31
revamp,47,1,46
england,47,41,6
export,47,30,17
clewlow,47,47,0
symbol,47,13,34
chase,47,41,6
lock,47,38,9
edison,47,47,0
often,47,30,17
rep,47,42,5
aiesec,47,47,0
segment,47,33,14
protest,47,45,2
erisk,47,47,0
med,47,4,43
seven,47,21,26
charter,47,47,0
hourli,47,47,0
guidelin,47,29,18
accommod,47,46,1
aram,47,47,0
taylor,47,46,1
endors,47,43,4
artwork,47,1,46
cal,46,42,4
inventori,46,41,5
browser,46,29,17
arthurandersen,46,46,0
equal,46,35,11
luck,46,32,14
maxim,46,40,6
azurix,46,46,0
manner,46,32,14
infocast,46,46,0
helen,46,46,0
inflat,46,40,6
pulp,46,46,0
simon,46,45,1
frame,46,38,8
whose,46,33,13
heavi,46,33,13
mistak,46,28,18
rise,46,29,17
everybodi,46,35,11
gatech,46,46,0
satisfi,45,13,32
viaspac,45,0,45
rfid,45,0,45
procur,45,40,5
foundat,45,26,19
ray,45,40,5
pittsburgh,45,45,0
aug,45,43,2
display,45,38,7
etcheverri,45,45,0
corner,45,37,8
modif,45,39,6
contractor,45,27,18
cocktail,45,44,1
johnson,45,33,12
male,45,4,41
implic,45,43,2
whitsel,45,45,0
strength,45,32,13
afraid,45,23,22
disput,45,41,4
shape,45,38,7
becki,45,45,0
rlyc,45,0,45
bernard,45,41,4
societi,45,37,8
alto,45,45,0
movement,44,35,9
dial,44,28,16
charm,44,43,1
florida,44,31,13
sexual,44,6,38
voicemail,44,44,0
illustr,44,33,11
kmv,44,44,0
rpi,44,44,0
nalin,44,44,0
cabinet,44,41,3
zero,44,40,4
refus,44,27,17
payabl,44,40,4
cfm,44,36,8
ministri,44,23,21
stake,44,29,15
todd,44,43,1
theoret,44,44,0
coal,44,44,0
tremend,44,26,18
closer,44,39,5
calibr,44,44,0
lotu,44,43,1
criteria,44,37,7
ecommerc,44,43,1
fastow,44,44,0
edg,44,27,17
oooo,44,44,0
elig,44,33,11
sa,44,44,0
transform,44,39,5
authent,44,2,42
cplex,44,44,0
addresse,44,44,0
lobbi,43,43,0
hyatt,43,43,0
judgment,43,8,35
fairli,43,40,3
ftp,43,42,1
ege,43,43,0
breakfast,43,43,0
folder,43,36,7
arthur,43,42,1
derecskey,43,43,0
wil,43,13,30
halliburton,43,43,0
inconveni,43,21,22
van,43,39,4
jana,43,43,0
marquez,43,43,0
zhang,43,43,0
doubt,43,27,16
ilug,43,0,43
ratio,43,33,10
flat,43,33,10
dissert,43,42,1
amaz,43,10,33
bed,43,4,39
netscap,43,29,14
nearli,43,23,20
circul,43,21,22
wood,43,36,7
jeremi,42,41,1
behavior,42,40,2
sophi,42,41,1
comp,42,38,4
scheme,42,39,3
epsc,42,42,0
kitchen,42,40,2
andersen,42,41,1
poland,42,42,0
genethera,42,0,42
recogn,42,37,5
thinkgeek,42,0,42
forget,42,23,19
satellit,42,38,4
dissemin,42,28,14
vspc,42,0,42
loqo,42,0,42
merger,42,34,8
forgot,42,40,2
superior,42,28,14
alt,42,42,0
spamassassin,42,0,42
matur,42,28,14
tab,42,11,31
father,42,18,24
pattern,42,39,3
children,42,12,30
interpret,42,41,1
transcript,42,14,28
phil,41,41,0
dragon,41,2,39
drill,41,23,18
pertain,41,17,24
orient,41,38,3
stone,41,38,3
anybodi,41,23,18
referenc,41,32,9
mumford,41,41,0
kulatilaka,41,41,0
seller,41,34,7
somebodi,41,37,4
hector,41,41,0
steel,41,36,5
approx,41,38,3
patricia,41,41,0
distinct,41,10,31
quest,41,6,35
larger,41,26,15
hib,41,41,0
roundtabl,41,41,0
zadorozhni,41,41,0
thru,41,16,25
ave,41,9,32
emf,41,41,0
brows,41,7,34
exceed,41,21,20
grate,41,38,3
conting,41,40,1
island,41,31,10
rapidli,41,27,14
huntington,41,40,1
dougla,41,40,1
ram,41,38,3
death,41,7,34
rent,40,35,5
copper,40,40,0
anthoni,40,36,4
mexico,40,35,5
agricultur,40,35,5
trigeorgi,40,40,0
troubl,40,31,9
becam,40,28,12
exact,40,31,9
lou,40,39,1
erol,40,40,0
sub,40,31,9
wiii,40,0,40
leach,40,40,0
treatment,40,32,8
sean,40,40,0
televis,40,3,37
roman,40,40,0
jest,40,40,0
adam,40,35,5
sight,40,5,35
congest,40,39,1
paula,40,40,0
usernam,40,35,5
meantim,40,39,1
tail,40,39,1
beck,40,39,1
unsolicit,40,5,35
dispatch,40,35,5
bought,40,21,19
controversi,40,31,9
women,40,4,36
helyett,40,40,0
okay,40,39,1
cairn,40,40,0
reject,40,29,11
versu,40,40,0
struggl,40,11,29
lake,40,24,16
adopt,40,35,5
command,39,32,7
carl,39,35,4
deploy,39,38,1
counter,39,31,8
majordomo,39,39,0
mccarti,39,39,0
australian,39,38,1
mother,39,15,24
moodi,39,39,0
specul,39,19,20
underwrit,39,34,5
supervis,39,32,7
walter,39,39,0
await,39,30,9
alumni,39,26,13
wrap,39,30,9
reschedul,39,39,0
signal,39,28,11
riskcalc,39,39,0
concentr,39,33,6
commission,39,39,0
clay,39,39,0
transmit,39,33,6
adult,39,0,39
french,39,11,28
consumpt,39,29,10
nath,39,39,0
constraint,39,39,0
dream,39,9,30
coffe,39,37,2
franci,39,38,1
faster,39,20,19
mgmt,39,39,0
campo,38,38,0
archiv,38,32,6
ail,38,4,34
food,38,23,15
optic,38,35,3
speech,38,36,2
remedi,38,32,6
temperatur,38,38,0
patch,38,9,29
slightli,38,37,1
differenti,38,38,0
spur,38,6,32
poor,38,20,18
sport,38,10,28
anytim,38,19,19
ekrapel,38,38,0
mile,38,37,1
tooi,38,0,38
pdx,38,38,0
attl,38,38,0
began,38,31,7
mlm,38,4,34
drug,38,4,34
imposs,38,22,16
quilkey,38,38,0
meaning,38,36,2
feldman,38,38,0
jg,38,38,0
disclaim,38,7,31
protocol,38,33,5
leas,38,18,20
shoot,38,31,7
anim,38,4,34
represent,38,23,15
domest,38,30,8
lyn,38,38,0
regress,38,38,0
asia,38,26,12
mgusa,38,38,0
tawney,38,38,0
egf,38,38,0
spradlin,38,38,0
broad,38,33,5
goodpastur,37,37,0
cypru,37,36,1
reinsur,37,37,0
roch,37,35,2
dorothi,37,34,3
eventu,37,32,5
eye,37,15,22
prize,37,15,22
prescript,37,0,37
lo,37,20,17
kept,37,15,22
cst,37,37,0
aid,37,15,22
irvin,37,35,2
zone,37,11,26
suresh,37,37,0
mbd,37,37,0
atlanta,37,36,1
risktrac,37,37,0
aggress,37,23,14
gerri,37,37,0
rodrigo,37,37,0
rodney,37,36,1
dilig,37,20,17
repeat,37,33,4
powerpoint,37,34,3
radisson,37,36,1
lama,37,37,0
feng,37,37,0
loui,37,32,5
schole,37,37,0
gov,37,30,7
quantifi,37,37,0
jay,37,37,0
ioqo,37,0,37
hub,37,37,0
urg,36,14,22
yanni,36,36,0
haymarket,36,35,1
sierra,36,6,30
dincerl,36,36,0
reward,36,18,18
clarifi,36,36,0
convey,36,34,2
francisco,36,27,9
nomin,36,32,4
dorsey,36,36,0
catalog,36,14,22
zipter,36,36,0
earliest,36,32,4
iain,36,36,0
felt,36,31,5
halal,36,0,36
unlik,36,28,8
justifi,36,35,1
saw,36,30,6
takriti,36,36,0
patent,36,6,30
squar,36,25,11
spanish,36,9,27
pilot,36,33,3
despit,36,35,1
jen,36,34,2
reduct,36,25,11
referr,36,33,3
girl,36,5,31
summar,36,36,0
beauti,36,17,19
war,36,15,21
red,36,29,7
apart,36,30,6
inquir,36,33,3
minor,36,30,6
intens,36,31,5
regardless,36,24,12
fourth,36,35,1
listen,36,22,14
staf,36,33,3
equat,36,33,3
npng,36,36,0
gambl,35,13,22
strip,35,33,2
gentlemen,35,35,0
usd,35,13,22
zhendong,35,35,0
proper,35,22,13
templat,35,30,5
nyc,35,33,2
tag,35,11,24
collar,35,32,3
english,35,29,6
con,35,18,17
departur,35,35,0
shlpplng,35,0,35
forest,35,33,2
silver,35,29,6
petroleum,35,25,10
evolut,35,35,0
succeed,35,12,23
helo,35,0,35
acadia,35,0,35
realiti,35,22,13
damag,35,23,12
nyse,35,31,4
driven,35,26,9
pound,35,19,16
julian,35,35,0
paradigm,35,29,6
viewstori,35,35,0
depth,35,27,8
delainey,35,35,0
rough,35,35,0
prabhu,35,35,0
naphtha,35,35,0
diffus,35,32,3
ehronlin,35,35,0
pharmaceut,35,7,28
gorni,35,35,0
lowest,35,6,29
reli,35,24,11
rutger,35,35,0
sarah,35,33,2
wherebi,35,26,9
expans,35,25,10
traci,35,35,0
ciall,35,0,35
maruti,35,35,0
peopi,34,0,34
sophist,34,31,3
shane,34,32,2
castro,34,34,0
oniy,34,0,34
ton,34,14,20
oberg,34,34,0
bbl,34,34,0
valeria,34,34,0
instanc,34,24,10
embed,34,32,2
truck,34,29,5
carrier,34,26,8
driver,34,26,8
shrivastava,34,34,0
deep,34,28,6
youyi,34,34,0
warm,34,30,4
nine,34,23,11
ikenberri,34,34,0
verif,34,12,22
accompani,34,34,0
republican,34,34,0
setup,34,29,5
unix,34,29,5
equival,34,31,3
bright,34,31,3
louisiana,34,30,4
cruis,34,27,7
gpcm,34,34,0
sponsorship,34,24,10
inde,34,30,4
visibl,34,14,20
discoveri,34,11,23
heart,34,8,26
recoveri,34,33,1
proud,34,26,8
bullet,34,33,1
senat,34,31,3
brother,34,23,11
kelli,34,29,5
acceler,34,31,3
hunter,33,32,1
tlapek,33,33,0
koch,33,33,0
clarif,33,30,3
duke,33,33,0
repair,33,17,16
fastest,33,5,28
twenti,33,6,27
ronni,33,33,0
lim,33,30,3
stephani,33,33,0
txt,33,32,1
esaibo,33,33,0
feed,33,29,4
increment,33,33,0
rapid,33,26,7
terri,33,30,3
chen,33,32,1
fire,33,25,8
comm,33,26,7
refund,33,24,9
compil,33,24,9
annuiti,33,3,30
absenc,33,30,3
slow,33,30,3
rebecca,33,31,2
sampi,33,0,33
conclud,33,22,11
celebr,33,27,6
nie,33,33,0
husband,33,8,25
fat,33,22,11
thesi,33,33,0
kick,33,32,1
unauthor,33,25,8
gzo,33,0,33
percentag,33,20,13
riqht,33,0,33
wealth,33,6,27
banker,33,29,4
castillo,33,1,32
backup,33,14,19
convinc,33,25,8
durat,33,29,4
mitig,33,32,1
emerson,33,0,33
questionnair,32,31,1
routin,32,24,8
faiz,32,32,0
identif,32,10,22
vou,32,24,8
vain,32,0,32
gsb,32,32,0
postal,32,14,18
vari,32,21,11
serious,32,24,8
pioneer,32,12,20
ownership,32,17,15
bench,32,32,0
henderson,32,32,0
favour,32,28,4
penni,32,8,24
sep,32,31,1
wang,32,32,0
arm,32,18,14
peni,32,0,32
suspect,32,29,3
resend,32,32,0
iraq,32,28,4
principl,32,19,13
perfmgmt,32,32,0
tai,32,30,2
intra,32,32,0
claus,32,30,2
meal,32,31,1
thorn,32,32,0
incent,32,30,2
drink,32,28,4
bharati,32,32,0
complic,32,26,6
vera,32,32,0
peyton,32,32,0
marketinq,32,0,32
sai,32,9,23
gbp,32,32,0
payrol,32,21,11
meteorologist,32,32,0
born,32,22,10
diseas,32,2,30
listinfo,32,0,32
bouillion,32,32,0
palm,32,21,11
webmast,32,23,9
outag,32,32,0
eight,32,19,13
elsb,32,32,0
frequent,32,31,1
siam,32,32,0
context,32,28,4
sick,32,23,9
vita,31,28,3
barrett,31,29,2
blood,31,10,21
sherri,31,31,0
possess,31,18,13
kwi,31,31,0
loos,31,17,14
trigger,31,28,3
marvin,31,31,0
god,31,1,30
dyer,31,31,0
factual,31,4,27
commentari,31,7,24
reimburs,31,31,0
belief,31,6,25
iter,31,31,0
quantiti,31,23,8
franc,31,27,4
marti,31,31,0
delhi,31,29,2
vilasrao,31,31,0
pham,31,31,0
megawatt,31,31,0
disk,31,18,13
technoiogi,31,0,31
assembl,31,21,10
henri,31,29,2
bardzo,31,31,0
overdu,31,31,0
discreet,31,0,31
hey,31,21,10
obviou,31,26,5
arbitrag,31,31,0
inher,31,4,27
graham,31,30,1
push,31,27,4
dalla,31,24,7
datren,31,31,0
mehta,31,31,0
vladimir,31,31,0
placement,31,25,6
usag,31,16,15
riski,31,25,6
exclud,31,13,18
lawrenc,31,30,1
eva,31,30,1
turkey,31,28,3
grm,31,31,0
pledg,31,27,4
minim,31,19,12
meanwhil,31,27,4
discontinu,31,20,11
empir,31,27,4
michigan,31,29,2
lesson,31,19,12
semest,31,30,1
alia,31,0,31
lynn,31,29,2
gbm,31,31,0
visuai,31,0,31
fear,31,11,20
pat,31,30,1
overhead,31,29,2
geograph,31,29,2
erectil,31,0,31
aurora,31,31,0
publicli,31,18,13
toll,31,11,20
ciali,30,0,30
chain,30,15,15
melani,30,30,0
constru,30,2,28
bloomberg,30,27,3
conserv,30,24,6
timothi,30,30,0
dolor,30,30,0
roxxi,30,0,30
gene,30,25,5
nativ,30,0,30
signatur,30,22,8
panelist,30,30,0
esai,30,30,0
paleologo,30,30,0
adequ,30,29,1
builder,30,9,21
nbp,30,30,0
ongo,30,26,4
guangdong,30,0,30
biliana,30,30,0
billi,30,28,2
baker,30,28,2
exploratori,30,30,0
transpar,30,24,6
relay,30,9,21
easter,30,29,1
ian,30,26,4
miiiion,30,0,30
woman,30,0,30
painter,30,1,29
heaven,30,7,23
chines,30,4,26
pac,30,30,0
conoco,30,29,1
bind,30,21,9
precipit,30,30,0
wayn,30,28,2
lend,30,17,13
virus,30,19,11
festiv,30,30,0
nobodi,30,18,12
devot,30,24,6
kent,30,30,0
subsequ,30,23,7
meyer,30,29,1
gro,30,30,0
cold,30,27,3
eott,30,30,0
mmbtu,30,30,0
raw,30,12,18
enthusiast,30,30,0
border,30,26,4
headcount,30,30,0
poten,30,30,0
cum,30,4,26
attribut,30,30,0
icon,30,27,3
africa,30,2,28
mulong,30,30,0
juan,30,30,0
reuter,29,29,0
shen,29,29,0
caution,29,25,4
bidder,29,27,2
sanjay,29,29,0
realist,29,22,7
recollect,29,4,25
gmt,29,28,1
scientif,29,21,8
creditor,29,21,8
xiao,29,29,0
gappi,29,29,0
mostli,29,27,2
lauren,29,29,0
refresh,29,26,3
configur,29,24,5
dysfunct,29,0,29
miertschin,29,29,0
pure,29,23,6
reqard,29,0,29
mass,29,15,14
allan,29,29,0
mrha,29,29,0
nuclear,29,17,12
undergradu,29,26,3
auto,29,9,20
cordial,29,22,7
successful,29,2,27
acknowledg,29,22,7
contractu,29,27,2
massey,29,29,0
keen,29,28,1
idbi,29,29,0
suspend,29,8,21
shebl,29,29,0
cool,29,7,22
belong,29,19,10
nowlan,29,29,0
cultur,29,23,6
creation,29,24,5
recal,29,27,2
darden,29,29,0
nat,29,20,9
patel,29,29,0
hurrican,29,29,0
shell,29,27,2
penalti,29,27,2
layer,29,25,4
distanc,29,19,10
fallon,29,28,1
iogo,29,0,29
constant,29,18,11
airlin,29,23,6
wendi,29,28,1
smooth,29,24,5
hagelmann,29,29,0
jane,29,26,3
homeland,29,0,29
txu,29,29,0
ordin,29,28,1
emiss,29,29,0
simultan,29,26,3
appeal,29,24,5
forth,29,26,3
eneh,29,29,0
popul,29,14,15
ming,29,29,0
germani,29,24,5
encount,29,21,8
ppt,29,29,0
abus,29,8,21
fleme,29,29,0
grand,29,13,16
joke,28,1,27
cathi,28,28,0
govt,28,28,0
mission,28,22,6
bigger,28,14,14
christoph,28,27,1
danger,28,10,18
founder,28,18,10
foss,28,28,0
euro,28,6,22
nezi,28,28,0
eiement,28,0,28
paperwork,28,18,10
hea,28,28,0
iaf,28,28,0
eas,28,17,11
partial,28,23,5
qualif,28,24,4
errrectlon,28,0,28
valeri,28,26,2
bradley,28,28,0
seat,28,25,3
clark,28,26,2
resco,28,28,0
tonight,28,27,1
porn,28,1,27
expedit,28,11,17
retent,28,26,2
eronn,28,28,0
dash,28,25,3
coast,28,23,5
sogomonian,28,28,0
gwen,28,28,0
ibm,28,22,6
ruan,28,28,0
nepool,28,28,0
footer,28,24,4
diego,28,25,3
influenc,28,23,5
justif,28,27,1
loop,28,25,3
soma,28,27,1
seppi,28,28,0
nigeria,28,0,28
roger,28,26,2
forev,28,7,21
plain,28,18,10
jodi,28,12,16
score,28,23,5
spradl,28,28,0
xll,28,28,0
rab,28,28,0
deni,28,22,6
camera,28,1,27
keyword,28,12,16
quentin,28,28,0
mec,28,28,0
diversifi,28,2,26
smaller,28,21,7
leverag,28,20,8
alan,28,27,1
kid,28,6,22
flaw,28,26,2
evid,28,22,6
empow,27,24,3
variant,27,4,23
blame,27,25,2
up,27,17,10
merit,27,26,1
increasingli,27,25,2
wsrm,27,0,27
ppi,27,27,0
farm,27,14,13
fed,27,26,1
hannon,27,27,0
varianc,27,27,0
bug,27,25,2
circumst,27,21,6
paragraph,27,17,10
homesit,27,0,27
sleep,27,7,20
turnaround,27,1,26
rock,27,8,19
suffer,27,16,11
teresa,27,26,1
accomod,27,26,1
divers,27,21,6
laboratori,27,9,18
outcom,27,27,0
decad,27,20,7
mug,27,26,1
ford,27,21,6
chemic,27,16,11
teleconfer,27,27,0
curran,27,27,0
confidentiai,27,0,27
dreamweav,27,0,27
philip,27,23,4
linda,27,25,2
sooner,27,25,2
althea,27,27,0
forese,27,2,25
rose,27,25,2
patienc,27,18,9
reloc,27,24,3
xara,27,0,27
avistar,27,27,0
omit,27,10,17
mwh,27,27,0
stern,27,26,1
deem,27,14,13
toronto,27,26,1
citizen,27,7,20
riskwat,27,27,0
sea,27,17,10
uecker,27,27,0
spec,27,27,0
emphas,27,26,1
prlce,27,0,27
settl,27,22,5
pager,27,27,0
weathereffect,27,27,0
mccomb,27,27,0
illiquid,27,27,0
weak,27,24,3
mathwork,27,27,0
boy,27,7,20
framemak,27,0,27
seekercent,27,0,27
quickbook,27,0,27
reservoir,27,13,14
attn,27,12,15
quicken,27,0,27
koi,27,0,27
freight,27,24,3
channel,27,16,11
liz,26,26,0
drawn,26,13,13
willow,26,26,0
knew,26,15,11
palo,26,26,0
potentia,26,0,26
lane,26,25,1
cellular,26,23,3
film,26,3,23
desiqn,26,0,26
cow,26,10,16
formul,26,25,1
livelink,26,26,0
brackett,26,26,0
micro,26,6,20
bertil,26,26,0
brook,26,25,1
dmitri,26,26,0
ineffici,26,26,0
percel,26,26,0
par,26,24,2
shortag,26,24,2
homeown,26,0,26
penn,26,26,0
univ,26,26,0
stack,26,25,1
coach,26,11,15
cmiller,26,26,0
adapt,26,21,5
deviat,26,26,0
casari,26,26,0
woo,26,26,0
shi,26,18,8
fiona,26,26,0
pic,26,13,13
ziplip,26,26,0
somewhat,26,26,0
wast,26,16,10
rto,26,26,0
millionair,26,0,26
et,26,26,0
argu,26,26,0
lie,26,16,10
fin,26,26,0
accordingli,26,22,4
christin,26,22,4
bobbi,26,26,0
pink,26,2,24
beta,26,26,0
pana,26,26,0
lodg,26,23,3
owa,26,26,0
arfsten,26,26,0
freedom,26,3,23
conjunct,26,23,3
bother,26,20,6
wave,26,22,4
pacif,26,23,3
snapshot,26,25,1
decreas,26,21,5
embanet,26,26,0
length,25,15,10
regularli,25,21,4
straight,25,22,3
tholan,25,25,0
attack,25,11,14
necessarili,25,20,5
andrzej,25,25,0
brinq,25,0,25
defer,25,19,6
coat,25,17,8
energycast,25,25,0
coo,25,24,1
rom,25,2,23
rfc,25,24,1
bansal,25,25,0
meant,25,15,10
nowaday,25,1,24
fellow,25,16,9
gadd,25,25,0
boundari,25,18,7
retir,25,8,17
weldon,25,25,0
modular,25,2,23
carefui,25,0,25
yeow,25,25,0
agnihotri,25,25,0
viastar,25,0,25
vinobl,25,0,25
canon,25,22,3
gsia,25,25,0
stanley,25,22,3
argentina,25,24,1
relax,25,16,9
offset,25,23,2
vicki,25,23,2
iconfer,25,25,0
inn,25,25,0
intuit,25,19,6
rhythm,25,2,23
devic,25,15,10
furthermor,25,17,8
cdgt,25,0,25
shawn,25,25,0
mini,25,10,15
viaqra,25,0,25
characterist,25,23,2
punit,25,25,0
ryan,25,25,0
colorado,25,21,4
cycl,25,20,5
hopley,25,25,0
anti,25,12,13
surviv,25,15,10
menu,25,25,0
shorter,25,25,0
portal,25,21,4
canadian,25,20,5
lotteri,25,0,25
meteorolog,25,24,1
alison,25,25,0
cocoa,25,25,0
bailey,25,25,0
ran,25,24,1
bibi,25,25,0
warranti,25,1,24
kay,25,24,1
secondari,25,23,2
albert,25,24,1
verbal,24,24,0
doyl,24,23,1
miilion,24,0,24
catchi,24,0,24
crystal,24,18,6
fa,24,23,1
wefa,24,24,0
label,24,11,13
karin,24,23,1
passport,24,20,4
rosen,24,24,0
kill,24,13,11
maria,24,22,2
faith,24,11,13
asid,24,8,16
wilson,24,19,5
showcas,24,4,20
bldg,24,24,0
lifetim,24,1,23
conferenc,24,20,4
warwick,24,24,0
precis,24,13,11
mohan,24,24,0
loughridg,24,24,0
mumbai,24,22,2
toma,24,24,0
fiscal,24,21,3
cox,24,24,0
argument,24,23,1
spain,24,12,12
doubletre,24,24,0
bet,24,13,11
sept,24,23,1
bbb,24,10,14
unhappi,24,19,5
reprint,24,22,2
greatest,24,15,9
twice,24,18,6
casino,24,1,23
ejacul,24,0,24
romin,24,24,0
litig,24,6,18
shock,24,9,15
pace,24,21,3
ref,24,12,12
ostdiek,24,24,0
dow,24,14,10
swaption,24,24,0
elba,24,24,0
issuanc,24,24,0
telecom,24,16,8
scan,24,9,15
thereof,24,16,8
cargo,24,20,4
isp,24,10,14
intellectu,24,18,6
bar,24,17,7
supplement,24,20,4
stuart,24,24,0
harbor,24,8,16
gem,24,0,24
consensu,24,24,0
counti,24,11,13
thanx,24,23,1
properli,24,16,8
czi,24,24,0
blue,24,22,2
flash,24,13,11
ancillari,24,21,3
projector,24,23,1
cfo,24,24,0
raptor,24,24,0
abacu,24,24,0
angel,24,10,14
compound,24,20,4
rout,24,23,1
diagnost,24,3,21
martina,24,23,1
unusu,24,14,10
jere,24,24,0
emma,24,24,0
inciud,24,0,24
min,24,18,6
yana,24,23,1
subject,23,20,3
variat,23,16,7
wgo,23,23,0
occas,23,16,7
swli,23,22,1
incomplet,23,20,3
beach,23,14,9
polish,23,22,1
centuri,23,15,8
bundl,23,16,7
pill,23,0,23
surethat,23,0,23
calm,23,22,1
texaco,23,22,1
ballot,23,15,8
bay,23,19,4
mckinsey,23,23,0
exim,23,0,23
immigr,23,21,2
rdi,23,23,0
invis,23,0,23
batteri,23,4,19
overse,23,22,1
eei,23,23,0
schemat,23,23,0
spirit,23,16,7
dispos,23,11,12
overdyk,23,23,0
vanessa,23,14,9
remark,23,12,11
thereaft,23,16,7
hotat,23,0,23
fertil,23,4,19
pcx,23,23,0
parallel,23,20,3
contemporari,23,0,23
complimentari,23,7,16
smart,23,6,17
mcsherri,23,23,0
extraordinari,23,15,8
somewher,23,21,2
reiat,23,0,23
cartridg,23,5,18
counsel,23,19,4
diagram,23,23,0
ghosh,23,23,0
semi,23,20,3
footnot,23,23,0
node,23,23,0
moyez,23,23,0
newli,23,19,4
kingsley,23,23,0
praveen,23,23,0
videoconfer,23,23,0
revert,23,19,4
oxley,23,23,0
wolak,23,23,0
convini,23,0,23
stem,23,22,1
oak,23,19,4
letsyou,23,0,23
anymor,23,13,10
salmon,23,23,0
trademark,23,2,21
ding,23,23,0
gdvi,23,0,23
mode,23,16,7
chariti,23,5,18
row,23,19,4
newspap,23,16,7
promptli,23,17,6
blachman,23,23,0
satisfactori,23,22,1
reveal,23,7,16
regret,23,17,6
hebert,23,23,0
valnek,23,23,0
ride,23,17,6
ladi,23,18,5
evt,23,23,0
jonathan,23,18,5
chahal,23,23,0
rush,23,19,4
cornel,23,21,2
legislatur,23,23,0
racicot,23,23,0
formerli,23,22,1
reliant,23,23,0
democrat,22,12,10
cheryl,22,22,0
endlogo,22,0,22
mount,22,19,3
calgari,22,20,2
tokyo,22,20,2
drgv,22,0,22
sddp,22,22,0
rtp,22,22,0
arnold,22,22,0
shdh,22,22,0
massiv,22,4,18
postmast,22,19,3
visualident,22,0,22
roster,22,21,1
goldman,22,22,0
bcf,22,13,9
nyu,22,22,0
ward,22,22,0
tend,22,22,0
lb,22,14,8
literatur,22,20,2
forthcom,22,22,0
substitut,22,20,2
sat,22,19,3
fdiebold,22,22,0
theresa,22,21,1
perlman,22,22,0
cabl,22,14,8
sue,22,20,2
debug,22,22,0
aerofoam,22,0,22
distil,22,22,0
benjamin,22,22,0
miliion,22,0,22
plug,22,21,1
illinoi,22,15,7
carolina,22,13,9
furnish,22,10,12
checkour,22,0,22
flag,22,11,11
amadeu,22,22,0
nigel,22,22,0
mannheim,22,22,0
warrant,22,12,10
frustrat,22,14,8
conrad,22,22,0
psycholog,22,20,2
filter,22,8,14
burden,22,21,1
humphrey,22,22,0
warehous,22,9,13
enorm,22,11,11
revolutionari,22,4,18
baton,22,22,0
randal,22,22,0
luci,22,22,0
nugget,22,19,3
mad,22,4,18
inexpens,22,4,18
hazard,22,8,14
benefici,22,15,7
peer,22,21,1
econometr,22,22,0
amit,22,22,0
admin,22,17,5
werner,22,22,0
translat,22,16,6
edt,22,9,13
riskmetr,22,22,0
corey,22,21,1
evolv,22,21,1
shot,22,7,15
layla,22,22,0
bowen,22,22,0
steff,22,22,0
lisa,22,20,2
allegheni,22,22,0
chosen,22,18,4
vittal,22,22,0
solid,21,16,5
lasal,21,0,21
vega,21,11,10
yuan,21,20,1
gpg,21,21,0
disconnect,21,18,3
apodaca,21,21,0
cbyi,21,0,21
fusion,21,16,5
pet,21,4,17
merril,21,17,4
bound,21,13,8
jingm,21,21,0
child,21,4,17
exl,21,21,0
prosper,21,12,9
conf,21,18,3
de,21,7,14
charli,21,21,0
mountain,21,13,8
linear,21,21,0
idg,21,21,0
aeopublish,21,0,21
geek,21,0,21
sentenc,21,21,0
vika,21,21,0
ise,21,9,12
denver,21,15,6
ipp,21,21,0
jak,21,21,0
jet,21,13,8
thompson,21,19,2
ecth,21,21,0
arbitr,21,21,0
interrupt,21,12,9
admit,21,18,3
medium,21,11,10
everyday,21,10,11
accumul,21,11,10
singh,21,21,0
honest,21,11,10
climat,21,21,0
alexand,21,19,2
wireless,21,3,18
incumb,21,20,1
bonus,21,7,14
schwartz,21,21,0
instantli,21,1,20
cliff,21,21,0
plastic,21,13,8
joann,21,21,0
gradi,21,21,0
reiter,21,21,0
russian,21,16,5
dietrich,21,21,0
plenti,21,16,5
dynegi,21,21,0
melissa,21,21,0
tough,21,18,3
hair,21,3,18
bulletin,21,12,9
fedex,21,18,3
shannon,21,19,2
wangfa,21,21,0
diet,21,0,21
genuin,21,13,8
instructor,21,21,0
sud,21,21,0
cinergi,21,21,0
heartwarm,21,0,21
pocket,21,8,13
accid,21,3,18
random,21,19,2
earth,21,10,11
barkley,21,21,0
ceraweek,21,21,0
tang,21,21,0
carn,21,21,0
eprofil,21,21,0
stamer,21,21,0
blvd,21,18,3
gilli,21,21,0
la,21,9,12
insead,21,21,0
presto,21,21,0
stabil,21,15,6
classic,21,10,11
begun,21,14,7
momentum,21,7,14
duplic,21,14,7
besid,21,15,6
latin,21,21,0
vanderbilt,21,21,0
envelop,21,6,15
insurancemail,21,0,21
taught,21,15,6
wolf,21,16,5
prosz,21,21,0
modern,21,16,5
radio,21,5,16
exempt,21,21,0
thorough,20,10,10
followup,20,20,0
roug,20,20,0
feerick,20,20,0
catastroph,20,19,1
kilgor,20,20,0
sperm,20,0,20
recov,20,16,4
skew,20,20,0
harder,20,11,9
temporarili,20,14,6
wholli,20,7,13
dauphin,20,20,0
portabl,20,3,17
sfa,20,20,0
thirti,20,8,12
rtfm,20,20,0
strengthen,20,17,3
moder,20,15,5
northern,20,17,3
tara,20,20,0
labb,20,20,0
au,20,20,0
german,20,6,14
disc,20,10,10
dian,20,18,2
intercept,20,20,0
maac,20,20,0
butler,20,20,0
wichai,20,20,0
surround,20,19,1
beat,20,7,13
ucla,20,20,0
advers,20,11,9
omar,20,20,0
feasibl,20,18,2
shakeout,20,20,0
preprint,20,20,0
alamo,20,20,0
gross,20,16,4
compaq,20,18,2
peggi,20,20,0
systemat,20,15,5
barrier,20,17,3
giancola,20,20,0
interim,20,20,0
vladi,20,20,0
weil,20,5,15
mario,20,20,0
tight,20,14,6
mansfield,20,4,16
srivastav,20,20,0
reportedli,20,20,0
coe,20,20,0
lehman,20,20,0
bogdan,20,20,0
remaind,20,20,0
raul,20,20,0
incur,20,10,10
hydro,20,20,0
spell,20,17,3
mou,20,19,1
soar,20,10,10
sutton,20,20,0
benevid,20,20,0
popt,20,0,20
expenditur,20,16,4
proof,20,7,13
nichola,20,20,0
plane,20,14,6
jabber,20,0,20
wscc,20,20,0
hong,20,10,10
dead,20,4,16
grown,20,11,9
violat,20,15,5
crew,20,17,3
ggt,20,0,20
architectur,20,17,3
telecommun,20,9,11
pamela,20,20,0
fujita,20,20,0
atlant,20,18,2
ook,20,0,20
frevert,20,20,0
brainstorm,20,18,2
stabl,20,14,6
converg,20,20,0
residu,20,17,3
haa,20,20,0
crack,20,19,1
shuttl,20,20,0
hidden,19,3,16
explos,19,8,11
pen,19,19,0
presum,19,14,5
classroom,19,6,13
notion,19,19,0
mcconnel,19,19,0
riskpubl,19,19,0
rita,19,19,0
nanc,19,19,0
licenc,19,16,3
iif,19,19,0
mr,19,1,18
waiv,19,18,1
goliv,19,0,19
ramona,19,19,0
materia,19,0,19
leg,19,16,3
certifi,19,13,6
fare,19,16,3
lessar,19,19,0
prefac,19,19,0
exe,19,19,0
recognit,19,13,6
interpol,19,19,0
farmer,19,7,12
intrigu,19,14,5
nevil,19,19,0
harsh,19,11,8
babi,19,11,8
endeavor,19,15,4
sloan,19,18,1
fifti,19,2,17
outsourc,19,13,6
header,19,3,16
burner,19,5,14
jia,19,19,0
therein,19,2,17
disposit,19,16,3
whitak,19,19,0
sensor,19,1,18
accessori,19,0,19
declar,19,9,10
feet,19,2,17
siva,19,19,0
smoothli,19,18,1
trace,19,7,12
stronger,19,10,9
rearrang,19,19,0
locust,19,18,1
elliott,19,18,1
cummin,19,19,0
vincejkaminski,19,19,0
gulf,19,17,2
abroad,19,6,13
hari,19,19,0
constantli,19,18,1
irish,19,0,19
complaint,19,18,1
polska,19,19,0
cefer,19,19,0
provinc,19,1,18
compris,19,18,1
to,19,19,0
mitchel,19,11,8
simou,19,19,0
embarrass,19,13,6
johnston,19,19,0
king,19,7,12
vital,19,11,8
que,19,2,17
lucki,19,4,15
felix,19,18,1
nanci,19,17,2
contributeto,19,0,19
summit,19,16,3
council,19,18,1
wpd,19,19,0
giant,19,14,5
slava,19,19,0
certif,19,12,7
wel,19,0,19
nsf,19,19,0
testimoni,19,6,13
dog,19,13,6
exampi,19,0,19
civil,19,3,16
listserv,19,19,0
gil,19,19,0
vinay,19,19,0
requestor,19,19,0
lallani,19,19,0
bloomer,19,19,0
alter,19,6,13
leann,19,19,0
angelika,19,19,0
terman,19,19,0
tune,19,13,6
oversea,19,10,9
luigic,19,19,0
mallik,19,19,0
signup,19,1,18
processor,19,18,1
inclus,19,16,3
snack,19,18,1
skinner,19,19,0
importantli,19,15,4
junior,19,17,2
krausz,19,19,0
bnppariba,19,19,0
navig,19,14,5
venu,19,19,0
explan,19,16,3
fantast,19,5,14
truste,19,18,1
glass,19,13,6
beneficiari,19,2,17
tzamourani,19,19,0
churn,19,19,0
kara,19,19,0
diamond,19,11,8
seksan,19,19,0
hang,19,12,7
josey,19,19,0
harvey,19,19,0
proposit,19,10,9
jurisdict,19,14,5
republ,18,3,15
darren,18,17,1
swbell,18,18,0
oxford,18,17,1
chaney,18,18,0
mhz,18,17,1
castaneda,18,18,0
subsidari,18,18,0
erect,18,0,18
paig,18,17,1
kirkpatrick,18,18,0
northeast,18,18,0
pllu,18,18,0
elsewher,18,15,3
buffett,18,0,18
listmast,18,0,18
restor,18,8,10
rejtman,18,18,0
iot,18,0,18
waterloo,18,18,0
upstream,18,18,0
fred,18,16,2
evan,18,17,1
kallipoleo,18,18,0
justic,18,14,4
nww,18,18,0
compat,18,11,7
meg,18,15,3
latter,18,18,0
distinguish,18,15,3
bland,18,18,0
columbia,18,16,2
commenc,18,11,7
clearanc,18,12,6
fatal,18,1,17
kabila,18,0,18
sacramento,18,18,0
dengi,18,18,0
brenda,18,17,1
casual,18,18,0
doe,18,18,0
deliver,18,18,0
branch,18,5,13
chapman,18,17,1
cpi,18,9,9
brilliant,18,15,3
dont,18,11,7
pan,18,17,1
slap,18,18,0
nicosia,18,18,0
trinomi,18,18,0
rollov,18,17,1
bristow,18,18,0
pain,18,7,11
jin,18,18,0
vast,18,9,9
desleigh,18,18,0
stat,18,16,2
ct,18,10,8
eurold,18,18,0
fargo,18,8,10
westbrook,18,18,0
nurit,18,18,0
secondli,18,14,4
vike,18,0,18
eel,18,17,1
hunt,18,18,0
thoroughli,18,18,0
equilibrium,18,18,0
scrap,18,18,0
neutral,18,15,3
whoever,18,17,1
trash,18,17,1
militari,18,13,5
dalton,18,18,0
financewis,18,18,0
lift,18,7,11
intrins,18,18,0
horizon,18,16,2
alberta,18,6,12
spark,18,17,1
retriev,18,11,7
salv,18,18,0
lebroc,18,18,0
reg,18,6,12
lara,18,18,0
raghavan,18,18,0
credibl,18,12,6
amateur,18,0,18
ainsley,18,18,0
janet,18,18,0
gateway,18,15,3
penetr,18,3,15
joel,18,17,1
friendli,18,10,8
holder,18,10,8
hillh,18,18,0
knight,18,17,1
bucket,18,16,2
degiacinto,18,18,0
exp,18,7,11
awesom,18,1,17
epri,18,18,0
forgotten,18,15,3
pti,18,18,0
garcia,18,18,0
truth,17,4,13
kerr,17,17,0
prototyp,17,14,3
biographi,17,17,0
underway,17,17,0
imaq,17,0,17
stimul,17,13,4
tutori,17,15,2
optimis,17,16,1
resign,17,16,1
globe,17,13,4
molecular,17,5,12
homestead,17,16,1
fuer,17,16,1
erm,17,17,0
sho,17,0,17
mellacheruvu,17,17,0
italian,17,13,4
newpow,17,17,0
do,17,16,1
worthwhil,17,14,3
district,17,12,5
sql,17,12,5
roy,17,15,2
fraud,17,1,16
patalganga,17,17,0
wise,17,5,12
virginia,17,8,9
pc,17,15,2
insert,17,10,7
bow,17,14,3
compiet,17,0,17
labor,17,14,3
oatt,17,17,0
forb,17,14,3
gotten,17,13,4
batch,17,2,15
kristi,17,16,1
seismic,17,14,3
exhibit,17,13,4
cgi,17,5,12
warner,17,16,1
weigh,17,16,1
beiiev,17,0,17
hitch,17,13,4
align,17,16,1
habit,17,7,10
fight,17,10,7
boland,17,16,1
kit,17,2,15
dhabol,17,17,0
relief,17,11,6
brazil,17,17,0
theodor,17,17,0
itali,17,12,5
webslt,17,0,17
danni,17,16,1
espeak,17,17,0
postcard,17,0,17
weatherdelta,17,17,0
boom,17,5,12
philosophi,17,14,3
cancer,17,0,17
interv,17,15,2
hb,17,17,0
admir,17,14,3
belden,17,17,0
defens,17,7,10
nazareth,17,17,0
compromis,17,11,6
deepa,17,17,0
yaron,17,17,0
marku,17,17,0
verg,17,0,17
tribolet,17,17,0
fii,17,0,17
unavail,17,14,3
rogroup,17,17,0
arena,17,16,1
british,17,7,10
hike,17,17,0
ginger,17,17,0
trillion,17,7,10
inter,17,14,3
owen,17,17,0
mcgowan,17,16,1
tier,17,16,1
pharmaci,17,0,17
sergeev,17,17,0
hospit,17,15,2
ale,17,17,0
del,17,9,8
melli,17,17,0
tricoli,17,17,0
jie,17,17,0
hayden,17,17,0
stoc,17,0,17
xia,17,17,0
hectic,17,17,0
appendix,17,17,0
wesley,17,17,0
aircraft,17,13,4
apex,17,17,0
tow,17,16,1
resuit,17,0,17
patti,17,17,0
joao,17,17,0
mandatori,17,14,3
opposit,17,14,3
renshi,17,17,0
efa,17,17,0
demianenko,17,17,0
op,17,16,1
municip,17,13,4
seal,17,14,3
dozen,17,13,4
wit,17,5,12
echol,17,17,0
household,17,16,1
ut,17,17,0
cba,17,17,0
reput,17,8,9
bonni,17,17,0
mitra,17,17,0
ippm,17,17,0
upsid,17,9,8
bless,17,4,13
iastat,17,17,0
mepr,17,17,0
upward,17,10,7
viru,17,12,5
sycamor,17,17,0
rawal,17,17,0
toshiba,17,14,3
toner,17,5,12
disciplin,17,14,3
kalotay,17,17,0
bankrupt,17,14,3
nasa,17,1,16
koenig,17,17,0
downstream,17,17,0
twelv,17,3,14
rosalinda,17,17,0
marg,17,17,0
phoenix,17,2,15
judith,17,16,1
proxi,16,11,5
azminab,16,16,0
pani,16,16,0
riskcar,16,16,0
enemi,16,1,15
entrepreneurship,16,16,0
narrow,16,16,0
hugh,16,13,3
jerri,16,15,1
crucial,16,15,1
nahou,16,16,0
utilis,16,16,0
hennessi,16,16,0
urgenc,16,11,5
dri,16,9,7
kong,16,6,10
mislead,16,3,13
mtg,16,14,2
herebi,16,14,2
shive,16,16,0
lat,16,7,9
buiider,16,0,16
yeager,16,16,0
aga,16,16,0
neural,16,15,1
ieader,16,0,16
knudsen,16,16,0
lounghrid,16,16,0
yho,16,16,0
crash,16,2,14
uhc,16,16,0
threaten,16,11,5
phelim,16,16,0
pois,16,1,15
mozilla,16,16,0
elc,16,16,0
karthik,16,16,0
kleindorf,16,16,0
courtesi,16,14,2
cat,16,9,7
gentleman,16,16,0
moreov,16,12,4
upset,16,12,4
absorb,16,15,1
plc,16,9,7
excus,16,15,1
exactiy,16,0,16
vacant,16,16,0
manageri,16,15,1
editori,16,16,0
breckenridg,16,16,0
invite,16,16,0
chose,16,15,1
refinanc,16,0,16
retroact,16,16,0
broken,16,11,5
ramesh,16,16,0
steinberg,16,16,0
shout,16,15,1
pagemak,16,1,15
tomczyk,16,16,0
grad,16,16,0
pursuant,16,13,3
orderinq,16,0,16
rachel,16,16,0
disburs,16,8,8
fiber,16,13,3
nordic,16,16,0
golden,16,11,5
cob,16,16,0
experiment,16,15,1
janel,16,15,1
weigelt,16,16,0
ascii,16,15,1
transarea,16,16,0
disappear,16,8,8
woodland,16,16,0
hilton,16,15,1
honour,16,14,2
ontario,16,12,4
enlarg,16,3,13
sofya,16,16,0
concurr,16,16,0
shortfal,16,16,0
levitt,16,16,0
teknecon,16,16,0
hr,16,9,7
boyl,16,16,0
battl,16,9,7
roku,16,16,0
sharehoid,16,0,16
singapor,16,16,0
gillian,16,16,0
calpin,16,16,0
http,16,13,3
qian,16,16,0
brain,16,7,9
teacher,16,12,4
logic,16,12,4
drama,16,1,15
willing,16,15,1
tock,16,0,16
bci,16,0,16
perkin,16,16,0
shouid,16,0,16
pathstar,16,16,0
robust,16,15,1
favorit,16,8,8
optout,16,0,16
resel,16,5,11
ipo,16,15,1
classifi,16,1,15
tcp,16,16,0
rumor,16,8,8
african,16,3,13
cooi,16,0,16
iab,16,16,0
aof,16,0,16
lynch,16,13,3
bailout,16,14,2
rajnish,16,16,0
stakehold,16,16,0
multimedia,16,8,8
jgsm,16,16,0
dll,16,16,0
sanction,16,16,0
rgd,16,16,0
attain,16,6,10
katherin,16,16,0
entouch,16,16,0
notat,16,15,1
hop,16,1,15
julia,16,16,0
mover,16,6,10
webi,16,16,0
pstemari,16,16,0
tout,16,14,2
uid,16,0,16
scovil,16,16,0
khairuddin,15,15,0
cast,15,8,7
river,15,12,3
muscl,15,0,15
scientist,15,10,5
medicin,15,1,14
impos,15,14,1
discret,15,12,3
clickpap,15,15,0
introductori,15,13,2
derek,15,15,0
mitsubishi,15,11,4
stolen,15,14,1
necess,15,7,8
iraqi,15,14,1
bbo,15,15,0
bangalor,15,15,0
medz,15,0,15
victor,15,14,1
ulead,15,0,15
piac,15,0,15
disast,15,5,10
ciss,15,0,15
fulfil,15,11,4
iist,15,0,15
cynthia,15,15,0
publishinq,15,0,15
eat,15,10,5
smoke,15,4,11
oretech,15,0,15
mimesweep,15,15,0
congrat,15,14,1
shikhar,15,15,0
disrespect,15,14,1
sin,15,6,9
shelbi,15,15,0
burst,15,2,13
bean,15,15,0
aaa,15,15,0
iron,15,12,3
workstat,15,15,0
reorgan,15,15,0
jeanett,15,15,0
miami,15,1,14
smallest,15,8,7
vp,15,15,0
statloneri,15,0,15
rare,15,8,7
kristal,15,15,0
olsson,15,15,0
sheryl,15,15,0
swamp,15,15,0
rider,15,2,13
sera,15,14,1
domin,15,9,6
enpow,15,15,0
regenc,15,15,0
timesheet,15,15,0
enl,15,15,0
spous,15,10,5
foot,15,6,9
charact,15,7,8
gort,15,15,0
character,15,15,0
erik,15,13,2
sovereign,15,15,0
patient,15,8,7
dataset,15,15,0
inbox,15,5,10
cwtd,15,0,15
roughli,15,15,0
headquart,15,8,7
ot,15,15,0
concur,15,15,0
oversight,15,15,0
cpm,15,9,6
blow,15,7,8
disabl,15,8,7
advantaq,15,0,15
ssc,15,15,0
vi,15,12,3
leap,15,11,4
macminn,15,15,0
inabl,15,13,2
davidson,15,15,0
residenti,15,15,0
caught,15,8,7
fifth,15,12,3
mahoney,15,15,0
malina,15,15,0
petti,15,11,4
masayuki,15,15,0
swept,15,15,0
kholodnyi,15,15,0
pge,15,15,0
dorn,15,15,0
attitud,15,14,1
mere,15,7,8
perfectli,15,12,3
dual,15,14,1
lal,15,15,0
fork,15,1,14
dress,15,13,2
aluminium,15,15,0
radar,15,6,9
gardner,15,12,3
puc,15,15,0
bia,15,6,9
deutsch,15,15,0
stylish,15,0,15
sigma,15,15,0
ferrel,15,15,0
lag,15,12,3
narongwanich,15,15,0
aimon,15,15,0
exec,15,15,0
torr,15,0,15
leland,15,15,0
diploma,15,7,8
dick,15,14,1
disregard,15,10,5
carolyn,15,15,0
destin,15,8,7
technician,15,11,4
shipment,15,12,3
tuition,15,12,3
greek,15,14,1
mainli,15,15,0
exploit,15,14,1
gabriel,15,15,0
mnie,15,15,0
passiv,15,15,0
contin,15,14,1
pdo,15,15,0
consortium,15,12,3
bore,15,7,8
reed,15,15,0
broader,15,14,1
coral,15,10,5
blend,15,8,7
ration,15,15,0
distributor,15,1,14
knirel,15,15,0
merri,15,15,0
manipul,15,15,0
payout,15,8,7
peac,15,6,9
jlpnymex,15,15,0
hejka,15,15,0
jpg,15,15,0
withdraw,15,8,7
cure,15,8,7
therebi,15,14,1
seb,15,15,0
thermal,15,13,2
