,frequency,frequency_ham,frequency_spam
deal,3655,3549,106
pleas,3243,2737,506
ga,3034,2861,173
meter,2721,2718,3
thank,2304,2125,179
need,2081,1730,351
daren,1901,1901,0
forward,1832,1608,224
price,1813,1081,732
corp,1776,1710,66
volum,1691,1668,23
know,1618,1458,160
day,1549,1292,257
new,1435,1003,432
compani,1429,511,918
mmbtu,1408,1408,0
product,1403,940,463
may,1382,961,421
chang,1354,1242,112
inform,1297,740,557
see,1228,1033,195
attach,1195,1169,26
let,1186,1104,82
nom,1186,1185,1
contract,1182,1129,53
time,1169,720,449
farmer,1156,1139,17
month,1098,937,161
messag,1069,752,317
nomin,1035,1016,19
mail,1023,709,314
xl,1020,1020,0
call,1006,830,176
sale,994,766,228
one,988,583,405
follow,971,853,118
flow,970,944,26
use,950,565,385
juli,921,897,24
question,916,873,43
robert,904,891,13
email,896,383,513
sitara,861,861,0
ticket,854,831,23
want,845,580,265
file,834,747,87
look,830,460,370
texa,827,796,31
servic,812,510,302
energi,807,664,143
work,800,538,262
manag,798,637,161
report,788,475,313
list,783,573,210
number,776,548,228
sent,774,637,137
pec,752,752,0
ena,732,732,0
purchas,716,639,77
bob,710,706,4
actual,706,636,70
make,693,444,249
contact,683,414,269
order,681,413,268
receiv,676,472,204
market,673,377,296
origin,671,605,66
net,667,446,221
busi,663,362,301
take,649,424,225
system,637,432,205
back,616,453,163
effect,615,498,117
provid,606,343,263
schedul,604,594,10
account,593,343,250
avail,591,341,250
daili,586,563,23
help,586,454,132
secur,585,86,499
statement,584,87,497
per,578,455,123
includ,578,309,269
alloc,571,567,4
well,571,434,137
request,567,488,79
mari,565,553,12
gari,564,561,3
current,561,419,142
march,549,515,34
deliveri,547,498,49
stock,547,80,467
offer,542,176,366
trade,539,368,171
transport,532,511,21
offic,531,271,260
april,528,512,16
issu,528,478,50
invest,525,52,473
today,525,312,213
first,523,363,160
oper,523,359,164
week,519,377,142
rate,518,364,154
font,517,2,515
inc,517,249,268
free,516,202,314
set,516,430,86
year,513,304,209
plant,511,493,18
line,504,294,210
show,498,409,89
base,496,317,179
custom,492,304,188
name,489,340,149
addit,488,395,93
activ,477,417,60
creat,474,415,59
click,464,203,261
date,462,365,97
process,462,331,131
melissa,462,462,0
meet,460,395,65
agreement,459,398,61
revis,459,451,8
houston,456,449,7
send,455,301,154
fuel,454,443,11
group,453,346,107
vanc,446,444,2
teco,444,444,0
oil,441,292,149
ami,436,429,7
point,435,385,50
last,433,290,143
within,431,118,313
tenaska,431,431,0
june,427,406,21
america,426,356,70
next,424,296,128
expect,422,172,250
think,420,355,65
januari,419,356,63
nbsp,418,0,418
georg,417,406,11
north,414,361,53
note,408,317,91
address,403,220,183
confirm,402,329,73
enter,400,327,73
smith,399,390,9
pat,398,398,0
term,398,258,140
total,392,305,87
two,391,264,127
path,391,390,1
less,391,290,101
updat,390,329,61
start,389,271,118
regard,386,255,131
save,384,108,276
desk,383,368,15
phone,382,240,142
plan,381,299,82
pipelin,380,377,3
give,380,261,119
come,379,254,125
complet,378,243,135
jacki,377,375,2
continu,373,252,121
check,372,266,106
best,370,116,254
due,368,255,113
height,365,2,363
high,364,176,188
develop,364,205,159
fax,362,253,109
mark,362,338,24
made,358,208,150
find,358,228,130
link,357,135,222
aime,357,357,0
place,357,245,112
pill,357,0,357
problem,356,281,75
money,356,60,296
special,353,123,230
onlin,353,95,258
tri,352,225,127
project,350,131,219
gener,349,152,197
lisa,349,348,1
hour,347,194,153
estim,346,245,101
transact,346,271,75
tap,345,343,2
size,344,16,328
requir,343,187,156
michael,343,329,14
team,341,293,48
david,339,333,6
review,338,246,92
octob,338,331,7
friday,338,307,31
state,336,181,155
susan,336,335,1
futur,334,104,230
august,332,318,14
hsc,330,330,0
end,330,263,67
remov,329,60,269
pay,329,210,119
move,326,220,106
interest,326,152,174
home,323,169,154
cotten,321,321,0
buy,319,178,141
john,319,302,17
person,317,203,114
util,316,297,19
taylor,315,313,2
discuss,313,259,54
increas,313,174,139
counterparti,313,313,0
megan,312,310,2
mani,311,100,211
differ,311,181,130
invoic,310,308,2
resourc,310,273,37
internet,310,115,195
peopl,310,185,125
steve,309,308,1
chokshi,308,308,0
correct,307,293,14
width,307,1,306
sure,307,268,39
posit,307,169,138
industri,306,179,127
unit,306,194,112
copi,305,196,109
fee,305,273,32
result,305,72,233
good,305,177,128
still,305,240,65
risk,305,132,173
septemb,305,287,18
suppli,301,258,43
tom,301,294,7
right,300,171,129
duke,299,295,4
intern,298,82,216
fyi,298,298,0
perform,295,132,163
site,294,104,190
said,294,170,124
info,294,105,189
keep,293,208,85
go,292,214,78
decemb,292,278,14
hplc,292,292,0
novemb,291,280,11
cost,290,168,122
feb,290,271,19
global,289,238,51
control,289,194,95
believ,288,132,156
wellhead,287,287,0
detail,287,152,135
without,286,92,194
spot,286,273,13
extend,285,246,39
monday,285,256,29
support,285,207,78
februari,284,275,9
center,283,131,152
ship,278,91,187
way,278,172,106
put,277,228,49
possibl,277,217,60
corpor,277,178,99
clyne,276,276,0
ask,275,224,51
access,274,196,78
window,274,51,223
grave,273,267,6
eastran,273,273,0
million,273,48,225
respons,273,231,42
sell,272,167,105
visit,270,106,164
lloyd,270,269,1
natur,269,190,79
even,269,138,131
news,265,41,224
share,265,60,205
brian,265,259,6
jan,265,233,32
unifi,263,262,1
employe,263,251,12
begin,262,215,47
power,261,148,113
aol,260,253,7
advis,260,180,80
young,259,214,45
softwar,258,41,217
data,257,197,60
book,256,207,49
limit,255,128,127
commun,254,161,93
produc,252,186,66
repli,252,80,172
demand,252,220,32
past,251,81,170
lee,250,247,3
locat,249,187,62
mobil,249,141,108
bill,248,186,62
align,248,14,234
abl,247,194,53
parti,245,136,109
must,243,151,92
form,243,165,78
great,243,132,111
computron,242,0,242
world,240,52,188
section,240,85,155
program,240,113,127
everi,239,125,114
thursday,238,222,16
part,237,129,108
much,237,132,105
act,237,31,206
txu,235,235,0
approv,234,139,95
agre,234,202,32
record,234,166,68
stop,233,66,167
done,231,204,27
meyer,231,230,1
prior,229,161,68
technolog,229,42,187
option,228,171,57
get,228,158,70
howard,227,225,2
microsoft,226,19,207
gather,226,197,29
long,226,101,125
jame,225,214,11
hank,225,221,4
face,224,22,202
hplno,224,224,0
notic,223,126,97
say,222,118,104
zero,222,202,20
read,222,109,113
final,222,167,55
thing,222,134,88
rita,222,222,0
lannou,221,221,0
dec,219,194,25
via,219,110,109
web,219,128,91
tuesday,218,200,18
dollar,218,61,157
field,218,182,36
feel,216,119,97
assist,216,140,76
profession,215,21,194
handl,215,200,15
type,214,143,71
financi,213,124,89
understand,212,152,60
applic,212,122,90
color,212,5,207
charg,211,138,73
releas,211,95,116
talk,210,164,46
direct,209,137,72
period,209,194,15
deliv,208,149,59
someon,207,167,40
track,207,168,39
pop,206,180,26
thru,206,200,6
content,206,79,127
error,206,148,58
featur,205,54,151
user,202,127,75
mike,201,197,4
fact,201,46,155
soon,201,158,43
doc,201,195,6
firm,201,178,23
border,200,4,196
add,200,149,51
low,200,46,154
hope,200,156,44
import,199,133,66
buyback,199,199,0
pef,198,198,0
enronxg,197,197,0
paid,197,129,68
close,197,139,58
spreadsheet,196,196,0
wynn,196,194,2
weissman,196,196,0
cec,195,195,0
pipe,195,191,4
allen,195,188,7
cover,195,165,30
katherin,195,194,1
gc,195,195,0
camp,194,191,3
indic,194,98,96
index,194,85,109
anyth,193,169,24
event,192,50,142
caus,192,93,99
public,191,49,142
payment,191,131,60
either,191,159,32
carlo,191,190,1
jone,191,177,14
anoth,191,149,42
page,190,141,49
href,190,0,190
hplo,190,190,0
regist,190,73,117
select,189,112,77
famili,188,62,126
valid,188,168,20
relat,188,128,60
logist,188,184,4
thu,187,165,22
mean,187,79,108
advic,186,26,160
letter,186,122,64
intend,186,105,81
sourc,186,40,146
explor,185,112,73
concern,185,139,46
allow,185,133,52
medic,185,11,174
william,185,178,7
reflect,185,178,7
iferc,185,185,0
viagra,184,0,184
except,184,169,15
run,184,131,53
three,184,116,68
materi,183,36,147
present,182,108,74
imag,182,77,105
adjust,181,175,6
love,181,86,95
old,180,136,44
top,180,60,120
swing,178,173,5
tax,178,133,45
imbal,178,177,1
wednesday,178,168,10
survey,177,171,6
anita,177,177,0
repres,177,82,95
websit,176,83,93
area,174,92,82
contain,174,63,111
kati,174,171,3
item,174,153,21
document,174,125,49
case,174,101,73
equistar,174,174,0
full,174,53,121
expir,174,151,23
ad,173,129,44
partner,173,100,73
better,173,85,88
got,172,105,67
announc,171,67,104
respect,171,56,115
amount,171,144,27
fred,171,170,1
expens,171,109,62
suit,171,94,77
citi,170,94,76
sherlyn,170,170,0
thought,170,121,49
assign,170,160,10
storag,169,133,36
prescript,169,1,168
adob,168,2,166
return,167,122,45
entex,166,166,0
alreadi,166,118,48
morn,166,138,28
distribut,165,111,54
open,165,96,69
remain,165,132,33
might,165,107,58
involv,165,65,100
sever,165,125,40
view,164,91,73
clear,164,138,26
qualiti,164,43,121
ee,163,163,0
facil,163,142,21
src,163,0,163
scott,162,155,7
tess,162,160,2
reserv,161,106,55
bank,161,37,124
clem,161,161,0
download,161,54,107
watch,159,31,128
darren,159,159,0
exchang,159,91,68
redeliveri,159,159,0
coastal,159,158,1
credit,159,78,81
canada,158,70,88
newslett,157,17,140
littl,157,84,73
suggest,157,102,55
hold,156,67,89
zone,156,94,62
cut,155,127,28
ray,155,152,3
valley,155,153,2
calpin,155,155,0
pass,155,82,73
alway,155,66,89
refer,155,97,58
ciali,154,0,154
brenda,154,153,1
valu,154,95,59
reason,154,76,78
action,154,42,112
transfer,153,42,111
tomorrow,153,149,4
real,153,50,103
yahoo,153,104,49
comput,152,47,105
stephani,152,149,3
never,152,68,84
ce,152,145,7
impact,151,123,28
html,151,22,129
around,150,108,42
game,150,84,66
everyon,150,112,38
opportun,150,75,75
gco,150,150,0
immedi,150,67,83
midcon,150,150,0
server,150,62,88
aep,150,150,0
lauri,149,146,3
someth,148,118,30
loss,148,75,73
ranch,148,147,1
donna,148,147,1
later,148,119,29
second,148,65,83
associ,148,111,37
solut,148,48,100
cotton,148,145,3
stacey,147,146,1
fill,147,92,55
head,147,94,53
richard,147,139,8
weekend,147,110,37
donald,147,144,3
parker,146,142,4
big,146,100,46
karen,146,145,1
commerci,146,70,76
effort,146,86,60
drug,145,0,145
appear,144,111,33
promot,144,76,68
yet,144,116,28
acton,144,143,1
wish,144,48,96
anyon,144,111,33
word,144,51,93
network,144,50,94
cash,144,56,88
properti,143,42,101
rodriguez,143,142,1
investor,143,23,120
arrang,143,118,25
play,143,73,70
outag,143,143,0
miss,143,120,23
necessari,143,92,51
unsubscrib,143,70,73
level,142,94,48
prepar,142,115,27
lst,142,123,19
hotmail,141,135,6
med,141,0,141
box,140,73,67
beaumont,140,137,3
termin,140,119,21
soft,140,0,140
publish,140,19,121
life,139,31,108
east,139,116,23
stone,139,129,10
recent,139,59,80
sept,139,138,1
asset,138,106,32
jim,138,136,2
left,137,104,33
vlt,137,136,1
cornhusk,137,137,0
central,137,111,26
sign,137,73,64
countri,136,37,99
feedback,136,132,4
cynthia,136,134,2
charli,136,130,6
carthag,135,132,3
consid,135,44,91
shut,135,129,6
fund,135,29,106
accept,134,50,84
member,134,81,53
owner,133,79,54
legal,133,92,41
style,133,7,126
connect,133,74,59
victor,133,133,0
verifi,133,118,15
portfolio,132,103,29
version,132,75,57
thoma,132,120,12
third,132,52,80
settlement,132,127,5
dave,132,129,3
easi,131,32,99
schumack,131,131,0
receipt,131,105,26
found,131,77,54
presid,130,90,40
friend,130,69,61
execut,130,93,37
claim,130,21,109
tell,129,86,43
success,129,65,64
approxim,129,97,32
major,128,37,91
titl,128,20,108
drive,128,40,88
identifi,128,60,68
write,128,66,62
hess,128,126,2
reinhardt,128,128,0
balanc,127,111,16
care,127,72,55
luong,127,127,0
ken,127,126,1
star,127,101,26
determin,127,109,18
basi,127,110,17
bring,127,83,44
design,127,50,77
retail,127,24,103
edward,127,122,5
small,127,65,62
resolv,126,122,4
answer,126,97,29
union,126,116,10
jeff,126,121,5
happen,126,81,45
rememb,126,62,64
fix,125,77,48
night,125,90,35
late,125,64,61
roll,125,117,8
wait,125,61,64
channel,124,80,44
director,124,62,62
profil,124,20,104
cheryl,124,123,1
appreci,124,114,10
guarante,123,19,104
lsk,123,123,0
probabl,123,103,20
hplnl,122,122,0
herod,122,122,0
man,122,40,82
albrecht,122,120,2
side,121,68,53
normal,121,35,86
potenti,121,57,64
reduc,121,83,38
express,121,36,85
specif,121,85,36
methanol,121,121,0
exxon,120,116,4
dow,120,108,12
particip,120,71,49
mention,120,81,39
lead,120,65,55
papayoti,119,119,0
white,119,89,30
decid,119,62,57
train,119,111,8
sorri,119,108,11
live,119,52,67
realli,118,64,54
statu,118,107,11
capit,118,73,45
mid,118,100,18
target,118,14,104
paliourg,118,0,118
south,117,64,53
monthli,117,99,18
depart,117,50,67
bryan,117,117,0
turn,117,56,61
password,117,103,14
dfarmer,117,117,0
togeth,116,96,20
pro,116,1,115
edit,116,27,89
lamphier,116,116,0
privat,115,27,88
tab,115,27,88
travel,115,77,38
brand,115,10,105
code,115,69,46
valero,115,115,0
lot,115,41,74
physic,114,99,15
format,114,32,82
thousand,114,9,105
growth,114,32,82
flash,114,74,40
join,114,78,36
bridg,113,93,20
everyth,113,65,48
anticip,113,20,93
print,113,90,23
financ,113,25,88
submit,113,104,9
shop,113,62,51
hear,113,81,32
card,112,42,70
notifi,112,103,9
strong,112,12,100
health,112,5,107
text,112,26,86
voip,112,0,112
doctor,112,10,102
cleburn,112,112,0
trader,112,104,8
jennif,111,108,3
becom,111,48,63
reach,111,57,54
ltd,111,84,27
longer,111,63,48
purpos,111,65,46
learn,111,50,61
baumbach,111,111,0
revenu,110,24,86
build,110,62,48
janet,110,107,3
guy,110,86,24
poorman,110,110,0
neal,110,109,1
mailto,110,98,12
afternoon,110,108,2
devon,109,108,1
latest,109,52,57
individu,108,74,34
short,108,67,41
duti,108,17,91
china,108,4,104
test,108,68,40
leav,108,81,27
liz,108,108,0
matter,108,61,47
kind,107,39,68
improv,107,37,70
koch,107,106,1
experi,107,53,54
usa,107,43,64
stay,107,80,27
hard,107,40,67
london,106,90,16
given,106,60,46
eol,106,106,0
oasi,106,105,1
etc,106,72,34
readi,106,67,39
enhanc,106,48,58
php,106,0,106
occur,106,59,47
exist,106,70,36
stack,106,104,2
awar,106,55,51
lsp,105,105,0
dealer,105,1,104
bgcolor,105,0,105
waha,105,105,0
pain,105,4,101
minut,104,29,75
load,104,53,51
stella,103,101,2
staff,103,83,20
ensur,103,82,21
mcf,103,99,4
packag,103,59,44
affili,103,38,65
confidenti,103,50,53
plu,103,53,50
sandi,102,101,1
noth,102,43,59
key,102,58,44
gain,102,34,68
voic,102,55,47
riley,102,102,0
worldwid,102,23,79
factor,101,33,68
sat,101,80,21
enrononlin,101,101,0
told,101,82,19
accord,101,70,31
browser,101,22,79
green,101,69,32
nation,101,35,66
enserch,101,101,0
lone,101,92,9
subscrib,101,21,80
apach,100,96,4
chanc,100,71,29
profit,100,27,73
propos,99,66,33
prize,99,44,55
initi,99,65,34
light,99,51,48
quick,99,38,61
larg,99,31,68
directli,99,72,27
sold,99,65,34
hall,98,97,1
park,98,88,10
cernosek,98,98,0
press,98,19,79
stranger,98,97,1
vacat,98,90,8
aepin,97,97,0
kevin,97,96,1
away,97,49,48
video,97,24,73
comment,97,90,7
step,97,71,26
room,97,76,21
king,96,81,15
discount,96,27,69
appli,96,69,27
nov,96,87,9
bellami,96,94,2
quot,95,54,41
enjoy,95,50,45
gif,95,2,93
function,95,83,12
ali,95,3,92
measur,95,72,23
spoke,95,92,3
teja,95,95,0
condit,95,54,41
idea,94,71,23
hey,94,57,37
men,94,10,84
bodi,94,6,88
lose,94,10,84
wither,94,93,1
benefit,94,43,51
abil,94,52,42
dear,94,38,56
saturday,94,94,0
instruct,93,32,61
feder,93,16,77
hill,93,83,10
age,93,19,74
morri,93,92,1
tabl,93,17,76
jpg,92,19,73
boa,92,91,1
charlott,92,86,6
biz,92,0,92
interconnect,92,92,0
standard,92,60,32
object,92,37,55
though,92,65,27
forc,92,63,29
pull,92,76,16
whole,91,73,18
middl,91,19,72
commit,91,67,24
certain,91,22,69
happi,91,38,53
weight,91,3,88
class,91,64,27
referenc,91,71,20
opinion,91,24,67
choos,90,38,52
elizabeth,90,87,3
spam,90,1,89
seek,90,11,79
player,89,62,27
taken,89,59,30
capac,89,77,12
mccoy,89,88,1
beverli,89,85,4
earli,89,71,18
complianc,89,10,79
convers,89,59,30
match,89,59,30
protect,89,26,63
analyst,89,79,10
draft,89,85,4
music,89,30,59
oct,89,84,5
american,89,43,46
store,88,34,54
research,88,43,45
superti,88,88,0
upon,88,45,43
avila,88,88,0
easttexa,88,88,0
advanc,88,37,51
bruce,88,87,1
databas,88,48,40
eric,88,79,9
safe,88,20,68
land,88,54,34
nguyen,87,86,1
hesco,87,87,0
lamadrid,87,87,0
attent,87,44,43
cdnow,87,87,0
girl,87,14,73
shell,87,60,27
coupl,86,71,15
herrera,86,86,0
pictur,86,53,33
carri,86,39,47
electr,86,52,34
salli,86,83,3
four,86,35,51
walker,86,85,1
other,86,54,32
gpgfin,86,86,0
monitor,86,68,18
hakemack,86,86,0
god,86,56,30
spring,86,72,14
took,86,58,28
consult,86,15,71
pool,85,78,7
vol,85,78,7
non,85,60,25
dan,85,76,9
sun,85,55,30
entir,85,55,30
kill,85,53,32
tammi,85,84,1
agent,85,43,42
earl,84,80,4
enough,84,50,34
super,84,7,77
quantiti,84,61,23
tina,84,82,2
paso,84,84,0
affect,84,62,22
hello,84,20,64
mind,84,40,44
excess,84,66,18
johnson,84,78,6
averag,83,54,29
sunday,83,70,13
mar,83,66,17
fast,83,23,60
model,83,47,36
reader,83,1,82
post,83,62,21
eileen,82,82,0
uncertainti,82,3,79
govern,82,23,59
lower,82,46,36
earn,82,31,51
kc,82,82,0
licens,81,10,71
respond,81,70,11
cheap,81,2,79
hub,81,78,3
pick,81,39,42
img,80,0,80
school,80,56,24
expedia,80,79,1
perfect,80,18,62
terri,80,77,3
wide,80,12,68
organ,80,52,28
reliantenergi,80,80,0
pharmaci,80,0,80
photoshop,80,0,80
acquisit,80,15,65
phillip,80,77,3
simpli,80,36,44
entri,80,66,14
plain,79,24,55
assum,79,77,2
tel,79,17,62
role,79,73,6
went,79,59,20
valign,79,0,79
half,78,29,49
air,78,37,41
black,78,48,30
consum,78,30,48
kimberli,78,77,1
sex,78,1,77
seem,78,60,18
button,78,50,28
rebecca,78,77,1
enw,77,77,0
ponton,77,77,0
tool,77,37,40
leader,77,30,47
shown,77,29,48
broker,77,40,37
transit,77,70,7
coordin,77,63,14
gome,77,77,0
attend,77,64,13
enerfin,76,76,0
draw,76,11,65
intrast,76,76,0
btu,76,75,1
appropri,76,68,8
cell,76,66,10
yesterday,76,68,8
gulf,76,73,3
christi,76,74,2
histori,76,29,47
administr,76,55,21
neon,75,75,0
gift,75,52,23
ext,75,68,7
dynegi,75,75,0
mop,75,74,1
goal,75,32,43
blue,75,60,15
competit,75,16,59
htm,74,30,44
tisdal,74,74,0
ceo,74,45,29
san,74,44,30
div,74,0,74
stori,74,20,54
relief,74,20,54
hot,74,8,66
matt,74,66,8
rest,74,49,25
river,74,53,21
ye,73,52,21
none,73,23,50
moopid,73,0,73
tetco,73,73,0
resum,73,68,5
sheet,73,53,20
assur,73,12,61
counti,73,63,10
dell,73,26,47
instal,73,47,26
hotlist,73,0,73
recommend,72,24,48
grant,72,66,6
epson,72,2,70
mckay,72,72,0
near,72,31,41
quit,72,22,50
paper,72,42,30
advantag,72,23,49
situat,72,60,12
jill,72,70,2
integr,71,19,52
negoti,71,37,34
asap,71,68,3
hous,71,28,43
greater,71,55,16
digit,71,15,56
kim,71,64,7
neuweil,71,71,0
structur,71,53,18
chad,71,68,3
copano,71,71,0
ago,71,37,34
fine,71,46,25
california,71,56,15
fwd,71,46,25
cours,71,43,28
stephen,70,67,3
whether,70,55,15
mill,70,64,6
charlen,70,70,0
delta,70,52,18
holm,70,69,1
job,70,53,17
dvd,70,8,62
fun,70,34,36
agenc,70,53,17
excit,70,42,28
search,69,20,49
gtc,69,69,0
fare,69,64,5
exampl,69,30,39
previous,69,61,8
held,69,46,23
louisiana,69,59,10
paragraph,69,26,43
rule,69,44,25
sincer,69,27,42
mine,69,8,61
daniel,69,67,2
five,69,32,37
drill,69,30,39
heidi,68,68,0
collect,68,37,31
compar,68,13,55
exactli,68,9,59
rick,68,68,0
panenergi,68,68,0
instant,68,14,54
petroleum,68,51,17
decis,68,33,35
htmlimg,68,0,68
tufco,68,68,0
greg,68,67,1
heard,68,47,21
kelli,68,68,0
xanax,68,0,68
outstand,68,34,34
svc,68,66,2
chri,68,67,1
bad,68,30,38
media,68,22,46
olsen,68,68,0
histor,67,34,33
colspan,67,0,67
linda,67,65,2
common,67,40,27
manual,67,41,26
senior,67,52,15
stand,67,42,25
holiday,67,50,17
serv,67,44,23
valadez,67,67,0
prefer,67,37,30
evergreen,66,63,3
pinion,66,65,1
southern,66,56,10
walter,66,60,6
certif,66,53,13
environ,66,48,18
grow,66,16,50
region,66,37,29
entiti,66,52,14
corel,66,0,66
multipl,66,33,33
morgan,65,61,4
invit,65,43,22
macromedia,65,0,65
variou,65,32,33
advertis,65,5,60
assumpt,65,13,52
station,65,56,9
west,65,48,17
bid,65,62,3
similar,65,36,29
exclus,65,16,49
welcom,65,48,17
quarter,65,23,42
rolex,65,0,65
eye,65,31,34
compens,65,8,57
liquid,65,45,20
prc,65,60,5
bit,64,31,33
est,64,26,38
brown,64,57,7
local,64,17,47
author,64,33,31
valium,64,0,64
knle,64,0,64
cass,64,64,0
hotel,64,50,14
polici,64,46,18
owe,64,52,12
fri,64,50,14
hundr,64,7,57
car,64,22,42
analysi,64,56,8
annual,64,22,42
came,64,41,23
huge,63,7,56
dth,63,63,0
categori,63,18,45
acquir,63,9,54
foreign,63,4,59
unaccount,63,63,0
brazo,63,63,0
advisor,63,17,46
women,63,5,58
avoid,63,25,38
summari,63,59,4
spinnak,63,61,2
worth,63,21,42
conflict,62,12,50
export,62,0,62
epgt,62,62,0
expand,62,31,31
clean,62,53,9
demokrito,62,0,62
winfre,62,62,0
obtain,62,33,29
wast,62,3,59
iit,62,0,62
correctli,62,60,2
red,62,28,34
trevino,62,61,1
paul,62,58,4
intel,62,0,62
aug,62,47,15
dalla,62,57,5
board,61,41,20
bought,61,34,27
column,61,56,5
pre,61,32,29
delet,61,53,8
reveffo,61,61,0
remind,61,48,13
die,61,5,56
own,61,30,31
across,61,50,11
troy,61,61,0
maintain,61,42,19
crosstex,61,61,0
calendar,61,50,11
extens,61,44,17
sharehold,61,9,52
enterpris,61,12,49
ricki,61,58,3
door,61,13,48
win,61,16,45
instead,61,46,15
wholesal,61,48,13
kenneth,61,53,8
goe,61,38,23
erect,60,0,60
prod,60,59,1
lonestar,60,60,0
known,60,8,52
jackson,60,57,3
martin,60,54,6
sec,60,12,48
hanson,60,57,3
alert,60,6,54
focu,60,41,19
usag,60,46,14
buyer,60,55,5
chairman,60,49,11
higher,60,32,28
logo,60,4,56
educ,60,26,34
europ,60,30,30
registr,60,40,20
broadband,60,29,31
ibm,60,2,58
screen,60,38,22
realloc,60,60,0
combin,59,33,26
descript,59,38,21
cpr,59,59,0
calcul,59,37,22
committe,59,50,9
mtr,59,59,0
input,59,55,4
llc,59,47,12
apr,59,49,10
least,59,40,19
wrong,59,38,21
award,59,18,41
schneider,59,57,2
congratul,59,20,39
specul,59,0,59
golf,59,57,2
launch,59,43,16
ew,59,59,0
encina,59,59,0
along,59,42,17
yvett,58,56,2
wilson,58,38,20
creativ,58,3,55
csiko,58,58,0
archer,58,56,2
trademark,58,10,48
mainten,58,53,5
cross,58,40,18
elect,58,52,6
lake,58,45,13
texaco,58,55,3
speed,58,21,37
trip,58,41,17
iii,58,11,47
recipi,58,56,2
altern,58,30,28
gold,58,1,57
harri,58,52,6
goliad,58,58,0
varianc,58,58,0
equip,58,35,23
hit,57,43,14
drop,57,33,24
peni,57,1,56
basin,57,39,18
rank,57,37,20
jeffrey,57,56,1
billion,57,16,41
parent,57,40,17
contribut,57,42,15
wed,57,34,23
primari,57,44,13
pager,57,57,0
notif,57,26,31
road,57,34,23
mcmill,56,56,0
law,56,24,32
interview,56,50,6
break,56,17,39
discrep,56,53,3
treat,56,23,33
strategi,56,15,41
transmiss,56,42,14
engag,56,50,6
rnd,56,0,56
usb,56,3,53
street,56,35,21
bankruptci,56,32,24
captur,56,46,10
patti,56,55,1
sexual,56,2,54
children,56,13,43
russ,56,55,1
rang,56,20,36
afford,55,10,45
royal,55,50,5
movi,55,5,50
beati,55,55,0
critic,55,42,13
marta,55,55,0
gdp,55,55,0
intent,55,17,38
jebel,55,0,55
sullivan,55,51,4
solicit,55,4,51
brandywin,55,53,2
hillari,55,55,0
met,55,42,13
coupon,55,26,29
swift,55,53,2
kristen,55,55,0
implement,54,47,7
floor,54,45,9
seen,54,26,28
preliminari,54,53,1
compaq,54,13,41
sweeney,54,54,0
walli,54,53,1
ook,54,0,54
wife,54,12,42
budget,54,42,12
sit,54,38,16
automat,54,33,21
far,54,36,18
henderson,54,54,0
experienc,54,32,22
eb,54,54,0
hernandez,54,54,0
procedur,54,36,18
gisb,54,54,0
replac,54,49,5
percent,54,18,36
port,54,24,30
quickli,54,18,36
texoma,54,54,0
upgrad,54,29,25
extra,54,23,31
popular,54,3,51
gave,53,46,7
inher,53,1,52
guess,53,40,13
cd,53,6,47
baxter,53,52,1
seaman,53,53,0
sabra,53,52,1
mitchel,53,52,1
insid,53,15,38
hawkin,53,52,1
citibank,53,20,33
rais,53,21,32
spend,53,26,27
hand,53,27,26
mazowita,52,52,0
elimin,52,32,20
father,52,17,35
accomplish,52,42,10
herein,52,11,41
buddi,52,44,8
season,52,37,15
wireless,52,3,49
sport,52,10,42
deposit,52,4,48
singl,52,25,27
telephon,52,15,37
cap,52,17,35
earlier,52,43,9
kathi,52,50,2
memo,52,52,0
alt,52,0,52
lindley,52,52,0
signific,52,32,20
uniqu,52,3,49
client,51,18,33
yap,51,0,51
restrict,51,44,7
pgev,51,51,0
mayb,51,42,9
emerg,51,14,37
gra,51,1,50
joann,51,51,0
amazon,51,45,6
toward,51,21,30
log,51,45,6
extern,51,27,24
warn,51,26,25
privaci,51,21,30
equiti,51,22,29
six,51,27,24
sap,51,49,2
commod,50,42,8
separ,50,44,6
soni,50,4,46
highli,50,9,41
lowest,50,9,41
confer,50,27,23
insur,50,29,21
inch,50,6,44
smoke,50,2,48
chemic,50,42,8
darial,50,0,50
canon,50,0,50
outsid,50,40,10
econom,50,29,21
discov,50,12,38
correspond,50,26,24
centana,50,50,0
hull,50,49,1
kinsey,50,50,0
suzann,50,50,0
dilig,50,13,37
wonder,50,27,23
among,50,22,28
somehow,50,6,44
art,49,10,39
pertain,49,5,44
attempt,49,34,15
charl,49,43,6
cabl,49,10,39
urgent,49,17,32
juno,49,47,2
minimum,49,32,17
commiss,49,31,18
true,49,28,21
behalf,49,38,11
richmond,49,47,2
electron,49,33,16
achiev,49,15,34
sound,49,27,22
clearanc,48,3,45
bottom,48,15,33
steven,48,40,8
migrat,48,48,0
gottlob,48,48,0
msn,48,46,2
hplnol,48,48,0
establish,48,22,26
accuraci,48,12,36
bryce,48,47,1
decreas,48,41,7
davi,48,34,14
diamond,48,13,35
cartwheel,48,46,2
reliabl,48,9,39
realiz,48,37,11
carrier,48,27,21
austin,48,47,1
fat,48,3,45
mix,48,12,36
understood,48,10,38
rather,48,37,11
membership,48,23,25
manufactur,48,1,47
pena,48,48,0
baseload,48,48,0
braband,48,48,0
lesson,48,44,4
prayer,48,46,2
villarr,48,48,0
nick,48,47,1
lesli,48,47,1
cowboy,48,47,1
previou,48,39,9
winner,47,10,37
predict,47,5,42
kept,47,34,13
shipper,47,47,0
technoiogi,47,0,47
vaughn,47,46,1
resel,47,0,47
glover,47,47,0
reliant,47,47,0
split,47,39,8
offici,47,12,35
clickathom,47,47,0
throughout,47,26,21
explod,47,1,46
conveni,47,17,30
ocean,47,40,7
entertain,47,12,35
bammel,47,47,0
cancel,47,31,16
regul,47,31,16
venturato,47,47,0
kathryn,47,47,0
chief,47,39,8
worksheet,47,47,0
summer,47,39,8
photo,46,9,37
touch,46,32,14
graphic,46,0,46
tailgat,46,46,0
hospit,46,10,36
reduct,46,21,25
dudley,46,44,2
josey,46,46,0
devic,46,2,44
count,46,34,12
definit,46,22,24
behind,46,33,13
lost,46,24,22
tim,46,38,8
symbol,46,4,42
ventur,46,18,28
gotten,46,4,42
unabl,46,44,2
merchant,46,36,10
guadalup,46,46,0
sleep,46,1,45
ftar,46,0,46
repair,46,43,3
complaint,46,4,42
min,46,10,36
toshiba,45,0,45
pcx,45,45,0
connor,45,44,1
overnight,45,5,40
cindi,45,43,2
outlook,45,41,4
crude,45,36,9
prevent,45,35,10
capabl,45,20,25
front,45,11,34
driver,45,32,13
tie,45,32,13
engin,45,24,21
cook,45,40,5
master,45,26,19
commenc,45,36,9
sometim,45,33,12
degre,45,15,30
specialist,45,39,6
constitut,45,3,42
cisco,45,5,40
heart,45,17,28
mile,45,21,24
hplr,44,44,0
child,44,26,18
zivley,44,44,0
reev,44,42,2
cent,44,17,27
stretch,44,40,4
conni,44,43,1
conduct,44,23,21
bed,44,21,23
arriv,44,26,18
mack,44,44,0
doubl,44,22,22
egmnom,44,44,0
victoria,44,41,3
romeo,44,43,1
garrick,44,44,0
finish,44,32,12
explain,44,33,11
hugh,44,43,1
consist,44,23,21
meredith,44,44,0
cherri,44,40,4
benedict,44,39,5
congress,44,1,43
comfort,44,12,32
fall,44,29,15
almost,44,16,28
seller,43,41,2
rock,43,7,36
sum,43,5,38
mtbe,43,43,0
introduc,43,20,23
soma,43,0,43
kid,43,35,8
joani,43,43,0
elsa,43,43,0
oblig,43,24,19
sea,43,32,11
ftworth,43,43,0
legisl,43,2,41
island,43,33,10
vicodin,43,0,43
session,43,36,7
desir,43,22,21
rev,43,43,0
viewson,43,0,43
palestinian,43,0,43
delay,43,23,20
trust,43,16,27
org,43,31,12
nomad,43,0,43
brent,43,42,1
fontfont,43,0,43
stuff,42,23,19
appoint,42,19,23
exercis,42,12,30
cellpad,42,0,42
practic,42,17,25
sampl,42,34,8
laura,42,40,2
pep,42,42,0
deveiop,42,0,42
consolid,42,31,11
qualifi,42,10,32
deadlin,42,40,2
excel,42,23,19
aim,42,30,12
salari,42,36,6
deer,42,39,3
robot,42,0,42
shawna,42,42,0
confus,42,40,2
main,42,24,18
amend,42,26,16
frank,42,34,8
resolut,42,31,11
vice,42,36,6
relationship,42,21,21
like,42,34,8
heather,42,42,0
knowledg,42,29,13
speckel,42,42,0
leas,42,23,19
eiben,41,41,0
resuit,41,0,41
enquiri,41,0,41
european,41,10,31
forget,41,22,19
confid,41,12,29
topica,41,41,0
built,41,21,20
tournament,41,27,14
pressur,41,33,8
gmt,41,39,2
nice,41,22,19
hewlett,41,0,41
weather,41,36,5
materia,41,0,41
bobbi,41,24,17
fire,41,5,36
pack,41,9,32
choic,41,20,21
greif,41,41,0
burn,41,18,23
speak,41,24,17
eff,41,34,7
robin,41,36,5
payrol,40,40,0
unless,40,25,15
enabl,40,14,26
club,40,27,13
edmondson,40,40,0
flag,40,34,6
ferc,40,40,0
attack,40,12,28
dial,40,9,31
apc,40,0,40
whatev,40,25,15
debbi,40,36,4
treatment,40,5,35
severson,40,40,0
jaquet,40,40,0
cilco,40,40,0
lon,40,31,9
son,40,13,27
laptop,40,10,30
seat,40,35,5
aopen,40,0,40
lotteri,40,2,38
consemiu,40,40,0
ball,40,21,19
studi,40,11,29
highlight,40,33,7
explos,40,1,39
intellinet,40,0,40
simpl,40,8,32
disclos,40,11,29
griffin,40,39,1
customerservic,40,0,40
iomega,40,0,40
luck,40,21,19
dolphin,40,38,2
replica,40,0,40
pic,40,12,28
languag,40,27,13
targu,40,0,40
packard,40,0,40
expert,39,5,34
platform,39,21,18
premium,39,5,34
sharon,39,37,2
notebook,39,0,39
cart,39,29,10
ram,39,25,14
fulli,39,15,24
belief,39,4,35
husband,39,9,30
emir,39,0,39
aquila,39,37,2
depress,39,0,39
larri,39,36,3
tonight,39,25,14
relax,39,4,35
usual,39,29,10
ahead,39,27,12
personnel,39,35,4
briley,39,39,0
flight,39,25,14
charset,39,5,34
flynn,39,37,2
loui,39,23,16
approx,39,36,3
sean,39,31,8
blank,39,9,30
drink,39,9,30
uae,39,0,39
town,39,33,6
constru,39,0,39
tech,39,16,23
technic,39,29,10
crow,39,37,2
airmail,39,35,4
hol,39,39,0
beck,39,37,2
offshor,39,15,24
foot,39,29,10
attract,39,14,25
anti,38,3,35
sheri,38,38,0
spencer,38,36,2
cal,38,32,6
otc,38,2,36
kyle,38,38,0
eel,38,38,0
encourag,38,29,9
itoy,38,0,38
listbot,38,38,0
transco,38,38,0
edu,38,36,2
sole,38,27,11
miner,38,16,22
payback,38,38,0
audit,38,19,19
forecast,38,27,11
premier,38,4,34
cooper,38,23,15
saw,38,16,22
stream,38,19,19
effici,38,18,20
intercompani,38,38,0
sponsor,38,24,14
jason,38,38,0
lyondel,38,38,0
leth,38,0,38
gay,37,31,6
resid,37,26,11
memori,37,18,19
extrem,37,9,28
cokino,37,37,0
aeor,37,0,37
intraday,37,37,0
regular,37,17,20
molli,37,35,2
patch,37,7,30
norton,37,5,32
fit,37,13,24
beauti,37,3,34
appar,37,34,3
particular,37,25,12
display,37,21,16
muscl,37,0,37
tier,37,30,7
accur,37,27,10
map,37,30,7
auto,37,19,18
modifi,37,26,11
although,37,22,15
ngo,37,37,0
heal,37,28,9
skill,37,24,13
usd,37,4,33
pretti,37,27,10
cold,37,28,9
coast,37,29,8
la,37,12,25
zonedubai,37,0,37
loan,37,13,24
duplic,37,22,15
joe,36,35,1
otcbb,36,0,36
opm,36,36,0
julia,36,33,3
anderson,36,29,7
provis,36,35,1
tape,36,4,32
oem,36,0,36
proper,36,22,14
anyway,36,26,10
space,36,15,21
brennan,36,35,1
solid,36,1,35
benoit,36,35,1
portion,36,26,10
bar,36,30,6
ann,36,21,15
studio,36,0,36
sector,36,8,28
marlen,36,36,0
percentag,36,29,7
femal,36,0,36
reward,36,29,7
multi,36,5,31
colleg,36,25,11
forese,36,1,35
consent,36,34,2
conoco,36,36,0
redmond,36,35,1
depend,35,21,14
intra,35,35,0
evalu,35,28,7
partnership,35,23,12
gateway,35,10,25
float,35,15,20
anywher,35,10,25
highest,35,9,26
vega,35,11,24
internationa,35,0,35
written,35,15,20
sender,35,34,1
penni,35,2,33
dian,35,31,4
gone,35,13,22
hilliard,35,35,0
enlarg,35,0,35
approach,35,25,10
medicin,35,9,26
often,35,16,19
incorrect,35,32,3
inciud,35,0,35
proven,35,2,33
noon,35,31,4
block,35,21,14
guid,35,10,25
illustr,35,1,34
adult,34,2,32
autom,34,15,19
troubl,34,23,11
celebr,34,23,11
amaz,34,7,27
absolut,34,7,27
accessori,34,0,34
hector,34,31,3
joint,34,14,20
bane,34,29,5
patient,34,2,32
jerri,34,33,1
spain,34,0,34
todd,34,34,0
largest,34,13,21
beliz,34,1,33
silver,34,8,26
hesit,34,25,9
hydrocarbon,34,32,2
increment,34,33,1
moment,34,14,20
tag,34,11,23
metal,34,7,27
jay,34,32,2
pleasur,34,8,26
prospect,34,2,32
shari,34,33,1
imagin,34,16,18
remot,34,17,17
verdana,33,0,33
forev,33,4,29
republ,33,25,8
comstock,33,33,0
adam,33,16,17
easili,33,7,26
arial,33,0,33
nat,33,22,11
darrel,33,31,2
self,33,8,25
suppos,33,30,3
pubiish,33,0,33
chevron,33,28,5
humbl,33,17,16
cum,33,7,26
militari,33,3,30
dawn,33,31,2
garden,33,31,2
pray,33,30,3
flexibl,33,29,4
ref,33,4,29
login,33,24,9
exact,33,20,13
randal,33,32,1
shipment,33,24,9
eddi,33,24,9
prompt,33,26,7
rich,33,13,20
deduct,33,30,3
appl,33,0,33
peggi,33,32,1
hr,33,23,10
dulc,33,33,0
imit,33,0,33
aerofoam,33,0,33
lock,33,17,16
nommensen,33,33,0
incom,33,24,9
midstream,33,31,2
maximum,33,13,20
expatri,33,29,4
alon,33,7,26
tongu,33,2,31
marlin,33,32,1
inactiv,33,31,2
unlimit,32,4,28
univers,32,12,20
sofftwaar,32,0,32
batteri,32,5,27
proprietari,32,6,26
compressor,32,31,1
solmonson,32,32,0
header,32,32,0
abdv,32,0,32
woman,32,6,26
eat,32,16,16
topic,32,14,18
campaign,32,3,29
piec,32,23,9
sdsnom,32,32,0
brad,32,32,0
shorelin,32,31,1
cowtrap,32,32,0
impot,32,0,32
properli,32,31,1
netco,32,32,0
brief,32,25,7
craig,32,30,2
sd,32,32,0
valuabl,32,16,16
toni,32,23,9
filter,32,12,20
ail,32,0,32
prohibit,32,24,8
wysak,32,0,32
protocol,32,3,29
televis,32,9,23
eogi,32,0,32
und,32,1,31
netherland,32,0,32
rom,32,10,22
beach,32,16,16
esther,32,32,0
facilit,32,23,9
secret,31,0,31
eight,31,4,27
barrett,31,29,2
jack,31,24,7
agua,31,31,0
york,31,19,12
tripl,31,8,23
valv,31,31,0
discret,31,6,25
wiil,31,0,31
camera,31,3,28
cousino,31,31,0
fear,31,8,23
okay,31,25,6
aid,31,5,26
auction,31,12,19
supplier,31,22,9
franklin,31,28,3
tue,31,14,17
method,31,14,17
wire,31,14,17
investig,31,14,17
staci,31,30,1
modem,31,16,15
url,31,19,12
ladi,31,14,17
ecom,31,31,0
urbanek,31,31,0
accordingli,31,25,6
cannon,31,28,3
equal,31,18,13
male,31,0,31
tommi,31,30,1
africa,31,1,30
defens,31,1,30
proceed,31,25,6
circul,31,10,21
florida,31,21,10
blood,31,10,21
anytim,31,13,18
walk,31,18,13
length,30,10,20
recal,30,29,1
interfac,30,11,19
phentermin,30,0,30
sarco,30,30,0
pend,30,16,14
babi,30,16,14
impress,30,6,24
mortgag,30,5,25
mailbox,30,25,5
ffffff,30,0,30
giron,30,30,0
massiv,30,1,29
max,30,14,16
church,30,19,11
atleast,30,0,30
torch,30,30,0
prime,30,15,15
cellspac,30,0,30
aggress,30,2,28
strictli,30,16,14
dosag,30,0,30
danni,30,27,3
adoni,30,30,0
locker,30,30,0
human,30,16,14
permit,30,17,13
hottlist,30,0,30
compet,30,10,20
sort,30,25,5
eog,30,30,0
round,30,16,14
carbid,30,26,4
meant,30,9,21
dedic,30,17,13
safeti,30,11,19
batch,30,8,22
convert,30,14,16
court,30,23,7
caution,30,4,26
figur,30,13,17
consider,30,15,15
merger,30,27,3
bretz,30,30,0
describ,30,11,19
suspend,30,26,4
richardson,30,28,2
rental,30,14,16
settl,29,25,4
relianc,29,4,25
larger,29,15,14
metabol,29,0,29
diet,29,1,28
rusti,29,26,3
curv,29,21,8
guest,29,27,2
seneca,29,28,1
minim,29,19,10
interrupt,29,23,6
formula,29,2,27
host,29,6,23
martinez,29,25,4
nathan,29,26,3
mcloughlin,29,29,0
prove,29,5,24
lie,29,5,24
cashout,29,27,2
tennesse,29,28,1
verif,29,15,14
christma,29,19,10
patent,29,0,29
dose,29,0,29
candid,29,20,9
choat,29,29,0
tessi,29,29,0
darron,29,29,0
signatur,29,15,14
fortun,29,7,22
perman,29,11,18
ten,29,8,21
wil,29,2,27
ryan,29,28,1
wind,29,9,20
hair,29,5,24
song,29,15,14
mcgee,29,25,4
creek,29,21,8
arm,29,2,27
intellig,29,10,19
undervalu,29,0,29
tire,28,3,25
prozac,28,0,28
trochta,28,28,0
oba,28,28,0
serial,28,1,27
pico,28,28,0
began,28,18,10
hassl,28,4,24
favor,28,9,19
will,28,12,16
construct,28,13,15
organiz,28,28,0
hire,28,24,4
employ,28,16,12
forth,28,6,22
fda,28,1,27
writeoff,28,28,0
den,28,24,4
bowen,28,23,5
coffey,28,25,3
brought,28,21,7
progress,28,24,4
lay,28,15,13
hate,28,7,21
egm,28,28,0
medium,28,5,23
compil,28,18,10
imceanot,28,28,0
couid,28,0,28
zajac,28,28,0
exhibit,28,25,3
student,28,16,12
smart,28,1,27
dale,28,27,1
varieti,28,7,21
melba,28,28,0
angel,28,10,18
squar,28,14,14
edi,28,28,0
beemer,28,28,0
campo,28,28,0
australia,28,10,18
rel,28,18,10
cia,28,0,28
gap,28,23,5
reli,27,18,9
listen,27,13,14
pl,27,26,1
domest,27,10,17
theresa,27,27,0
pig,27,25,2
rewrit,27,16,11
att,27,25,2
roger,27,20,7
satisfi,27,3,24
debt,27,12,15
tirr,27,0,27
boost,27,1,26
kin,27,0,27
easier,27,23,4
majeur,27,27,0
worri,27,5,22
focus,27,14,13
ifhsc,27,27,0
christian,27,15,12
boy,27,5,22
royalti,27,22,5
dewpoint,27,27,0
incred,27,4,23
eex,27,27,0
joseph,27,25,2
pieas,27,0,27
defin,27,15,12
gerald,27,27,0
offset,27,20,7
assess,27,17,10
tour,27,17,10
sir,27,0,27
vari,27,18,9
discreet,27,0,27
switch,27,19,8
brbr,27,0,27
superior,27,19,8
biggest,27,11,16
chase,27,19,8
shot,27,15,12
solv,27,10,17
clarif,26,24,2
canadian,26,7,19
motor,26,3,23
pinnacl,26,0,26
ehronlin,26,26,0
bass,26,23,3
tadalafil,26,0,26
asp,26,19,7
kerr,26,25,1
optim,26,21,5
desktop,26,11,15
failur,26,10,16
edg,26,6,20
patricia,26,24,2
familiar,26,17,9
mgmt,26,26,0
overal,26,15,11
redeliv,26,26,0
opt,26,3,23
ident,26,4,22
glad,26,17,9
manner,26,13,13
codi,26,23,3
distributorjebel,26,0,26
stress,26,18,8
sunsail,26,26,0
consequ,26,12,14
omit,26,1,25
connevey,26,26,0
trisha,26,25,1
mip,26,26,0
hodg,26,22,4
sarmiento,26,26,0
nascar,26,3,23
gloria,26,24,2
thorough,26,5,21
vicent,26,26,0
staf,26,24,2
ascii,26,5,21
alcohol,26,0,26
innov,26,7,19
prioriti,26,14,12
gate,26,20,6
war,26,8,18
lunch,26,25,1
wayn,26,24,2
fail,26,15,11
catch,26,12,14
seven,26,12,14
anxieti,26,1,25
setup,26,21,5
spent,26,21,5
euro,26,0,26
death,26,4,22
spur,26,1,25
ion,26,1,25
independ,26,6,20
absenc,25,20,5
gregori,25,24,1
bowl,25,24,1
comprehens,25,5,20
carol,25,22,3
ingredi,25,1,24
mother,25,7,18
sutton,25,22,3
microcap,25,0,25
ambien,25,0,25
iso,25,0,25
moshou,25,25,0
becki,25,23,2
gov,25,13,12
neg,25,7,18
tiger,25,5,20
upstream,25,25,0
unfortun,25,17,8
margin,25,12,13
apolog,25,14,11
till,25,14,11
gore,25,25,0
especi,25,14,11
litig,25,4,21
ownership,25,12,13
heavi,25,8,17
core,25,15,10
miller,25,22,3
calgari,25,12,13
pvr,25,25,0
strateg,25,19,6
aspect,25,16,9
disclosur,25,20,5
vintag,25,22,3
kara,25,24,1
souza,25,25,0
cheapest,25,0,25
refin,25,10,15
nelson,25,25,0
caribbean,25,3,22
mime,25,11,14
destin,25,13,12
skin,25,4,21
mai,25,0,25
kristin,25,25,0
editor,25,15,10
feed,25,17,8
artpric,25,0,25
isc,25,25,0
farm,25,6,19
embed,25,21,4
vlagra,25,0,25
carter,25,23,2
twenti,25,3,22
marshal,25,24,1
regardless,25,18,7
harrison,25,23,2
pure,25,20,5
wild,25,4,21
techlit,25,0,25
exceed,25,14,11
lucki,25,5,20
emerson,24,0,24
elli,24,22,2
regulatori,24,18,6
numer,24,7,17
supervisor,24,24,0
wear,24,9,15
laci,24,22,2
blvd,24,5,19
adapt,24,0,24
thompsonvil,24,24,0
doug,24,20,4
promis,24,14,10
brother,24,4,20
buckley,24,24,0
essenti,24,15,9
bussel,24,24,0
feet,24,3,21
deriv,24,14,10
oss,24,21,3
anthoni,24,21,3
basic,24,15,9
aggi,24,24,0
faster,24,12,12
polit,24,9,15
ll,24,0,24
thompson,24,21,3
beneficiari,24,2,22
hlavati,24,24,0
shape,24,4,20
denni,24,20,4
sheila,24,24,0
surpris,24,7,17
reveal,24,6,18
levitra,24,0,24
rise,24,8,16
winter,24,19,5
ring,24,12,12
label,24,10,14
keith,24,23,1
def,24,23,1
jen,24,23,1
michel,24,18,6
hurri,24,8,16
seri,24,14,10
greatli,24,16,8
pond,24,24,0
samson,24,22,2
environment,24,6,18
therein,24,1,23
glo,24,24,0
belong,24,13,11
satisfact,24,2,22
reimburs,24,20,4
earthlink,24,18,6
recogn,24,18,6
plug,24,5,19
default,24,16,8
fight,24,6,18
judg,24,5,19
armstrong,24,24,0
kenn,24,24,0
subscript,24,8,16
agenda,24,20,4
western,24,11,13
isra,23,0,23
nigeria,23,0,23
lui,23,20,3
spacer,23,0,23
nearli,23,5,18
neither,23,5,18
hunter,23,22,1
palmer,23,23,0
flat,23,13,10
sanchez,23,22,1
subsequ,23,11,12
contractu,23,13,10
der,23,0,23
joan,23,22,1
challeng,23,11,12
ralli,23,20,3
moor,23,22,1
deserv,23,4,19
bonu,23,8,15
shortli,23,15,8
dog,23,5,18
grand,23,14,9
trial,23,2,21
clay,23,19,4
compart,23,0,23
ooo,23,0,23
engel,23,21,2
emot,23,2,21
odd,23,12,11
lozano,23,23,0
pocket,23,3,20
truli,23,13,10
vote,23,16,7
cool,23,14,9
dri,23,20,3
alpin,23,18,5
reid,23,23,0
sooner,23,18,5
invoiv,23,0,23
incur,23,9,14
gossett,23,23,0
gepl,23,23,0
folk,23,22,1
milwauke,23,22,1
rhonda,23,19,4
former,23,13,10
amelia,23,22,1
hansen,23,23,0
buck,23,11,12
colorado,23,19,4
messeng,23,20,3
coverag,23,16,7
cord,23,20,3
equival,23,3,20
whose,23,9,14
refineri,23,22,1
wagner,23,23,0
visual,23,1,22
physician,23,2,21
sugar,23,11,12
remaind,23,21,2
fletcher,23,9,14
audio,23,7,16
gregg,23,21,2
newsiett,23,0,23
volatil,23,16,7
enrol,23,18,5
kri,23,22,1
alland,22,22,0
router,22,3,19
paypal,22,0,22
tglo,22,22,0
sick,22,5,17
ton,22,3,19
airlin,22,20,2
genuin,22,0,22
denver,22,21,1
cat,22,2,20
sail,22,18,4
coach,22,19,3
ice,22,9,13
biospher,22,0,22
soar,22,0,22
factual,22,2,20
macintosh,22,0,22
difficult,22,14,8
crisi,22,17,5
graham,22,21,1
bia,22,0,22
patienc,22,21,1
bear,22,8,14
retriev,22,18,4
row,22,12,10
lenart,22,22,0
bingo,22,0,22
rocket,22,3,19
interst,22,21,1
fontbr,22,0,22
subsidiari,22,10,12
doubt,22,5,17
onto,22,4,18
griffith,22,22,0
pharmaceut,22,0,22
ecf,22,22,0
pour,22,2,20
ffffffstrongfont,22,0,22
driscol,22,22,0
spec,22,20,2
infrastructur,22,7,15
indianapoli,22,1,21
tablet,22,3,19
fosdick,22,22,0
andrew,22,16,6
cove,22,20,2
institut,22,11,11
debug,22,1,21
interpret,22,4,18
reform,22,0,22
rob,22,17,5
portal,22,13,9
unresolv,22,22,0
retain,22,16,6
submiss,22,9,13
porn,22,0,22
egpfc,22,22,0
revolutionari,22,1,21
cartridg,22,0,22
somewher,22,18,4
marri,22,5,17
cri,22,3,19
verg,22,0,22
inquiri,22,20,2
awesom,22,3,19
economi,22,13,9
task,22,14,8
daughter,22,5,17
formerli,22,15,7
maria,22,18,4
segment,22,9,13
dick,22,13,9
catherin,22,5,17
ground,21,5,16
flw,21,18,3
acr,21,0,21
straight,21,5,16
spl,21,16,5
mon,21,9,12
weekli,21,13,8
padr,21,19,2
senat,21,18,3
admin,21,21,0
background,21,7,14
kenni,21,20,1
matur,21,0,21
regali,21,0,21
christoph,21,17,4
estat,21,7,14
nobodi,21,11,10
scada,21,21,0
offsystem,21,21,0
dorcheu,21,21,0
antiviru,21,3,18
greatest,21,12,9
presenc,21,5,16
formosa,21,20,1
leadership,21,18,3
privileg,21,14,7
earth,21,10,11
lo,21,5,16
inact,21,17,4
sylvia,21,19,2
payabl,21,16,5
incorrectli,21,21,0
dougla,21,18,3
kingwood,21,21,0
felip,21,21,0
fuck,21,0,21
worldnet,21,21,0
pilot,21,19,2
re,21,14,7
sep,21,16,5
inter,21,17,4
mr,21,1,20
jump,21,4,17
pubiic,21,0,21
adopt,21,10,11
osborn,21,2,19
enronavailso,21,21,0
tip,21,11,10
fcv,21,21,0
magazin,21,10,11
louis,21,20,1
perez,21,20,1
samuel,21,16,5
ward,21,20,1
sam,21,20,1
declar,21,5,16
bulk,21,1,20
favorit,21,11,10
tara,21,18,3
encod,21,2,19
del,21,18,3
wester,21,21,0
tee,21,19,2
boat,21,13,8
germani,21,5,16
christin,21,17,4
van,21,14,7
maker,21,12,9
shoot,21,5,16
slow,21,12,9
catalogu,20,0,20
knew,20,9,11
jefferson,20,20,0
smi,20,20,0
bind,20,11,9
comparison,20,12,8
southwest,20,20,0
clarissa,20,20,0
cognit,20,0,20
machin,20,4,16
radio,20,8,12
bav,20,20,0
ellenberg,20,20,0
difficulti,20,17,3
eas,20,1,19
hedg,20,17,3
lift,20,9,11
push,20,10,10
chart,20,13,7
matthew,20,17,3
persist,20,5,15
luther,20,20,0
ultim,20,8,12
tradit,20,13,7
heat,20,14,6
detect,20,5,15
beyond,20,11,9
conclus,20,3,17
sand,20,5,15
bush,20,18,2
led,20,8,12
infect,20,1,19
pound,20,4,16
wall,20,11,9
oak,20,16,4
jersey,20,15,5
substanti,20,6,14
teen,20,2,18
cumul,20,15,5
garcia,20,19,1
compendia,20,0,20
cc,20,20,0
holli,20,19,1
beiiev,20,0,20
speaker,20,4,16
bold,20,4,16
liabil,20,14,6
webb,20,19,1
aris,20,12,8
trailer,20,0,20
downstream,20,18,2
blow,20,9,11
bigger,20,3,17
backout,20,20,0
allergi,20,3,17
instrument,20,10,10
cole,20,19,1
dat,20,17,3
dinner,20,20,0
li,20,0,20
adipren,20,0,20
warner,20,18,2
sandra,20,20,0
mcclure,20,20,0
itec,20,0,20
menu,20,16,4
bottl,20,0,20
valeri,20,19,1
clarifi,20,18,2
zyban,20,0,20
whenev,20,13,7
pian,20,0,20
chines,20,3,17
elig,20,16,4
ripley,19,16,3
danger,19,6,13
sordo,19,19,0
cartier,19,0,19
bye,19,3,16
ranger,19,19,0
surviv,19,13,6
extent,19,12,7
beth,19,17,2
acock,19,19,0
cavern,19,0,19
english,19,3,16
ballot,19,9,10
balfour,19,16,3
faith,19,8,11
donat,19,13,6
diseas,19,4,15
peak,19,14,5
saloonkeep,19,0,19
hunt,19,15,4
pgtt,19,19,0
await,19,9,10
omega,19,0,19
journal,19,10,9
washington,19,14,5
bronco,19,0,19
refund,19,7,12
recruit,19,15,4
fresh,19,5,14
relev,19,15,4
lack,19,7,12
dana,19,15,4
accrual,19,16,3
acrobat,19,2,17
mjg,19,19,0
lotto,19,0,19
oniin,19,0,19
pge,19,19,0
lightfoot,19,19,0
strength,19,10,9
norma,19,18,1
sens,19,13,6
shouid,19,0,19
mmcf,19,16,3
possess,19,11,8
dont,19,3,16
swbell,19,18,1
ronald,19,19,0
lyon,19,19,0
heinrich,19,16,3
alex,19,19,0
lynn,19,17,2
redraft,19,19,0
majorwitz,19,19,0
compat,19,2,17
anonym,19,0,19
tree,19,7,12
tune,19,12,7
carla,19,18,1
conner,19,17,2
upcom,19,11,8
youth,19,3,16
rep,19,10,9
proletariat,19,0,19
compiet,19,0,19
hm,19,19,0
diann,19,18,1
bay,19,3,16
knox,19,17,2
lord,19,12,7
swamp,19,2,17
warranti,19,1,18
baker,19,12,7
hilcorp,19,19,0
gray,19,14,5
juliann,19,19,0
coral,19,18,1
loudspeak,19,0,19
kam,19,19,0
honor,19,11,8
wood,19,12,7
saxet,19,19,0
andi,19,13,6
evid,19,17,2
oling,19,19,0
iwon,19,19,0
peter,19,13,6
flavin,19,19,0
nine,19,2,17
bag,18,12,6
schwarz,18,18,0
rodessa,18,18,0
ben,18,14,4
swisher,18,18,0
friendli,18,9,9
meridia,18,0,18
wifi,18,0,18
ich,18,0,18
tracker,18,7,11
nationa,18,0,18
shirt,18,15,3
northern,18,18,0
roy,18,6,12
laid,18,4,14
argu,18,4,14
wound,18,0,18
orlean,18,16,2
pine,18,18,0
fay,18,18,0
incorpor,18,11,7
ongo,18,11,7
copyright,18,11,7
architectur,18,5,13
exempt,18,8,10
teach,18,4,14
hoop,18,14,4
withdraw,18,13,5
soldier,18,0,18
speedway,18,0,18
injuri,18,0,18
dcenterfont,18,0,18
sustain,18,4,14
kenton,18,0,18
mandatori,18,14,4
tonya,18,16,2
mao,18,16,2
monica,18,6,12
portland,18,18,0
workshop,18,0,18
ina,18,17,1
superb,18,0,18
joy,18,8,10
gilbert,18,17,1
payn,18,16,2
folder,18,14,4
vou,18,0,18
shale,18,0,18
basketbal,18,15,3
bridgelin,18,18,0
explan,18,15,3
sql,18,4,14
pink,18,3,15
laser,18,0,18
barbara,18,18,0
mason,18,8,10
defici,18,17,1
plenti,18,7,11
divid,18,5,13
dysfunct,18,0,18
fraction,18,3,15
shankster,18,18,0
permiss,18,15,3
roster,18,3,15
woodland,18,14,4
decad,18,3,15
race,18,5,13
edmund,18,1,17
turbotax,18,18,0
divis,18,4,14
camden,18,15,3
comic,18,0,18
hpll,18,18,0
pgp,18,0,18
amp,18,0,18
oklahoma,18,7,11
partial,18,10,8
moder,18,5,13
olson,18,14,4
articl,18,5,13
silicon,18,2,16
unsubscript,18,0,18
restor,18,6,12
onlook,18,0,18
wors,18,13,5
appetit,18,2,16
degrad,18,3,15
residu,18,17,1
meantim,18,15,3
inject,18,12,6
subtot,18,18,0
rfp,18,18,0
hubco,18,18,0
fan,18,14,4
mous,18,7,11
accumul,18,2,16
cholesterol,18,0,18
kinder,18,18,0
choral,18,0,18
poem,18,4,14
inlet,18,18,0
commerc,18,7,11
demonstr,18,7,11
counter,18,13,5
mnei,18,0,18
bless,18,11,7
expans,18,3,15
miningnew,18,0,18
audienc,18,8,10
damag,18,10,8
complex,18,8,10
simul,18,4,14
ride,18,8,10
resort,18,15,3
baseboard,17,0,17
amsterdam,17,0,17
emma,17,3,14
cottonwood,17,2,15
swap,17,16,1
shi,17,5,12
pair,17,10,7
confess,17,9,8
demagnifi,17,0,17
architect,17,0,17
oppos,17,12,5
admir,17,3,14
roxann,17,1,16
montana,17,0,17
jacquelin,17,14,3
hgm,17,16,1
mass,17,10,7
staab,17,17,0
dia,17,0,17
mouth,17,2,15
gte,17,17,0
transmit,17,14,3
goron,17,17,0
pymt,17,17,0
buoy,17,0,17
arrow,17,3,14
cp,17,17,0
ine,17,0,17
telecommun,17,1,16
cloudburst,17,0,17
powel,17,16,1
kemp,17,17,0
talent,17,14,3
wit,17,4,13
gordon,17,16,1
nome,17,16,1
entitl,17,11,6
orgasm,17,0,17
beman,17,0,17
alia,17,0,17
piac,17,0,17
formal,17,11,6
ypil,17,0,17
reciev,17,8,9
instanc,17,13,4
chain,17,9,8
lewi,17,14,3
attl,17,17,0
vision,17,7,10
agra,17,0,17
vioxx,17,0,17
cruis,17,9,8
cliff,17,15,2
ebay,17,0,17
dupont,17,14,3
robinson,17,15,2
mit,17,1,16
sideback,17,0,17
profound,17,1,16
corpu,17,13,4
sperm,17,0,17
gross,17,9,8
hotlin,17,15,2
differenti,17,12,5
renew,17,3,14
anniversari,17,15,2
bibl,17,12,5
cox,17,12,5
conclud,17,7,10
brambl,17,0,17
tramadol,17,0,17
dutch,17,9,8
minu,17,14,3
roo,17,17,0
amoco,17,16,1
freedom,17,15,2
revers,17,13,4
moscoso,17,17,0
attorney,17,8,9
remedi,17,11,6
phase,17,11,6
godpar,17,0,17
rout,17,8,9
cartoon,17,0,17
jodi,17,15,2
concept,17,7,10
sarah,17,13,4
laport,17,17,0
shannon,17,15,2
unknown,17,7,10
de,17,3,14
upward,17,2,15
newli,17,15,2
gaza,17,0,17
ink,17,2,15
breakout,17,7,10
bundl,17,5,12
potentia,17,0,17
antoinett,17,16,1
food,17,4,13
scribner,17,17,0
domin,17,1,16
killer,17,0,17
legaci,17,2,15
dreyfuss,17,0,17
seriou,17,1,16
dent,17,0,17
millennium,17,7,10
chuck,17,17,0
span,17,2,15
turnaround,17,16,1
conserv,17,6,11
afloat,17,1,16
sky,17,3,14
chamber,17,10,7
footbal,17,14,3
adipex,17,0,17
karri,17,17,0
significantli,17,8,9
certifi,17,1,16
buzz,17,0,17
suffer,17,3,14
affair,17,9,8
lambert,17,15,2
cancer,17,4,13
jake,17,16,1
contractor,17,3,14
baytown,17,17,0
passport,17,2,15
byron,16,13,3
crankcas,16,0,16
viru,16,5,11
strongli,16,1,15
jimmi,16,14,2
eventu,16,8,8
pursu,16,8,8
forest,16,13,3
praxair,16,16,0
reieas,16,0,16
recharg,16,2,14
columbiaga,16,16,0
deficit,16,0,16
thruway,16,0,16
twice,16,8,8
kari,16,16,0
retroact,16,16,0
startup,16,12,4
mutual,16,2,14
neuner,16,16,0
typic,16,11,5
portabl,16,4,12
bypass,16,10,6
specifi,16,13,3
brcc,16,16,0
nax,16,0,16
artist,16,3,13
moodi,16,16,0
burdock,16,0,16
gatekeep,16,0,16
zimbabw,16,0,16
galveston,16,16,0
yard,16,2,14
renegoti,16,13,3
biochem,16,0,16
mke,16,16,0
healthcar,16,4,12
enfant,16,0,16
spirit,16,7,9
gem,16,3,13
distanc,16,6,10
asia,16,5,11
urg,16,4,12
tackett,16,16,0
movement,16,7,9
perkin,16,16,0
bleed,16,1,15
harder,16,9,7
paxil,16,0,16
ing,16,0,16
concentr,16,4,12
complic,16,5,11
loop,16,14,2
ronn,16,0,16
iali,16,0,16
stage,16,6,10
micro,16,1,15
azimuth,16,0,16
ron,16,16,0
chandeli,16,0,16
bennett,16,9,7
multipart,16,8,8
refurb,16,0,16
abacustech,16,16,0
chat,16,6,10
confront,16,0,16
ffo,16,0,16
hook,16,2,14
pma,16,16,0
dissolv,16,0,16
logic,16,15,1
madam,16,0,16
golden,16,4,12
bounc,16,8,8
huntley,16,0,16
retir,16,11,5
anymor,16,9,7
dead,16,6,10
penalti,16,10,6
cochran,16,0,16
keiser,16,16,0
krishnaswami,16,16,0
wyom,16,0,16
directori,16,7,9
hardwar,16,5,11
recap,16,16,0
carl,16,15,1
powder,16,9,7
cyclist,16,0,16
hydrocodon,16,0,16
lieuten,16,0,16
rose,16,10,6
rangel,16,16,0
departur,16,14,2
washbowl,16,0,16
tariff,16,3,13
cloth,16,7,9
ed,16,14,2
undu,16,0,16
abus,16,1,15
temporari,16,8,8
disput,16,6,10
stuart,16,15,1
klein,16,11,5
sacrific,16,1,15
dept,16,11,5
plc,16,3,13
reproduct,16,4,12
ford,16,15,1
anger,16,0,16
barnett,16,2,14
hedstrom,16,16,0
prick,16,1,15
grab,16,5,11
creditor,16,15,1
smtp,16,12,4
ot,16,16,0
disregard,16,16,0
dcenter,16,0,16
frame,16,13,3
hgpl,16,16,0
satisfactori,16,11,5
brain,16,6,10
rac,16,15,1
continuo,16,0,16
tank,16,4,12
imposs,16,2,14
boatload,16,0,16
oversea,16,1,15
ass,16,2,14
psalm,16,16,0
hardi,16,16,0
emai,16,0,16
frustrat,16,9,7
rea,16,1,15
expedit,16,11,5
kick,16,15,1
checkout,16,8,8
dreamwav,16,0,16
platelet,16,1,15
stipul,16,3,13
hast,16,10,6
mogi,16,0,16
laugh,16,6,10
suspens,16,2,14
furthermor,16,4,12
tradestar,16,0,16
corner,16,13,3
shirley,16,15,1
bev,16,16,0
broomcorn,16,0,16
canopi,16,0,16
stake,16,2,14
seal,16,13,3
janzen,16,16,0
bell,16,5,11
popul,16,9,7
suppress,16,3,13
alan,16,15,1
quasar,16,0,16
cryptogram,16,0,16
westmoreland,16,16,0
appal,16,0,16
gallantri,16,0,16
jayant,16,16,0
mcconnel,16,12,4
debacl,16,0,16
app,15,10,5
encrypt,15,1,14
authoris,15,12,3
wholli,15,6,9
csgt,15,15,0
additiona,15,0,15
extravaganza,15,0,15
mcfd,15,15,0
shove,15,0,15
postal,15,8,7
bamako,15,0,15
kitchen,15,12,3
ruth,15,10,5
cast,15,7,8
cubic,15,0,15
abhor,15,0,15
kendal,15,14,1
stepp,15,0,15
compris,15,7,8
credenti,15,1,14
deep,15,3,12
allot,15,4,11
beat,15,11,4
outlin,15,14,1
consumpt,15,6,9
canaan,15,0,15
virtual,15,5,10
mesmer,15,0,15
pagemak,15,0,15
scroll,15,5,10
statesmen,15,0,15
thirti,15,6,9
perfor,15,0,15
durrel,15,0,15
lend,15,12,3
nanci,15,15,0
tight,15,7,8
reconcil,15,14,1
invalid,15,11,4
plane,15,11,4
bender,15,0,15
shortag,15,12,3
loo,15,0,15
dang,15,0,15
clark,15,9,6
brande,15,15,0
orig,15,15,0
gen,15,1,14
seminar,15,7,8
trace,15,2,13
jul,15,12,3
cleco,15,15,0
water,15,2,13
batcheld,15,1,14
apac,15,1,14
broadcast,15,2,13
par,15,5,10
nitrat,15,0,15
rao,15,14,1
amor,15,0,15
vandenberg,15,0,15
phrase,15,9,6
sherri,15,13,2
cradl,15,0,15
biota,15,0,15
twit,15,0,15
ambul,15,0,15
leverag,15,8,7
rem,15,4,11
haley,15,13,2
conciliatori,15,0,15
embarrass,15,1,14
timelin,15,15,0
embassi,15,11,4
clobber,15,0,15
lilli,15,14,1
levi,15,12,3
tonk,15,2,13
rapid,15,4,11
fisher,15,13,2
sorenson,15,15,0
restat,15,15,0
unchristian,15,0,15
pleu,15,15,0
parrot,15,15,0
cwtd,15,0,15
fioricet,15,0,15
compromis,15,2,13
blanchard,15,12,3
unpath,15,15,0
myrrh,15,0,15
proud,15,9,6
blay,15,15,0
lane,15,12,3
dupe,15,0,15
lubrizol,15,15,0
xual,15,0,15
embargo,15,0,15
cycl,15,13,2
dreyfu,15,15,0
mclarney,15,15,0
dean,15,10,5
accommod,15,10,5
charybdi,15,0,15
anbsp,15,0,15
massey,15,2,13
dashboard,15,0,15
earthquak,15,2,13
bone,15,4,11
doveki,15,0,15
eugen,15,8,7
declin,15,9,6
degeneraci,15,0,15
pan,15,13,2
nbc,15,10,5
coal,15,9,6
ran,15,9,6
aliv,15,5,10
outlet,15,3,12
disclaim,15,3,12
redhead,15,0,15
divers,15,0,15
india,15,4,11
joyc,15,14,1
funni,15,10,5
raymond,15,8,7
everyday,15,7,8
trend,15,5,10
cinergi,15,15,0
rascal,15,0,15
gissin,15,0,15
ignor,15,7,8
lehman,15,13,2
yanowski,15,15,0
picl,15,15,0
lauer,15,15,0
stupid,15,3,12
happenst,15,0,15
citgo,15,15,0
heretofor,15,0,15
everybodi,15,7,8
riversid,15,15,0
mexico,15,7,8
auditor,15,2,13
dba,15,15,0
garza,15,15,0
exe,15,8,7
influenti,15,0,15
clock,15,1,14
exampi,15,0,15
habit,15,0,15
penetr,15,0,15
sharp,15,5,10
copper,15,0,15
begun,15,6,9
aybar,15,15,0
bandwidth,15,12,3
perhap,15,11,4
eugenio,15,14,1
