,frequency,frequency_ham,frequency_spam
ect,11780,11776,4
hou,7283,7279,4
enron,5768,5768,0
deal,3371,3272,99
pleas,2905,2465,440
ga,2809,2654,155
meter,2510,2508,2
hpl,2204,2204,0
thank,2013,1853,160
need,1901,1586,315
forward,1777,1580,197
corp,1758,1698,60
daren,1697,1697,0
price,1585,944,641
volum,1554,1532,22
subject,1517,1372,145
know,1497,1347,150
day,1426,1190,236
ectcc,1386,1386,0
mmbtu,1354,1354,0
pmto,1345,1343,2
new,1339,933,406
may,1310,912,398
compani,1219,419,800
chang,1196,1134,62
product,1189,823,366
see,1155,970,185
attach,1126,1104,22
nom,1123,1122,1
let,1106,1031,75
amto,1095,1093,2
farmer,1084,1069,15
inform,1068,654,414
time,1056,663,393
contract,1024,981,43
xl,1019,1019,0
messag,999,727,272
month,973,827,146
nomin,958,940,18
mail,953,687,266
call,930,781,149
one,925,546,379
sale,898,725,173
follow,884,777,107
use,875,519,356
question,848,807,41
flow,844,821,23
robert,813,801,12
juli,798,775,23
sitara,795,795,0
email,791,362,429
file,790,719,71
want,778,533,245
texa,761,731,30
look,758,436,322
ticket,736,717,19
energi,736,610,126
work,729,483,246
ectsubject,725,725,0
list,720,520,200
pec,709,709,0
servic,704,445,259
number,698,496,202
ena,693,693,0
manag,681,541,140
report,670,403,267
actual,652,594,58
origin,632,580,52
make,623,401,222
net,621,426,195
order,621,379,242
purchas,614,546,68
receiv,606,436,170
system,583,397,186
take,583,385,198
busi,573,317,256
back,571,417,154
contact,570,353,217
effect,562,463,99
market,562,299,263
per,552,435,117
help,550,433,117
schedul,541,532,9
provid,525,301,224
march,523,492,31
includ,518,275,243
avail,514,292,222
account,507,291,216
request,504,435,69
secur,503,76,427
inc,502,246,256
statement,501,80,421
april,501,487,14
deliveri,500,462,38
stock,496,76,420
alloc,494,492,2
sent,494,369,125
gari,490,488,2
mari,487,476,11
well,486,364,122
first,486,343,143
current,481,380,101
trade,480,331,149
week,478,345,133
year,478,285,193
today,477,290,187
set,477,406,71
offic,476,242,234
rate,474,329,145
transport,472,452,20
bob,471,467,4
issu,467,422,45
base,463,297,166
line,463,265,198
show,462,384,78
font,461,2,459
daili,461,440,21
plant,459,442,17
free,457,179,278
offer,456,160,296
addit,443,365,78
name,438,301,137
oper,438,302,136
invest,436,44,392
custom,434,269,165
revis,431,424,7
creat,429,378,51
teco,428,428,0
oil,415,284,131
nbsp,414,0,414
activ,412,359,53
group,411,314,97
meet,408,350,58
june,405,384,21
ami,402,397,5
tenaska,402,402,0
last,401,266,135
point,397,352,45
click,397,180,217
process,394,280,114
north,393,348,45
vanc,391,390,1
america,390,333,57
send,390,278,112
agreement,388,338,50
date,388,308,80
think,385,324,61
januari,384,324,60
within,383,107,276
georg,375,365,10
less,371,277,94
expect,370,146,224
next,368,250,118
term,368,242,126
two,365,247,118
houston,365,358,7
fuel,362,351,11
confirm,362,294,68
save,360,99,261
regard,360,240,120
address,360,197,163
give,360,247,113
note,357,293,64
pill,353,0,353
start,351,247,104
path,349,348,1
height,348,2,346
enter,347,286,61
plan,347,274,73
due,346,239,107
total,344,274,70
desk,342,327,15
tap,341,340,1
fax,340,237,103
come,339,234,105
find,334,222,112
made,332,199,133
updat,332,277,55
smith,331,323,8
jacki,330,328,2
link,329,126,203
tri,329,212,117
pipelin,325,322,3
place,324,218,106
size,323,16,307
complet,322,215,107
onlin,321,86,235
melissa,320,320,0
problem,319,253,66
best,318,105,213
continu,317,219,98
cotten,316,316,0
pat,315,315,0
august,314,301,13
money,313,49,264
friday,313,285,28
hour,313,182,131
enroncc,312,312,0
develop,312,183,129
end,309,245,64
check,309,232,77
review,307,223,84
octob,305,300,5
util,303,285,18
pay,303,191,112
lisa,300,299,1
state,300,157,143
estim,300,206,94
gener,299,136,163
transact,299,238,61
team,299,257,42
chokshi,299,299,0
requir,296,169,127
width,295,1,294
interest,295,141,154
special,295,100,195
project,292,97,195
home,291,158,133
good,291,166,125
taylor,290,288,2
resourc,289,255,34
sure,288,249,39
futur,288,92,196
person,287,185,102
counterparti,286,286,0
move,286,192,94
right,286,164,122
david,286,280,6
aime,286,286,0
phone,285,181,104
steve,284,283,1
copi,283,178,105
john,282,269,13
mani,282,91,191
still,281,220,61
buy,281,160,121
discuss,280,239,41
fee,280,252,28
high,279,115,164
peopl,279,165,114
remov,279,50,229
internet,279,105,174
increas,278,160,118
septemb,277,261,16
duke,276,272,4
susan,276,275,1
mark,275,255,20
hplc,274,274,0
said,274,165,109
megan,273,271,2
correct,271,257,14
result,270,61,209
suppli,268,234,34
decemb,267,253,14
info,267,99,168
michael,267,254,13
hsc,267,267,0
site,267,95,172
risk,266,116,150
spot,266,253,13
detail,265,141,124
believ,265,117,148
monday,265,237,28
unit,264,172,92
control,264,176,88
way,263,165,98
feb,263,244,19
posit,262,137,125
februari,262,254,8
global,261,220,41
ask,261,212,49
tom,261,254,7
differ,260,152,108
go,259,193,66
cost,258,149,109
keep,258,178,80
novemb,257,246,11
ship,257,89,168
extend,257,220,37
natur,256,181,75
industri,256,148,108
lloyd,255,254,1
eastran,252,252,0
put,251,204,47
access,251,182,69
perform,250,110,140
intern,249,72,177
support,249,176,73
young,248,207,41
jan,248,220,28
possibl,248,193,55
aol,247,240,7
fyi,246,246,0
sell,246,154,92
even,244,126,118
grave,242,236,6
invoic,242,240,2
book,241,193,48
brian,239,233,6
begin,239,195,44
past,239,78,161
computron,238,0,238
softwar,237,35,202
repli,237,74,163
million,236,47,189
respons,236,202,34
clyne,234,234,0
unifi,234,233,1
power,233,134,99
wellhead,233,233,0
align,233,13,220
mobil,232,132,100
locat,232,175,57
employe,231,222,9
news,231,39,192
abl,230,179,51
share,229,54,175
thursday,229,214,15
produc,228,174,54
bill,228,166,62
data,226,172,54
txu,224,224,0
hplno,224,224,0
act,223,28,195
must,223,144,79
demand,221,194,27
everi,221,116,105
parti,221,119,102
great,220,120,100
advis,219,152,67
done,218,191,27
howard,218,217,1
agre,218,189,29
form,217,144,73
section,217,79,138
face,216,22,194
part,215,121,94
meyer,215,214,1
center,215,117,98
window,215,47,168
tuesday,214,196,18
much,214,120,94
lannou,214,214,0
long,213,95,118
visit,213,86,127
limit,212,115,97
option,211,157,54
world,211,48,163
commun,210,133,77
prior,209,146,63
hank,209,205,4
without,208,87,121
read,208,104,104
get,207,144,63
program,206,96,110
record,206,144,62
gather,205,183,22
final,204,154,50
zero,204,184,20
lee,203,200,3
dec,203,178,25
field,203,172,31
via,202,98,104
say,202,106,96
thing,202,119,83
type,202,133,69
technolog,201,33,168
charg,199,132,67
handl,199,186,13
pef,198,198,0
thru,198,192,6
border,198,2,196
web,197,117,80
color,196,5,191
doc,196,191,5
cec,195,195,0
gc,195,195,0
talk,194,153,41
track,194,159,35
dollar,193,57,136
feel,193,100,93
understand,192,137,55
jame,192,183,9
direct,192,130,62
applic,191,106,85
comcc,191,191,0
weissman,191,191,0
assist,191,125,66
low,190,42,148
hplo,190,190,0
user,189,119,70
corpor,189,113,76
pipe,188,184,4
firm,188,166,22
approv,188,105,83
soon,187,147,40
deliv,185,132,53
buyback,184,184,0
releas,184,88,96
someon,184,146,38
hope,183,143,40
paid,182,115,67
enronsubject,182,182,0
fact,181,43,138
spreadsheet,181,181,0
financi,181,106,75
stop,180,46,134
pop,179,168,11
index,179,74,105
allen,177,172,5
carlo,177,177,0
katherin,177,176,1
famili,177,56,121
mean,176,75,101
add,176,132,44
error,176,123,53
logist,175,172,3
content,175,63,112
close,174,124,50
camp,174,172,2
caus,174,88,86
payment,173,116,57
anyth,172,151,21
page,172,128,44
imag,172,73,99
public,171,44,127
top,171,58,113
tax,171,130,41
event,171,49,122
valid,170,152,18
href,170,0,170
cover,170,149,21
adjust,170,167,3
either,170,140,30
anoth,168,127,41
period,167,155,12
three,167,106,61
indic,167,84,83
microsoft,167,17,150
allow,167,121,46
reflect,167,160,7
enronxg,166,166,0
old,166,124,42
kati,166,163,3
advic,166,24,142
wynn,166,164,2
wednesday,166,158,8
featur,166,45,121
regist,166,66,100
medic,165,10,155
profession,165,15,150
suit,164,89,75
run,164,114,50
mike,164,161,3
swing,163,158,5
concern,163,124,39
explor,163,103,60
relat,162,109,53
letter,162,106,56
notic,162,114,48
expir,162,140,22
websit,161,74,87
intend,161,93,68
src,160,0,160
rita,160,160,0
love,160,73,87
william,159,153,6
amount,159,134,25
imbal,159,158,1
equistar,159,159,0
announc,159,63,96
got,158,97,61
case,157,94,63
survey,157,151,6
anita,157,157,0
item,157,136,21
full,156,48,108
contain,155,56,99
sourc,155,28,127
morn,155,128,27
partner,154,85,69
might,154,100,54
calpin,154,154,0
return,154,113,41
document,153,114,39
yahoo,153,104,49
better,153,71,82
expens,152,92,60
prescript,152,1,151
credit,151,71,80
gco,150,150,0
alreadi,150,107,43
assign,150,140,10
ad,150,113,37
view,149,86,63
bank,149,34,115
area,149,83,66
ee,149,149,0
repres,148,76,72
present,148,93,55
import,147,86,61
exchang,147,82,65
thought,147,103,44
facil,147,128,19
hold,147,63,84
refer,147,93,54
entex,147,147,0
clear,146,122,24
open,146,86,60
thu,146,125,21
ciali,146,0,146
download,146,50,96
tdtd,146,0,146
aep,145,145,0
suggest,145,90,55
cotton,145,143,2
cut,145,119,26
materi,145,29,116
reason,145,69,76
citi,144,83,61
ray,143,141,2
qualiti,142,39,103
involv,142,60,82
brenda,142,141,1
reserv,142,96,46
impact,141,116,25
tomorrow,141,137,4
hotmail,141,135,6
real,141,45,96
action,141,39,102
sever,141,111,30
viagra,140,0,140
redeliveri,140,140,0
lst,140,121,19
coastal,139,138,1
storag,139,108,31
valley,139,137,2
select,139,89,50
darren,138,138,0
distribut,138,93,45
transfer,138,41,97
valu,138,90,48
ranch,138,137,1
canada,138,69,69
someth,137,109,28
scott,137,130,7
effort,137,80,57
fred,137,136,1
soft,136,0,136
donald,136,134,2
parker,136,132,4
never,136,58,78
around,136,98,38
fill,136,86,50
sherlyn,135,135,0
alway,135,60,75
littl,135,67,68
drug,135,0,135
clem,133,133,0
word,133,48,85
wish,133,45,88
lauri,133,133,0
stephani,133,130,3
game,133,75,58
comput,132,44,88
big,132,93,39
weekend,132,100,32
acton,131,130,1
rodriguez,131,131,0
watch,131,24,107
properti,131,40,91
unsubscrib,131,64,67
appear,131,101,30
second,131,61,70
shut,130,124,6
play,130,68,62
charli,129,124,5
midcon,129,129,0
med,129,0,129
yet,129,103,26
richard,129,121,8
miss,128,109,19
verifi,128,114,14
sign,128,70,58
solut,128,38,90
box,127,69,58
anyon,127,96,31
prepar,127,103,24
newslett,127,15,112
cash,126,51,75
level,126,82,44
everyon,126,99,27
investor,126,18,108
accept,126,50,76
opportun,126,63,63
remain,125,103,22
life,125,27,98
adob,125,2,123
commerci,125,55,70
donna,125,124,1
later,125,100,25
style,125,5,120
asset,124,98,26
termin,124,104,20
consid,124,34,90
stone,124,118,6
central,124,101,23
sept,123,122,1
respect,123,46,77
immedi,123,57,66
lsk,123,123,0
east,123,107,16
fund,122,28,94
associ,122,94,28
answer,122,93,29
except,122,109,13
hplnl,122,122,0
karen,122,121,1
promot,121,61,60
head,121,86,35
carthag,121,119,2
schumack,121,121,0
friend,121,66,55
network,121,45,76
connect,120,68,52
vltx,120,120,0
found,120,74,46
small,120,60,60
write,120,60,60
fix,120,72,48
arrang,119,98,21
claim,119,20,99
star,119,94,25
server,119,56,63
resolv,119,116,3
recent,119,54,65
stacey,119,118,1
third,119,45,74
countri,119,32,87
night,118,84,34
luong,118,118,0
hess,118,116,2
left,118,98,20
beaumont,118,115,3
happen,118,75,43
version,117,69,48
ce,117,112,5
publish,116,16,100
dow,116,106,10
titl,116,18,98
determin,116,99,17
feedback,116,112,4
retail,116,22,94
rememb,116,54,62
appreci,116,106,10
edward,116,111,5
tell,115,77,38
normal,115,32,83
easi,115,29,86
union,115,107,8
presid,115,78,37
man,115,37,78
papayoti,114,114,0
legal,114,78,36
member,114,68,46
capit,114,72,42
lamphier,114,114,0
receipt,114,89,25
basi,113,97,16
late,113,59,54
code,113,68,45
herod,113,113,0
bring,112,74,38
lead,112,61,51
exxon,112,109,3
wait,112,55,57
settlement,112,107,5
flash,112,74,38
execut,112,78,34
mention,111,78,33
victor,111,111,0
care,111,62,49
lot,111,38,73
cynthia,111,109,2
thoma,111,100,11
mailto,110,98,12
dfarmer,110,110,0
probabl,110,95,15
balanc,110,96,14
html,110,20,90
paliourg,110,0,110
roll,110,102,8
side,110,61,49
neal,109,108,1
cheryl,109,108,1
necessari,109,69,40
outag,108,108,0
turn,108,55,53
brand,108,10,98
particip,108,64,44
decid,108,53,55
target,108,13,95
approxim,107,81,26
pro,107,1,106
tab,107,27,80
notifi,107,98,9
dave,107,104,3
valero,107,107,0
loss,107,43,64
reduc,106,75,31
mid,106,89,17
monthli,106,91,15
identifi,106,55,51
sorri,106,98,8
voip,105,0,105
duti,105,16,89
koch,105,105,0
afternoon,105,103,2
submit,105,97,8
jone,104,93,11
profil,104,20,84
hear,104,74,30
success,104,51,53
travel,103,73,30
portfolio,103,75,28
togeth,103,86,17
etc,103,72,31
everyth,103,57,46
stay,103,77,26
stack,103,101,2
guarante,103,19,84
join,103,70,33
doctor,103,10,93
specif,103,75,28
potenti,103,46,57
format,103,26,77
cornhusk,103,103,0
janet,103,100,3
mcf,103,99,4
bryan,103,103,0
password,103,90,13
kind,102,37,65
channel,102,65,37
zone,102,85,17
depart,102,42,60
drive,102,31,71
enserch,101,101,0
print,101,81,20
liz,101,101,0
reach,101,50,51
major,101,30,71
readi,101,63,38
jim,101,100,1
realli,101,57,44
latest,101,47,54
privat,100,27,73
express,100,36,64
learn,100,43,57
live,100,49,51
white,100,75,25
lsp,100,100,0
becom,99,42,57
leav,99,75,24
jeff,99,94,5
guy,99,78,21
exist,99,66,33
occur,99,55,44
trader,99,91,8
ken,99,98,1
bridg,99,82,17
hard,99,37,62
physic,99,87,12
south,99,54,45
awar,98,50,48
pass,98,69,29
cleburn,98,98,0
lone,97,88,9
minut,97,26,71
waha,97,97,0
baumbach,97,97,0
eol,97,97,0
oasi,97,96,1
longer,97,54,43
health,97,5,92
matter,97,53,44
poorman,97,97,0
php,96,0,96
build,96,54,42
shop,96,55,41
reinhardt,96,96,0
gain,96,33,63
china,96,4,92
away,96,49,47
growth,96,28,68
tess,96,94,2
director,96,46,50
enhanc,96,41,55
given,96,52,44
statu,96,86,10
card,95,40,55
design,95,37,58
bgcolor,95,0,95
individu,95,67,28
browser,95,20,75
train,95,90,5
strong,94,8,86
sold,94,62,32
financ,94,21,73
green,94,64,30
jennif,94,92,2
video,93,21,72
short,93,53,40
anticip,93,17,76
noth,93,40,53
test,92,63,29
confidenti,92,48,44
stella,92,90,2
ali,92,2,90
methanol,92,92,0
prize,92,41,51
ensur,92,72,20
bellami,92,90,2
boa,92,91,1
told,92,74,18
edit,91,26,65
chanc,91,67,24
ltd,91,73,18
king,91,76,15
room,91,71,20
accord,90,65,25
voic,90,52,38
whole,90,73,17
pull,90,74,16
enjoy,90,46,44
iferc,90,90,0
apach,90,87,3
revenu,90,18,72
riley,90,90,0
subscrib,89,19,70
thousand,89,8,81
easttexa,89,89,0
gif,89,2,87
propos,89,60,29
enrononlin,89,89,0
initi,89,61,28
discount,89,27,62
key,89,49,40
aepin,89,89,0
directli,89,63,26
step,88,63,25
draft,88,85,3
nov,88,79,9
feder,87,14,73
comment,87,80,7
light,87,42,45
hill,87,77,10
experi,86,39,47
hall,86,86,0
gpgfin,86,86,0
herrera,86,86,0
morri,86,85,1
avila,86,86,0
spoke,86,83,3
lose,86,10,76
quick,86,28,58
age,86,18,68
nation,86,30,56
function,86,76,10
though,86,63,23
quot,85,47,38
teja,85,85,0
commit,85,62,23
upon,85,45,40
seek,85,11,74
packag,85,54,31
happi,85,34,51
nguyen,85,84,1
benefit,85,40,45
pain,85,4,81
spam,85,1,84
improv,85,33,52
choos,85,37,48
owner,85,68,17
taken,85,57,28
jpg,85,19,66
object,85,34,51
devon,85,85,0
vacat,85,78,7
men,84,10,74
convers,84,55,29
factor,84,31,53
profit,84,26,58
girl,84,14,70
idea,84,63,21
class,84,58,26
cernosek,83,83,0
saturday,83,83,0
lamadrid,83,83,0
capac,83,71,12
abil,83,43,40
oct,83,78,5
god,83,54,29
kevin,83,82,1
worldwid,83,24,59
instruct,83,25,58
opinion,83,23,60
appli,82,63,19
four,82,33,49
eileen,82,82,0
load,82,37,45
larg,81,25,56
reliantenergi,81,81,0
earl,81,78,3
complianc,81,9,72
park,81,72,9
protect,80,23,57
plu,80,47,33
staff,80,66,14
shell,80,59,21
dear,80,35,45
affect,80,58,22
took,80,53,27
affili,80,30,50
salli,80,78,2
mar,80,65,15
interconnect,80,80,0
kill,79,52,27
cdnow,79,79,0
walker,79,78,1
melissajon,79,79,0
analyst,79,70,9
beverli,79,76,3
wither,79,78,1
hub,79,76,3
land,79,48,31
valign,79,0,79
press,79,18,61
excess,79,62,17
johnson,79,73,6
entir,78,53,25
super,78,7,71
referenc,78,61,17
store,78,29,49
forc,78,56,22
bruce,78,77,1
quantiti,78,59,19
music,78,27,51
pictur,78,50,28
sat,78,59,19
ofth,78,40,38
model,78,44,34
mind,78,37,41
earli,78,63,15
albrecht,78,76,2
stranger,77,76,1
kc,77,77,0
safe,77,16,61
measur,77,55,22
paso,77,77,0
vol,77,70,7
lower,77,43,34
standard,77,55,22
enw,77,77,0
condit,77,40,37
dan,77,69,8
pick,77,35,42
ponton,77,77,0
sandi,77,76,1
databas,77,43,34
purpos,77,40,37
other,77,49,28
coupl,76,61,15
reader,76,1,75
enerfin,76,76,0
advanc,76,36,40
mccoy,76,75,1
btu,76,75,1
tina,75,73,2
sun,75,47,28
monitor,75,60,15
post,75,59,16
superti,75,75,0
went,75,55,20
hello,75,16,59
consult,75,13,62
certain,75,19,56
weight,74,2,72
eric,74,65,9
expedia,74,74,0
biz,74,0,74
school,74,52,22
enough,74,42,32
non,74,54,20
entri,74,60,14
pharmaci,74,0,74
hey,74,44,30
phillip,73,70,3
half,73,25,48
carri,73,32,41
attent,73,41,32
intrast,73,73,0
sex,73,1,72
moopid,73,0,73
text,73,26,47
pool,73,66,7
neon,73,73,0
hotlist,73,0,73
air,73,34,39
match,73,49,24
cell,73,64,9
bodi,73,6,67
goal,73,31,42
agent,73,39,34
tisdal,72,72,0
draw,72,10,62
seem,72,55,17
rest,72,47,25
photoshop,72,0,72
perfect,72,17,55
simpli,72,33,39
button,72,48,24
terri,72,69,3
cheap,72,2,70
acquisit,72,14,58
charlott,72,67,5
earn,72,29,43
fwd,71,46,25
dynegi,71,71,0
sunday,71,58,13
comsubject,71,71,0
fast,71,19,52
trtrtd,70,0,70
licens,70,7,63
respond,70,59,11
elizabeth,70,67,3
none,70,21,49
broker,70,38,32
ago,70,35,35
black,70,43,27
instal,70,44,26
research,70,39,31
transit,70,63,7
mop,69,68,1
averag,69,41,28
river,69,49,20
american,69,34,35
player,69,44,25
middl,69,13,56
gift,69,49,20
attend,69,56,13
blue,69,56,13
ceo,69,41,28
wide,69,9,60
forth,69,44,25
relief,68,17,51
svc,68,66,2
instant,68,14,54
hot,68,8,60
gulf,68,66,2
hesco,68,68,0
dealer,68,1,67
fun,67,33,34
hakemack,67,67,0
govern,67,20,47
kimberli,67,66,1
held,67,45,22
jill,67,65,2
olsen,67,67,0
consum,67,25,42
san,67,38,29
structur,67,50,17
advantag,67,22,45
tool,67,33,34
rebecca,66,65,1
yesterday,66,59,7
resum,66,61,5
leader,66,25,41
electr,66,48,18
rule,66,42,24
grant,66,61,5
integr,66,17,49
assum,66,64,2
five,66,31,35
administr,66,51,15
counti,66,56,10
previous,66,59,7
london,66,50,16
role,66,61,5
holm,65,64,1
asap,65,64,1
colspan,65,0,65
exampl,65,30,35
whether,65,52,13
mckay,65,65,0
pinion,65,64,1
tammi,65,64,1
situat,65,56,9
organ,65,46,19
competit,65,10,55
negoti,65,32,33
drill,64,30,34
dvd,64,7,57
uncertainti,64,3,61
knle,64,0,64
gtc,64,64,0
paper,64,39,25
copano,64,64,0
coordin,64,52,12
serv,64,43,21
common,64,38,26
assur,64,9,55
gome,64,64,0
excit,64,39,25
bad,64,28,36
louisiana,63,55,8
prefer,63,35,28
car,63,22,41
near,63,28,35
prc,63,58,5
appropri,63,56,7
spinnak,63,61,2
ye,63,46,17
collect,63,35,28
california,63,49,14
iit,62,0,62
sheet,62,44,18
valadez,62,62,0
spring,62,50,12
brazo,62,62,0
heard,62,42,20
christi,62,60,2
exactli,62,9,53
foreign,62,4,58
trevino,62,61,1
job,62,48,14
demokrito,62,0,62
cass,62,62,0
holiday,61,46,15
grow,61,13,48
corel,61,0,61
worth,61,21,40
chad,61,58,3
brown,61,54,7
valium,61,0,61
bought,61,34,27
histor,61,31,30
evergreen,61,58,3
reveffo,61,61,0
hous,61,23,38
digit,61,14,47
petroleum,61,48,13
bid,61,58,3
decis,61,31,30
greater,61,46,15
southern,61,53,8
quit,61,20,41
enterpris,61,12,49
kim,61,56,5
paragraph,60,18,42
histori,60,28,32
eye,60,30,30
search,60,18,42
unaccount,60,60,0
recommend,60,20,40
apr,60,49,11
manual,60,36,24
station,60,52,8
agenc,60,47,13
cours,60,36,24
rolex,60,0,60
assumpt,60,10,50
linda,60,58,2
mill,60,54,6
prod,60,59,1
tufco,60,60,0
similar,59,35,24
sincer,59,27,32
goe,59,37,22
invit,59,39,20
img,59,0,59
fare,59,54,5
kelli,59,59,0
ricki,59,57,2
greg,59,58,1
compar,59,13,46
local,59,17,42
delet,59,51,8
west,59,46,13
welcom,59,44,15
quarter,58,23,35
red,58,27,31
entiti,58,48,10
launch,58,43,15
troy,58,58,0
liquid,58,40,18
mine,58,8,50
pre,58,31,27
came,58,35,23
registr,58,39,19
annual,58,19,39
xanax,58,0,58
outstand,58,29,29
crosstex,58,58,0
owe,58,47,11
est,57,26,31
polici,57,41,16
obtain,57,32,25
expand,57,30,27
aug,57,43,14
delta,57,49,8
fine,57,38,19
exclus,57,15,42
die,57,3,54
mtr,57,57,0
usa,57,43,14
panenergi,57,57,0
sec,57,12,45
altern,57,30,27
chri,57,56,1
recipi,56,54,2
rnd,56,0,56
region,56,32,24
compens,56,8,48
media,56,19,37
ew,56,56,0
winfre,56,56,0
award,56,15,41
hundr,56,7,49
input,56,52,4
clean,56,48,8
stand,56,34,22
acquir,56,7,49
summari,56,53,3
elect,55,49,6
categori,55,15,40
kenneth,55,47,8
buyer,55,51,4
texaco,55,52,3
along,55,41,14
gdp,55,55,0
jebel,55,0,55
drop,55,32,23
specul,55,0,55
neuweil,55,55,0
instead,55,41,14
daniel,55,53,2
logo,55,3,52
lake,55,42,13
remind,55,43,12
usag,55,42,13
epgt,55,55,0
parent,55,38,17
trip,55,39,16
congratul,55,16,39
tetco,54,54,0
dth,54,54,0
women,54,5,49
pager,54,54,0
across,54,44,10
combin,54,32,22
macromedia,54,0,54
board,54,37,17
heidi,54,54,0
hotel,54,42,12
hanson,54,52,2
chairman,54,44,10
stephen,54,51,3
goliad,54,54,0
certif,54,43,11
marta,54,54,0
own,54,28,26
sharehold,54,9,45
multipl,54,24,30
door,54,13,41
erect,54,0,54
wed,54,33,21
kristen,54,54,0
least,53,34,19
jeffrey,53,53,0
gisb,53,53,0
known,53,8,45
primari,53,40,13
wholesal,53,41,12
encina,53,53,0
huge,53,1,52
rank,53,33,20
cd,53,6,47
cross,53,38,15
sullivan,53,49,4
golf,53,51,2
wast,53,3,50
variou,53,24,29
calendar,53,45,8
beati,53,53,0
cpr,52,52,0
avoid,52,21,31
htmlimg,52,0,52
billion,52,14,38
ext,52,45,7
martin,52,47,5
contribut,52,38,14
rang,52,19,33
analysi,52,45,7
percent,52,17,35
higher,52,28,24
screen,52,31,21
cap,52,17,35
basin,52,38,14
law,52,23,29
coupon,52,24,28
royal,52,48,4
met,52,41,11
extens,52,39,13
dalla,52,48,4
sit,52,37,15
educ,52,21,31
paul,51,48,3
calcul,51,29,22
lonestar,51,51,0
walli,51,50,1
seen,51,24,27
ifercl,51,51,0
committe,51,42,9
strategi,51,15,36
focu,51,33,18
procedur,51,34,17
peni,51,1,50
conflict,51,12,39
fri,51,38,13
mayb,51,41,10
floor,51,44,7
popular,51,3,48
mainten,51,46,5
wilson,51,32,19
children,51,12,39
bankruptci,51,31,20
column,51,47,4
far,51,33,18
log,50,44,6
author,50,25,25
singl,50,24,26
critic,50,40,10
jackson,50,48,2
bit,50,27,23
senior,50,41,9
interview,50,46,4
alert,50,6,44
treat,50,22,28
rick,50,50,0
pgev,50,50,0
csiko,50,50,0
hit,50,37,13
memo,50,50,0
preliminari,50,49,1
speed,50,19,31
brandywin,50,48,2
movi,50,4,46
broadband,50,24,26
intent,50,14,36
captur,50,44,6
spend,50,25,25
sweeney,50,50,0
transmiss,50,40,10
hand,49,24,25
europ,49,24,25
budget,49,39,10
advertis,49,4,45
ook,49,0,49
urgent,49,17,32
wife,49,11,38
behalf,49,38,11
herein,49,10,39
henderson,49,49,0
amazon,49,44,5
sap,49,47,2
win,49,14,35
afford,49,7,42
smoke,49,2,47
warn,48,24,24
swift,48,47,1
privaci,48,20,28
msn,48,46,2
migrat,48,48,0
cabl,48,10,38
usb,48,2,46
maintain,48,31,17
road,48,26,22
somehow,48,5,43
separ,48,42,6
yap,48,0,48
hplnol,48,48,0
varianc,48,48,0
pena,48,48,0
citibank,48,17,31
experienc,48,29,19
father,48,16,32
earlier,48,40,8
deposit,48,4,44
guess,47,37,10
gold,47,1,46
mitchel,47,46,1
matt,47,40,7
port,47,21,26
implement,47,41,6
realiz,47,36,11
uniqu,47,3,44
correctli,47,47,0
braband,47,47,0
kinsey,47,47,0
wrong,47,34,13
resel,47,0,47
quickli,47,17,30
mcmill,47,47,0
inth,47,30,17
eb,47,47,0
gra,47,1,46
fat,46,3,43
membership,46,21,25
highli,46,8,38
mix,46,11,35
ftar,46,0,46
thisemail,46,4,42
schneider,46,44,2
emerg,46,13,33
gave,46,41,5
pertain,46,5,41
upgrad,46,22,24
gotten,46,4,42
descript,46,32,14
offici,46,11,35
extra,46,19,27
inch,46,6,40
telephon,46,13,33
discrep,46,43,3
attempt,46,32,14
sound,46,26,20
hawkin,46,45,1
engag,46,41,5
baxter,46,45,1
alt,46,0,46
lowest,46,7,39
centana,46,46,0
ocean,46,40,6
six,46,23,23
equiti,45,20,25
pcx,45,45,0
rather,45,35,10
replac,45,41,4
jfarmer,45,45,0
among,45,20,25
automat,45,27,18
advisor,45,10,35
tabl,45,17,28
juno,45,43,2
morgan,45,42,3
hull,45,44,1
confer,45,25,20
connor,45,44,1
archerfuel,45,45,0
reliabl,45,9,36
realloc,45,45,0
harri,45,42,3
cartwheel,44,42,2
outsid,44,34,10
prevent,44,35,9
break,44,11,33
technoiogi,44,0,44
clearanc,44,1,43
congress,44,1,43
outlook,44,40,4
bottom,44,13,31
accuraci,44,12,32
josey,44,44,0
egmnom,44,44,0
cook,44,39,5
tie,44,31,13
sabra,44,43,1
graphic,44,0,44
understood,44,10,34
sexual,44,2,42
lesson,44,40,4
prayer,44,42,2
onth,44,36,8
season,44,31,13
sport,44,9,35
lindley,44,44,0
lost,44,23,21
comfor,44,0,44
kathi,44,43,1
notif,44,21,23
crude,44,35,9
enronl,44,44,0
kept,44,32,12
richmond,44,44,0
carrier,43,26,17
explod,43,1,42
rev,43,43,0
gottlob,43,43,0
seaman,43,43,0
cowboy,43,42,1
mazowita,43,43,0
wellmet,43,43,0
accomplish,43,34,9
davi,43,30,13
mtbe,43,43,0
min,43,10,33
client,43,17,26
clickathom,43,43,0
charlen,43,43,0
equip,43,28,15
guadalup,43,43,0
constitut,43,2,41
baseload,43,43,0
almost,43,16,27
engin,43,22,21
hplr,43,43,0
fontfont,43,0,43
ftworth,43,43,0
count,43,33,10
split,43,36,7
heart,43,17,26
corporationalbrecht,43,43,0
vaughn,43,43,0
true,43,26,17
overnight,42,4,38
legisl,42,1,41
wonder,42,24,18
texoma,42,42,0
elimin,42,24,18
commenc,42,33,9
zonewww,42,0,42
bammel,42,42,0
vicodin,42,0,42
cindi,42,41,1
speckel,42,42,0
throughout,42,23,19
front,42,11,31
inher,42,2,40
definit,42,22,20
lesli,42,41,1
hernandez,42,42,0
commiss,42,30,12
establish,42,18,24
decreas,42,36,6
stori,42,18,24
econom,42,28,14
pep,42,42,0
cherri,42,40,2
reduct,42,17,25
yvett,42,40,2
environ,42,28,14
merchant,42,35,7
cellpad,41,0,41
desir,41,20,21
walter,41,35,6
brent,41,41,0
deer,41,38,3
thefollow,41,38,3
zivley,41,41,0
burn,41,18,23
sea,41,31,10
trust,41,16,25
withoutnotic,41,0,41
summer,41,36,5
diamond,41,12,29
oblig,41,22,19
delay,41,22,19
chemic,41,35,6
winner,41,9,32
mile,41,17,24
tailgat,41,41,0
compric,41,0,41
austin,41,40,1
topica,41,41,0
darial,41,0,41
eff,41,34,7
master,41,24,17
touch,41,28,13
hospit,41,8,33
customerservic,41,0,41
child,41,24,17
seller,41,39,2
leas,41,23,18
minimum,41,29,12
shownabov,41,0,41
insid,40,9,31
cancel,40,25,15
kid,40,32,8
packard,40,0,40
comcompaqhewlett,40,0,40
confid,40,12,28
unabl,40,38,2
reliant,40,40,0
dial,40,9,31
finish,40,29,11
fall,40,28,12
insur,40,26,14
suzann,40,40,0
nick,40,40,0
rais,40,16,24
deadlin,40,38,2
stretch,40,37,3
jaquet,40,40,0
discov,40,12,28
dailyl,40,40,0
patti,40,39,1
restrict,40,34,6
villarr,40,40,0
manufactur,40,1,39
stuff,40,21,19
cent,40,15,25
conveni,40,14,26
correspond,40,22,18
sleep,40,1,39
hillari,40,40,0
nomad,40,0,40
edmondson,40,40,0
iiipass,40,0,40
anycomplaint,40,0,40
enquiri,40,0,40
introduc,40,19,21
confus,39,37,2
session,39,32,7
exercis,39,12,27
uae,39,0,39
main,39,23,16
signific,39,27,12
eiben,39,39,0
htm,39,29,10
heather,39,39,0
emir,39,0,39
driver,39,27,12
choic,39,20,19
robin,39,34,5
benedict,39,34,5
comdellinteliomegaepsonaopencreativetoshibaapcciscousroboticsmicrosoftcanonintellinettargusviewsonicibmsoni,39,0,39
weather,39,34,5
briley,39,39,0
worksheet,39,39,0
chief,39,31,8
street,39,21,18
island,39,31,8
replica,39,0,39
simpl,39,7,32
airmail,39,35,4
regul,39,24,15
romeo,39,38,1
toth,39,32,7
contactinform,39,2,37
like,39,31,8
commod,39,35,4
doubl,39,20,19
griffin,39,38,1
sum,39,4,35
knowledg,39,27,12
built,39,20,19
amend,39,24,15
dudley,39,37,2
capabl,39,18,21
blank,39,9,30
speak,39,22,17
rock,39,7,32
charl,39,33,6
comtel,39,0,39
charset,39,5,34
bed,39,18,21
solicit,39,4,35
sometim,39,29,10
hol,39,39,0
fire,39,5,34
entertain,39,8,31
bobbi,39,24,15
dilig,39,5,34
belief,39,4,35
changeusa,39,0,39
arriv,38,21,17
elsa,38,38,0
degre,38,10,28
eel,38,38,0
ferc,38,38,0
steven,38,31,7
spencer,38,36,2
oursal,38,0,38
luck,38,19,19
thanksgari,38,38,0
photo,38,8,30
pack,38,8,30
tim,38,31,7
plain,38,22,16
glover,38,38,0
crow,38,37,1
materia,38,0,38
cal,38,32,6
venturato,38,38,0
andtrademark,38,0,38
town,38,32,6
palestinian,38,0,38
bryce,38,37,1
ventur,38,15,23
art,38,6,32
itoy,38,0,38
patclyn,38,38,0
plaintext,38,0,38
premium,37,5,32
severson,37,37,0
listbot,37,37,0
comfort,37,8,29
dealerand,37,0,37
ahead,37,25,12
predict,37,3,34
cold,37,28,9
aeor,37,0,37
approx,37,35,2
practic,37,14,23
toward,37,18,19
consist,37,21,16
reev,37,35,2
laptop,37,9,28
explain,37,28,9
wireless,37,1,36
edu,37,36,1
depress,37,0,37
org,37,30,7
explos,37,1,36
beck,37,35,2
studi,37,10,27
pressur,37,30,7
electron,37,25,12
zonedubai,37,0,37
orfor,37,0,37
ram,37,25,12
youin,37,0,37
resuit,37,0,37
constru,37,0,37
relax,37,4,33
husband,36,9,27
otc,36,2,34
markx,36,36,0
sendyour,36,0,36
meredith,36,36,0
foot,36,27,9
loui,36,21,15
forese,36,1,35
tier,36,30,6
tech,36,16,20
son,36,11,25
duplic,36,22,14
auto,36,19,17
conduct,36,17,19
heal,36,28,8
excel,36,18,18
otcbb,36,0,36
enabl,36,14,22
seat,36,31,5
studio,36,0,36
behind,36,23,13
regular,36,16,20
ifyou,36,26,10
salari,36,31,5
lon,36,31,5
greif,36,36,0
intraday,36,36,0
previou,36,31,5
payrol,36,36,0
offersin,36,0,36
llc,36,24,12
benoit,36,35,1
sampl,36,28,8
devic,36,1,35
usual,36,26,10
cilco,36,36,0
kathryn,36,36,0
saw,36,16,20
tournament,35,25,10
appar,35,32,3
club,35,24,11
disclos,35,11,24
russ,35,34,1
frank,35,30,5
wear,35,17,18
forexport,35,0,35
nice,35,19,16
coast,35,28,7
unless,35,25,10
dolphin,35,33,2
multi,35,5,30
forecast,35,25,10
tonight,35,23,12
femal,35,0,35
whatev,35,21,14
leth,35,0,35
aim,35,25,10
transco,35,35,0
pic,35,9,26
audit,35,17,18
larri,35,32,3
molli,35,33,2
joani,35,35,0
map,34,28,6
encourag,34,25,9
qualifi,34,9,25
provis,34,33,1
inciud,34,0,34
vice,34,28,6
penni,34,2,32
conoco,34,34,0
shown,34,29,5
symbol,34,4,30
ngo,34,34,0
hydrocarbon,34,32,2
bar,34,28,6
redmond,34,33,1
sean,34,28,6
platform,34,19,15
although,34,19,15
usd,34,4,30
intra,34,34,0
cooper,34,20,14
loan,34,11,23
la,34,10,24
relationship,34,16,18
cart,34,24,10
aquila,34,32,2
extern,34,21,13
atleast,34,4,30
particular,34,23,11
gateway,34,10,24
resolut,34,25,9
sponsor,34,21,13
anderson,33,27,6
expert,33,5,28
buddi,33,25,8
offshor,33,12,21
imit,33,0,33
languag,33,20,13
shawna,33,33,0
bane,33,29,4
shipper,33,33,0
personnel,33,30,3
pretti,33,23,10
dawn,33,31,2
lotteri,33,2,31
display,33,21,12
anytim,33,12,21
treatment,33,3,30
comstock,33,33,0
effici,33,15,18
fulli,33,14,19
achiev,33,9,24
login,33,25,8
gmt,33,32,1
mack,33,33,0
incorrect,33,30,3
space,33,13,20
ann,33,19,14
thismail,33,0,33
drink,33,9,24
midstream,33,31,2
internationa,33,0,33
colleg,33,23,10
gone,33,12,21
flynn,33,31,2
joe,33,32,1
verdana,33,0,33
respectiveownersproduct,32,0,32
rom,32,10,22
repair,32,29,3
willb,32,28,4
preinhardt,32,32,0
reward,32,27,5
moment,32,13,19
often,32,13,19
approach,32,24,8
percentag,32,27,5
sd,32,32,0
impot,32,0,32
hector,32,29,3
chevron,32,28,4
shipment,32,24,8
stream,32,16,16
payback,32,31,1
forget,32,19,13
extrem,32,8,24
appoint,32,17,15
consolid,32,26,6
block,32,20,12
troubl,32,22,10
self,32,7,25
proven,32,2,30
noon,32,27,5
suppos,32,29,3
sole,32,24,8
alon,32,6,26
jason,32,32,0
soma,32,0,32
ball,32,13,19
premier,32,3,29
debbi,32,28,4
tongu,32,2,30
deduct,32,29,3
amaz,32,7,25
netco,32,32,0
prohibit,32,24,8
randal,32,31,1
lyondel,32,32,0
sdsnom,32,32,0
largest,32,13,19
attack,32,10,22
depend,32,19,13
ref,31,4,27
flag,31,30,1
absolut,31,5,26
dell,31,26,5
spain,31,0,31
hugh,31,31,0
filter,31,12,19
hesit,31,23,8
anywher,31,10,21
proper,31,18,13
shari,31,30,1
metal,31,7,24
joann,31,31,0
opm,31,31,0
vega,31,11,20
properli,31,30,1
defens,31,1,30
beauti,31,3,28
woman,31,6,25
bobvanc,31,31,0
prompt,31,26,5
brennan,31,30,1
jerri,31,30,1
hr,31,23,8
solid,31,1,30
tape,31,3,28
float,31,15,16
laura,31,30,1
attract,31,10,21
remot,31,17,14
fear,31,8,23
conni,30,29,1
incom,30,23,7
adult,30,2,28
intercompani,30,30,0
melissagrav,30,30,0
tue,30,14,16
joint,30,12,18
modifi,30,19,11
flight,30,19,11
adoni,30,30,0
victoria,30,27,3
autom,30,15,15
impress,30,6,24
header,30,30,0
cellspac,30,0,30
cum,30,7,23
kyle,30,30,0
exact,30,20,10
memori,30,17,13
trtd,30,0,30
patch,30,5,25
beach,30,16,14
technic,30,20,10
imagin,30,15,15
auction,30,11,19
appl,30,0,30
nat,30,21,9
york,30,18,12
hottlist,30,0,30
medicin,30,9,21
miner,30,16,14
garrick,30,30,0
und,30,1,29
skill,30,21,9
written,30,12,18
hilliard,30,30,0
beliz,30,1,29
sheri,30,30,0
torch,30,30,0
compet,30,10,20
meant,30,9,21
prospect,30,2,28
dian,30,27,3
max,30,14,16
valuabl,30,14,16
patient,30,2,28
guid,30,8,22
increment,30,29,1
bretz,30,30,0
protocol,30,3,27
round,30,16,14
evalu,30,26,4
oem,30,0,30
shouldb,29,27,2
highlight,29,27,2
metabol,29,0,29
craig,29,27,2
eight,29,4,25
urbanek,29,29,0
florida,29,19,10
tag,29,9,20
seneca,29,28,1
babi,29,15,14
strictli,29,16,13
marlin,29,29,0
agua,29,29,0
secret,29,0,29
court,29,22,7
mortgag,29,4,25
humbl,29,13,16
comthi,29,10,19
equal,29,17,12
dulc,29,29,0
silver,29,8,21
mcgee,29,25,4
recal,29,28,1
deveiop,29,0,29
tripl,29,8,21
wiil,29,0,29
sender,29,29,0
ritawynn,29,29,0
todd,29,29,0
illustr,29,1,28
julia,29,27,2
aid,29,4,25
discret,29,6,23
guest,29,27,2
relianc,29,4,25
okay,29,23,6
cannon,29,27,2
locker,29,29,0
mailbox,29,23,6
nathan,28,26,2
adam,28,13,15
celebr,28,17,11
pray,28,26,2
brief,28,21,7
rich,28,12,16
eat,28,13,15
camera,28,3,25
sofftwaar,28,0,28
franklin,28,25,3
resid,28,19,9
maximum,28,9,19
figur,28,13,15
anti,28,3,25
accur,28,19,9
imceanot,28,28,0
brad,28,28,0
highest,28,6,22
lock,28,15,13
pico,28,28,0
pleasur,28,8,20
epson,28,2,26
mcloughlin,28,28,0
european,28,8,20
den,28,24,4
carbid,28,25,3
wysak,28,0,28
peggi,28,27,1
consent,28,26,2
lay,28,15,13
thecompani,28,5,23
tablet,28,0,28
sarco,28,28,0
inactiv,28,26,2
tesssubject,28,28,0
easili,28,6,22
trochta,28,28,0
settl,28,24,4
anyway,28,22,6
ecom,28,28,0
danni,28,25,3
richardson,28,26,2
compressor,28,27,1
ffffff,28,0,28
ten,27,8,19
sharon,27,25,2
phentermin,27,0,27
peccc,27,27,0
minim,27,19,8
larger,27,14,13
hassl,27,4,23
wire,27,12,15
forev,27,3,24
fit,27,10,17
hire,27,23,4
jay,27,25,2
prove,27,5,22
couid,27,0,27
length,27,9,18
facilit,27,20,7
expatri,27,23,4
permit,27,15,12
lie,27,5,22
writeoff,27,27,0
republ,27,20,7
toni,27,18,9
pend,27,16,11
martinez,27,24,3
tel,27,9,18
url,27,18,9
merger,27,26,1
portion,27,18,9
angel,27,10,17
campaign,27,2,25
nommensen,27,27,0
suspend,27,23,4
darrel,27,25,2
easier,27,23,4
pieas,27,0,27
partnership,27,17,10
focus,27,14,13
piec,27,18,9
setup,27,23,4
darron,27,27,0
barrett,27,25,2
perman,27,11,16
ail,27,0,27
sector,27,8,19
cokino,27,27,0
marlen,27,27,0
topic,27,12,15
att,27,25,2
flexibl,27,23,4
describ,27,11,16
interfac,27,10,17
safeti,27,11,16
staci,27,26,1
fromth,27,17,10
tommi,27,26,1
oba,26,26,0
aggress,26,0,26
proceed,26,22,4
dewpoint,26,26,0
choat,26,26,0
ehronlin,26,26,0
stress,26,18,8
serial,26,1,25
intellig,26,9,17
motor,26,3,23
vari,26,17,9
youhav,26,26,0
glad,26,17,9
tire,26,3,23
televis,26,5,21
pubiish,26,0,26
ladi,26,13,13
coffey,26,23,3
egm,26,26,0
shot,26,15,11
eogi,26,0,26
withth,26,14,12
nascar,26,3,23
notebook,26,0,26
pl,26,25,1
susansmith,26,26,0
norton,26,4,22
brought,26,20,6
wil,26,2,24
circul,26,10,16
netherland,26,0,26
wind,26,7,19
abdv,26,0,26
patent,26,0,26
pinnacl,26,0,26
satisfi,26,3,23
needto,26,25,1
dedic,26,15,11
boost,26,1,25
enronxgatesubject,26,26,0
war,26,8,18
worri,26,5,21
garden,26,24,2
consemiu,26,26,0
rental,26,13,13
biggest,26,11,15
muscl,26,0,26
blood,26,9,17
euro,26,0,26
candid,26,18,8
smart,26,1,25
gap,26,21,5
ryan,25,24,1
spur,25,1,24
batch,25,8,17
solv,25,10,15
tessi,25,25,0
souza,25,25,0
seven,25,12,13
boy,25,5,20
gore,25,25,0
prime,25,11,14
rel,25,18,7
gloria,25,24,1
curv,25,21,4
majeur,25,25,0
host,25,5,20
mai,25,0,25
imwellhead,25,25,0
edi,25,25,0
medium,25,5,20
canadian,25,6,19
royalti,25,22,3
enlarg,25,0,25
dale,25,24,1
investig,25,13,12
consider,25,14,11
chase,25,19,6
cheapest,25,0,25
div,25,0,25
massiv,25,0,25
catch,25,12,13
desktop,25,10,15
defin,25,14,11
death,25,4,21
verif,25,13,12
method,25,13,12
signatur,25,13,12
church,25,17,8
interrupt,25,20,5
iso,25,0,25
africa,25,1,24
progress,25,21,4
debt,25,10,15
varieti,25,6,19
arial,25,0,25
listen,25,13,12
techlit,25,0,25
arm,25,2,23
human,25,13,12
disclosur,25,20,5
cia,25,0,25
accessori,25,0,25
redeliv,25,25,0
familiar,25,16,9
exhibit,25,22,3
moshou,25,25,0
hair,25,5,20
regardless,25,18,7
letm,25,25,0
diet,25,1,24
def,24,23,1
male,24,0,24
iwil,24,24,0
innov,24,7,17
gay,24,20,4
began,24,17,7
staf,24,22,2
isc,24,24,0
bussel,24,24,0
consequ,24,12,12
patricia,24,22,2
sir,24,0,24
incred,24,4,20
bass,24,22,2
christma,24,14,10
student,24,13,11
will,24,8,16
aspect,24,16,8
tucc,24,24,0
marshal,24,23,1
sutton,24,21,3
hodg,24,20,4
gov,24,13,11
fight,24,6,18
agenda,24,20,4
sort,24,20,4
walk,24,16,8
zajac,24,24,0
glo,24,24,0
pvr,24,24,0
ltaylor,24,24,0
jen,24,23,1
creek,24,16,8
comto,24,17,7
wayn,24,22,2
lunch,24,23,1
proprietari,24,3,21
esther,24,24,0
univers,24,11,13
unfortun,24,17,7
earthlink,24,18,6
spent,24,20,4
ident,24,4,20
ownership,24,12,12
organiz,24,24,0
blvd,24,5,19
edg,24,5,19
convert,24,13,11
dri,23,20,3
mother,23,7,16
supplier,23,16,7
odd,23,12,11
fda,23,1,22
dog,23,5,18
promis,23,13,10
hansen,23,23,0
aggi,23,23,0
hate,23,3,20
eog,23,23,0
gepl,23,23,0
atth,23,20,3
theresa,23,23,0
buckley,23,23,0
christian,23,13,10
environment,23,6,17
kin,23,0,23
rewrit,23,14,9
brother,23,4,19
bowen,23,18,5
margin,23,10,13
especi,23,12,11
export,23,0,23
switch,23,16,7
satisfact,23,2,21
domest,23,9,14
reli,23,15,8
fail,23,13,10
youcan,23,14,9
shorelin,23,22,1
spacer,23,0,23
kerr,23,22,1
undervalu,23,0,23
clarif,23,21,2
caution,23,4,19
specialist,23,18,5
wild,23,4,19
alpin,23,18,5
editor,23,14,9
squar,23,13,10
andent,23,23,0
default,23,15,8
tirr,23,0,23
assess,23,14,9
eex,23,23,0
becki,23,21,2
carol,23,20,3
overal,23,12,11
valv,23,23,0
unlimit,23,3,20
opt,23,2,21
formula,23,2,21
laci,23,21,2
miller,23,20,3
belong,23,12,11
carter,23,21,2
refin,23,9,14
invoiv,23,0,23
till,23,13,10
farm,22,6,16
eddi,22,14,8
audio,22,7,15
caribbean,22,3,19
portal,22,13,9
newsiett,22,0,22
employ,22,13,9
ooo,22,1,21
ll,22,0,22
difficult,22,14,8
cove,22,20,2
ralli,22,20,2
heavi,22,8,14
modem,22,15,7
winter,22,17,5
cousino,22,22,0
australia,22,8,14
compil,22,16,6
fortun,22,6,16
lui,22,20,2
dyth,22,22,0
denni,22,18,4
pond,22,22,0
subscript,22,6,16
milwauke,22,21,1
incur,22,9,13
ingredi,22,1,21
tobe,22,15,7
surpris,22,6,16
sooner,22,18,4
reid,22,22,0
song,22,11,11
infrastructur,22,7,15
deriv,22,13,9
offset,22,17,5
palmer,22,22,0
seri,22,12,10
ecf,22,22,0
indianapoli,22,1,21
accordingli,22,16,6
shape,22,3,19
spec,22,20,2
tglo,22,22,0
fletcher,22,8,14
whose,22,9,13
therein,22,1,21
formerli,22,15,7
doubt,22,5,17
jack,22,16,6
greatli,22,15,7
amelia,22,21,1
del,22,19,3
apolog,22,13,9
embed,22,18,4
vote,22,15,7
feed,22,15,7
optim,22,18,4
der,22,0,22
nelson,22,22,0
segment,22,9,13
catherin,22,5,17
hlavati,22,22,0
wagner,22,22,0
macintosh,22,0,22
omit,22,1,21
ine,22,5,17
inquiri,22,20,2
engel,22,20,2
shortli,22,14,8
prioriti,22,12,10
lozano,22,22,0
ion,22,2,20
challeng,21,9,12
tennesse,21,20,1
formosa,21,20,1
felip,21,21,0
thorough,21,4,17
smi,21,21,0
regali,21,0,21
kristin,21,21,0
sugar,21,10,11
reveal,21,6,15
worldnet,21,21,0
alland,21,21,0
emot,21,1,20
flw,21,18,3
dayegpfc,21,21,0
ffffffstrongfont,21,0,21
fuck,21,0,21
cowtrap,21,21,0
straight,21,5,16
encod,21,2,19
gerald,21,21,0
enrol,21,17,4
campo,21,21,0
ring,21,11,10
sylvia,21,19,2
skin,21,4,17
trial,21,2,19
rise,21,6,15
pig,21,19,2
driscol,21,21,0
vintag,21,18,3
lo,21,5,16
messeng,21,18,3
failur,21,7,14
bowl,21,20,1
physician,21,2,19
task,21,13,8
padr,21,19,2
wellheadportfolio,21,21,0
exceed,21,11,10
awesom,21,3,18
neither,21,4,17
manner,21,8,13
privileg,21,14,7
cri,21,3,18
neg,21,6,15
judg,21,5,16
essenti,21,13,8
enronavailso,21,21,0
visual,21,1,20
beemer,21,21,0
ifhsc,21,21,0
theremain,21,20,1
meknow,21,21,0
superior,21,14,7
boat,21,13,8
basic,21,13,8
codi,21,19,2
armstrong,21,21,0
grand,21,13,8
feet,21,3,18
comprehens,21,3,18
andi,21,15,6
ton,21,3,18
porn,21,0,21
alcohol,21,0,21
colorado,21,17,4
folk,21,20,1
sanchez,21,20,1
ward,21,20,1
onto,21,4,17
dose,21,0,21
clay,20,17,3
admin,20,20,0
dfrom,20,20,0
prozac,20,0,20
declar,20,4,16
oss,20,17,3
dorcheu,20,20,0
hurri,20,8,12
batteri,20,5,15
ambien,20,0,20
pure,20,15,5
inter,20,16,4
graham,20,19,1
lucki,20,3,17
inact,20,16,4
recogn,20,14,6
clarifi,20,18,2
debug,20,0,20
leadership,20,17,3
samuel,20,15,5
michel,20,15,5
greatest,20,12,8
elli,20,19,1
weekli,20,13,7
samson,20,19,1
absenc,20,15,5
truli,20,12,8
antiviru,20,2,18
gossett,20,20,0
sep,20,15,5
lift,20,9,11
submiss,20,8,12
nigeria,20,0,20
favor,20,3,17
londonoutag,20,20,0
dick,20,13,7
offsystem,20,20,0
bigger,20,3,17
interst,20,20,0
volatil,20,13,7
construct,20,12,8
ellenberg,20,20,0
tee,20,19,1
genuin,20,0,20
acr,20,0,20
twenti,20,2,18
militari,20,3,17
mgmt,20,20,0
blow,20,9,11
machin,20,4,16
equival,20,2,18
row,20,11,9
upstream,20,20,0
jump,20,4,16
faster,20,10,10
roger,20,15,5
messagethi,20,0,20
nobodi,20,10,10
core,20,13,7
cognit,20,0,20
thompsonvil,20,20,0
shoot,20,5,15
pleaselet,20,18,2
luther,20,20,0
pharmaceut,20,0,20
deserv,20,3,17
contractu,20,12,8
mon,20,8,12
cole,20,19,1
bold,20,4,16
litig,20,4,16
matur,20,0,20
thenext,20,17,3
li,20,0,20
tiger,20,3,17
kingwood,20,20,0
trisha,20,20,0
doug,20,18,2
adipren,20,0,20
rusti,20,17,3
connevey,20,20,0
patienc,20,19,1
sunsail,20,20,0
reform,20,0,20
solmonson,20,20,0
denver,20,19,1
re,20,14,6
retain,20,14,6
discreet,19,0,19
liabil,19,14,5
bronco,19,0,19
economi,19,12,7
honor,19,11,8
bonu,19,5,14
majorwitz,19,19,0
tip,19,11,8
bulk,19,1,18
payabl,19,15,4
crisi,19,15,4
label,19,10,9
bay,19,3,16
mjg,19,19,0
aris,19,12,7
beiiev,19,0,19
hunt,19,15,4
holli,19,18,1
western,19,9,10
cavern,19,0,19
vlagra,19,0,19
cord,19,17,2
sandra,19,19,0
oling,19,19,0
ronald,19,19,0
chart,19,12,7
pilot,19,17,2
perez,19,18,1
estat,19,6,13
giron,19,19,0
levitra,19,0,19
numer,19,7,12
regulatori,19,14,5
somewher,19,15,4
adopt,19,9,10
athttp,19,12,7
pgtt,19,19,0
mime,19,8,11
coach,19,17,2
maker,19,12,7
haveani,19,17,2
nine,19,2,17
emerson,19,0,19
soar,19,0,19
senat,19,16,3
swamp,19,2,17
joan,19,18,1
bush,19,17,2
sick,19,4,15
cat,19,2,17
keith,19,18,1
daughter,19,5,14
intel,19,0,19
baker,19,12,7
subsidiari,19,7,12
incorrectli,19,19,0
compiet,19,0,19
verg,19,0,19
warner,19,17,2
moor,19,18,1
journal,19,10,9
andrew,19,13,6
scada,19,19,0
theproduct,19,16,3
cynthiahakemack,19,19,0
cartridg,19,0,19
cashout,19,18,1
mmcf,19,16,3
whenev,19,12,7
strateg,19,14,5
gregori,19,19,0
mip,19,19,0
led,19,8,11
coverag,19,14,5
hm,19,19,0
acrobat,19,2,17
anyquest,19,19,0
hunter,19,18,1
swbell,19,18,1
microcap,19,0,19
lack,19,7,12
flat,19,9,10
pian,19,0,19
magazin,19,9,10
sens,19,13,6
tour,19,13,6
revolutionari,19,1,18
substanti,19,6,13
saloonkeep,19,0,19
background,19,6,13
shouid,19,0,19
bobfrom,19,19,0
retriev,19,16,3
hpll,18,18,0
chines,18,3,15
oklahoma,18,7,11
hilcorp,18,18,0
aerofoam,18,0,18
reimburs,18,14,4
garcia,18,17,1
presenc,18,5,13
pour,18,2,16
cool,18,12,6
damag,18,10,8
strength,18,10,8
independ,18,5,13
southwest,18,18,0
tracker,18,7,11
buck,18,6,12
airlin,18,17,1
sand,18,6,12
anxieti,18,1,17
refineri,18,17,1
matthew,18,15,3
ripley,18,16,2
warranti,18,1,17
amp,18,0,18
beneficiari,18,1,17
melba,18,18,0
laid,18,4,14
isra,18,0,18
faith,18,8,10
appetit,18,2,16
ibm,18,2,16
superb,18,0,18
surviv,18,13,5
cc,18,18,0
shirt,18,15,3
compat,18,2,16
evid,18,16,2
balfour,18,15,3
injuri,18,0,18
griffith,18,18,0
wood,18,11,7
defici,18,17,1
speedway,18,0,18
hereto,18,9,9
bottl,18,0,18
harrison,18,16,2
mcclure,18,18,0
cartier,18,0,18
lord,18,12,6
miningnew,18,0,18
mandatori,18,14,4
silicon,18,2,16
ofthi,18,10,8
ranger,18,18,0
dougla,18,15,3
tune,18,12,6
pine,18,18,0
ice,18,6,12
incorpor,18,11,7
workshop,18,0,18
dinner,18,18,0
marri,18,4,14
fcv,18,18,0
ascii,18,4,14
heat,18,12,6
roster,18,3,15
compendia,18,0,18
kenton,18,0,18
bingo,18,0,18
northern,18,18,0
decad,18,3,15
persist,18,3,15
pocket,18,3,15
sordo,18,18,0
mr,18,1,17
van,18,12,6
calgari,18,5,13
kri,18,17,1
catalogu,18,0,18
infect,18,1,17
anthoni,18,15,3
await,18,8,10
nearli,18,3,15
pge,18,18,0
folder,18,14,4
allergi,18,2,16
peak,18,14,4
destin,18,7,11
bia,18,0,18
institut,18,8,10
cumul,18,14,4
jefferson,18,18,0
rodessa,18,18,0
slow,18,11,7
unsubscript,18,0,18
gregg,18,16,2
ina,18,17,1
dcenterfont,18,0,18
beyond,18,11,7
oak,18,15,3
paypal,18,0,18
dat,18,15,3
rhonda,18,15,3
thedeal,18,18,0
favorit,18,10,8
comic,18,0,18
simul,18,4,14
gate,18,12,6
tree,18,6,12
nationa,17,0,17
creativ,17,3,14
architect,17,0,17
gte,17,17,0
oniin,17,0,17
shannon,17,15,2
teach,17,3,14
bear,17,6,11
serverwindow,17,0,17
dupont,17,14,3
trademark,17,8,9
demagnifi,17,0,17
restor,17,6,11
ground,17,4,13
push,17,9,8
pymt,17,17,0
rfp,17,17,0
freedom,17,15,2
router,17,3,14
biospher,17,0,17
supervisor,17,17,0
moder,17,5,12
donat,17,13,4
vou,17,0,17
fan,17,13,4
bibl,17,12,5
hedg,17,14,3
onlook,17,0,17
laport,17,17,0
interpret,17,3,14
ihav,17,14,3
alex,17,17,0
jersey,17,14,3
redraft,17,17,0
washington,17,12,5
certifi,17,1,16
bind,17,8,9
sideback,17,0,17
spl,17,16,1
jacquelin,17,14,3
speaker,17,4,13
bcamp,17,17,0
sql,17,3,14
polit,17,9,8
daime,17,17,0
dont,17,3,14
lynn,17,15,2
edmund,17,1,16
alia,17,0,17
conner,17,16,1
pubiic,17,0,17
renew,17,3,14
cottonwood,17,2,15
attl,17,17,0
lossthank,17,17,0
subtot,17,17,0
bav,17,17,0
txmelissa,17,17,0
staab,17,17,0
choral,17,0,17
relev,17,15,2
isnot,17,14,3
tonya,17,15,2
wehav,17,11,6
loudspeak,17,0,17
commerc,17,6,11
degrad,17,3,14
saxet,17,17,0
sam,17,16,1
iii,17,10,7
accrual,17,14,3
instrument,17,7,10
roo,17,17,0
christin,17,13,4
kinder,17,17,0
dia,17,0,17
pink,17,3,14
kemp,17,17,0
pound,17,4,13
godpar,17,0,17
knox,17,15,2
lookingstat,17,0,17
factual,17,1,16
wall,17,8,9
divis,17,4,13
roxann,17,1,16
orlean,17,15,2
beth,17,16,1
upwith,17,16,1
killer,17,0,17
lotto,17,0,17
bobenron,17,17,0
compart,17,0,17
dosag,17,0,17
plug,17,5,12
orgasm,17,0,17
cartoon,17,0,17
recruit,17,13,4
shi,17,6,11
buoy,17,0,17
cp,17,17,0
woodland,17,13,4
dent,17,0,17
carla,17,16,1
adipex,17,0,17
acock,17,17,0
sky,17,3,14
gray,17,13,4
apric,17,17,0
trailer,17,0,17
osborn,17,0,17
piac,17,0,17
wors,17,12,5
diann,16,15,1
coral,16,15,1
chain,16,8,8
gallantri,16,0,16
agra,16,0,16
jake,16,15,1
ot,16,16,0
span,16,2,14
inthi,16,5,11
mason,16,6,10
maria,16,13,3
jodi,16,14,2
havebeen,16,9,7
yard,16,2,14
creditor,16,15,1
canopi,16,0,16
startup,16,12,4
partial,16,9,7
psalm,16,16,0
meantim,16,13,3
counter,16,11,5
insitara,16,16,0
bypass,16,10,6
anger,16,0,16
tadalafil,16,0,16
ypil,16,0,16
mass,16,10,6
azimuth,16,0,16
mous,16,6,10
thismessag,16,7,9
themethanol,16,16,0
arrow,16,3,13
inlet,16,16,0
tradit,16,12,4
urg,16,4,12
expans,16,3,13
tank,16,4,12
eventu,16,8,8
ich,16,0,16
sustain,16,4,12
confess,16,9,7
emma,16,3,13
accumul,16,2,14
atmorgan,16,16,0
bleed,16,1,15
seal,16,13,3
pleaseadvis,16,16,0
pan,16,13,3
multipart,16,8,8
laser,16,0,16
diseas,16,4,12
passport,16,2,14
divid,16,4,12
suspens,16,2,14
upcom,16,11,5
remedi,16,10,6
laugh,16,6,10
platelet,16,1,15
stipul,16,3,13
iali,16,0,16
food,16,4,12
broomcorn,16,0,16
oppos,16,12,4
ffo,16,0,16
tramadol,16,0,16
anymor,16,9,7
ballot,16,9,7
ican,16,14,2
basketbal,16,13,3
karri,16,16,0
goron,16,16,0
htmimg,16,0,16
shale,16,0,16
kenni,16,16,0
ahref,16,0,16
htmlimgheight,16,0,16
danger,16,6,10
concept,16,7,9
argu,16,3,13
potentia,16,0,16
rep,16,9,7
mit,16,1,15
montana,16,0,16
cloudburst,16,0,16
neuner,16,16,0
hgpl,16,16,0
rangel,16,16,0
stake,16,2,14
eas,16,1,15
barbara,16,16,0
boatload,16,0,16
thruway,16,0,16
forest,16,13,3
quasar,16,0,16
dana,16,12,4
pecsubject,16,16,0
abacustech,16,16,0
iti,16,8,8
camden,16,13,3
washbowl,16,0,16
talent,16,13,3
furthermor,16,4,12
possess,16,9,7
detect,16,5,11
confront,16,0,16
mke,16,16,0
suppress,16,3,13
joy,16,7,9
radio,16,5,11
formal,16,11,5
teen,16,1,15
menu,16,12,4
cox,16,11,5
continuo,16,0,16
brcc,16,16,0
rob,16,12,4
eogresourc,16,16,0
bye,16,2,14
gilbert,16,15,1
race,16,3,13
residu,16,15,1
stopdistributorjebel,16,0,16
roy,16,5,11
rocket,16,3,13
renegoti,16,13,3
enfant,16,0,16
ed,16,14,2
architectur,16,4,12
heinrich,16,13,3
lenart,16,16,0
disput,16,6,10
refund,16,5,11
iwon,16,16,0
ride,16,7,9
adeal,16,16,0
retroact,16,16,0
unresolv,16,16,0
dissolv,16,0,16
bridgelin,15,15,0
dashboard,15,0,15
withdraw,15,11,4
hydrocodon,15,0,15
charybdi,15,0,15
vioxx,15,0,15
exempt,15,7,8
artpric,15,0,15
nanci,15,15,0
gordon,15,14,1
ultim,15,5,10
vandenberg,15,0,15
clark,15,9,6
heretofor,15,0,15
bounc,15,8,7
canaan,15,0,15
krishnaswami,15,15,0
disregard,15,15,0
embargo,15,0,15
ritacc,15,15,0
cradl,15,0,15
rascal,15,0,15
corpu,15,11,4
meridia,15,0,15
chuck,15,15,0
twice,15,7,8
webb,15,14,1
abus,15,1,14
appallproletariat,15,0,15
viru,15,5,10
conclus,15,3,12
divers,15,0,15
elig,15,12,3
bag,15,12,3
hotlin,15,13,2
twit,15,0,15
levi,15,12,3
schwarz,15,15,0
undu,15,0,15
subsequ,15,6,9
apart,15,6,9
sperm,15,0,15
lend,15,12,3
resort,15,12,3
copyright,15,11,4
everyday,15,7,8
remaind,15,14,1
bless,15,8,7
plc,15,3,12
madam,15,0,15
kendal,15,14,1
nitrat,15,0,15
unchristian,15,0,15
nax,15,0,15
stage,15,5,10
directori,15,6,9
dreyfu,15,15,0
toyou,15,12,3
suffer,15,3,12
restat,15,15,0
footbal,15,12,3
picl,15,15,0
wit,15,3,12
anbsp,15,0,15
perfor,15,0,15
lewi,15,13,2
debacl,15,0,15
typic,15,10,5
omega,15,0,15
former,15,7,8
fresh,15,5,10
prick,15,1,14
clobber,15,0,15
transmit,15,13,2
selectedspeci,15,0,15
app,15,10,5
thesecur,15,1,14
myrrh,15,0,15
differenti,15,10,5
proud,15,9,6
weightloss,15,0,15
rout,15,7,8
kam,15,15,0
thisi,15,10,5
difficulti,15,12,3
csgt,15,15,0
crankcas,15,0,15
complex,15,7,8
english,15,2,13
sheila,15,15,0
stepp,15,0,15
itec,15,0,15
tara,15,12,3
reciev,15,7,8
postal,15,8,7
cast,15,7,8
dang,15,0,15
outlet,15,3,12
contractor,15,3,12
rac,15,15,0
reproduct,15,4,11
mao,15,14,1
thevolum,15,15,0
andth,15,12,3
smtp,15,12,3
biota,15,0,15
apac,15,1,14
bell,15,4,11
bender,15,0,15
norma,15,14,1
andpurchas,15,15,0
significantli,15,8,7
massey,15,2,13
audienc,15,6,9
isth,15,10,5
authoris,15,12,3
riversid,15,15,0
dysfunct,15,0,15
extent,15,8,7
emai,15,0,15
cliff,15,13,2
lieuten,15,0,15
loo,15,0,15
lambert,15,14,1
de,15,3,12
jul,15,12,3
pgp,15,0,15
thanksthu,15,15,0
extravaganza,15,0,15
tonk,15,2,13
ongo,15,9,6
cleco,15,15,0
popul,15,9,6
ambul,15,0,15
dupe,15,0,15
brain,15,6,9
clemcernosek,15,15,0
joyc,15,14,1
pma,15,15,0
cloth,15,6,9
seriou,15,1,14
sherri,15,13,2
zimbabw,15,0,15
futureev,15,0,15
hoop,15,13,2
ben,15,11,4
thanksbob,15,15,0
degeneraci,15,0,15
robinson,15,14,1
domin,15,0,15
peter,15,9,6
attorney,15,8,7
stupid,15,3,12
clickher,15,3,12
additiona,15,0,15
atthi,15,13,2
happenstanceinfluenti,15,0,15
lane,15,12,3
dept,15,10,5
loop,15,14,1
grab,15,5,10
conclud,15,6,9
unknown,15,7,8
amor,15,0,15
