,frequency,frequency_ham,frequency_spam
deal,3655,3549,106
pleas,3243,2737,506
ga,3034,2861,173
meter,2721,2718,3
thank,2304,2125,179
need,2081,1730,351
daren,1901,1901,0
forward,1832,1608,224
price,1813,1081,732
corp,1776,1710,66
volum,1691,1668,23
know,1618,1458,160
day,1549,1292,257
new,1435,1003,432
compani,1429,511,918
mmbtu,1408,1408,0
product,1403,940,463
may,1382,961,421
chang,1354,1242,112
inform,1297,740,557
see,1228,1033,195
attach,1195,1169,26
nom,1186,1185,1
let,1186,1104,82
contract,1182,1129,53
time,1169,720,449
farmer,1156,1139,17
month,1098,937,161
messag,1069,752,317
nomin,1035,1016,19
mail,1023,709,314
xl,1020,1020,0
call,1006,830,176
sale,994,766,228
one,988,583,405
follow,971,853,118
flow,970,944,26
use,950,565,385
juli,921,897,24
question,916,873,43
robert,904,891,13
email,896,383,513
sitara,861,861,0
ticket,854,831,23
want,845,580,265
file,834,747,87
look,830,460,370
texa,827,796,31
servic,812,510,302
energi,807,664,143
work,800,538,262
manag,798,637,161
report,788,475,313
list,783,573,210
number,776,548,228
sent,774,637,137
pec,752,752,0
ena,732,732,0
purchas,716,639,77
bob,710,706,4
actual,706,636,70
make,693,444,249
contact,683,414,269
order,681,413,268
receiv,676,472,204
market,673,377,296
origin,671,605,66
net,667,446,221
busi,663,362,301
take,649,424,225
system,637,432,205
back,616,453,163
effect,615,498,117
provid,606,343,263
schedul,604,594,10
account,593,343,250
avail,591,341,250
daili,586,563,23
help,586,454,132
secur,585,86,499
statement,584,87,497
per,578,455,123
includ,578,309,269
alloc,571,567,4
well,571,434,137
request,567,488,79
mari,565,553,12
gari,564,561,3
current,561,419,142
march,549,515,34
deliveri,547,498,49
stock,547,80,467
offer,542,176,366
trade,539,368,171
transport,532,511,21
offic,531,271,260
april,528,512,16
issu,528,478,50
invest,525,52,473
today,525,312,213
first,523,363,160
oper,523,359,164
week,519,377,142
rate,518,364,154
inc,517,249,268
font,517,2,515
set,516,430,86
free,516,202,314
year,513,304,209
plant,511,493,18
line,504,294,210
show,498,409,89
base,496,317,179
custom,492,304,188
name,489,340,149
addit,488,395,93
activ,477,417,60
creat,474,415,59
click,464,203,261
melissa,462,462,0
date,462,365,97
process,462,331,131
meet,460,395,65
agreement,459,398,61
revis,459,451,8
houston,456,449,7
send,455,301,154
fuel,454,443,11
group,453,346,107
vanc,446,444,2
teco,444,444,0
oil,441,292,149
ami,436,429,7
point,435,385,50
last,433,290,143
within,431,118,313
tenaska,431,431,0
june,427,406,21
america,426,356,70
next,424,296,128
expect,422,172,250
think,420,355,65
januari,419,356,63
nbsp,418,0,418
georg,417,406,11
north,414,361,53
note,408,317,91
address,403,220,183
confirm,402,329,73
enter,400,327,73
smith,399,390,9
pat,398,398,0
term,398,258,140
total,392,305,87
path,391,390,1
two,391,264,127
less,391,290,101
updat,390,329,61
start,389,271,118
regard,386,255,131
save,384,108,276
desk,383,368,15
phone,382,240,142
plan,381,299,82
give,380,261,119
pipelin,380,377,3
come,379,254,125
complet,378,243,135
jacki,377,375,2
continu,373,252,121
check,372,266,106
best,370,116,254
due,368,255,113
height,365,2,363
develop,364,205,159
high,364,176,188
mark,362,338,24
fax,362,253,109
find,358,228,130
made,358,208,150
place,357,245,112
pill,357,0,357
link,357,135,222
aime,357,357,0
money,356,60,296
problem,356,281,75
special,353,123,230
onlin,353,95,258
tri,352,225,127
project,350,131,219
lisa,349,348,1
gener,349,152,197
hour,347,194,153
transact,346,271,75
estim,346,245,101
tap,345,343,2
size,344,16,328
michael,343,329,14
requir,343,187,156
team,341,293,48
david,339,333,6
friday,338,307,31
review,338,246,92
octob,338,331,7
susan,336,335,1
state,336,181,155
futur,334,104,230
august,332,318,14
end,330,263,67
hsc,330,330,0
pay,329,210,119
remov,329,60,269
interest,326,152,174
move,326,220,106
home,323,169,154
cotten,321,321,0
john,319,302,17
buy,319,178,141
person,317,203,114
util,316,297,19
taylor,315,313,2
counterparti,313,313,0
increas,313,174,139
discuss,313,259,54
megan,312,310,2
differ,311,181,130
mani,311,100,211
peopl,310,185,125
invoic,310,308,2
internet,310,115,195
resourc,310,273,37
steve,309,308,1
chokshi,308,308,0
posit,307,169,138
sure,307,268,39
width,307,1,306
correct,307,293,14
unit,306,194,112
industri,306,179,127
result,305,72,233
septemb,305,287,18
copi,305,196,109
risk,305,132,173
fee,305,273,32
still,305,240,65
good,305,177,128
tom,301,294,7
suppli,301,258,43
right,300,171,129
duke,299,295,4
intern,298,82,216
fyi,298,298,0
perform,295,132,163
site,294,104,190
info,294,105,189
said,294,170,124
keep,293,208,85
go,292,214,78
decemb,292,278,14
hplc,292,292,0
novemb,291,280,11
feb,290,271,19
cost,290,168,122
control,289,194,95
global,289,238,51
believ,288,132,156
detail,287,152,135
wellhead,287,287,0
without,286,92,194
spot,286,273,13
extend,285,246,39
support,285,207,78
monday,285,256,29
februari,284,275,9
center,283,131,152
ship,278,91,187
way,278,172,106
corpor,277,178,99
possibl,277,217,60
put,277,228,49
clyne,276,276,0
ask,275,224,51
access,274,196,78
window,274,51,223
grave,273,267,6
respons,273,231,42
eastran,273,273,0
million,273,48,225
sell,272,167,105
visit,270,106,164
lloyd,270,269,1
even,269,138,131
natur,269,190,79
brian,265,259,6
share,265,60,205
jan,265,233,32
news,265,41,224
unifi,263,262,1
employe,263,251,12
begin,262,215,47
power,261,148,113
aol,260,253,7
advis,260,180,80
young,259,214,45
softwar,258,41,217
data,257,197,60
book,256,207,49
limit,255,128,127
commun,254,161,93
produc,252,186,66
repli,252,80,172
demand,252,220,32
past,251,81,170
lee,250,247,3
mobil,249,141,108
locat,249,187,62
bill,248,186,62
align,248,14,234
abl,247,194,53
parti,245,136,109
must,243,151,92
form,243,165,78
great,243,132,111
computron,242,0,242
program,240,113,127
section,240,85,155
world,240,52,188
everi,239,125,114
thursday,238,222,16
much,237,132,105
part,237,129,108
act,237,31,206
txu,235,235,0
approv,234,139,95
record,234,166,68
agre,234,202,32
stop,233,66,167
done,231,204,27
meyer,231,230,1
prior,229,161,68
technolog,229,42,187
option,228,171,57
get,228,158,70
howard,227,225,2
microsoft,226,19,207
gather,226,197,29
long,226,101,125
jame,225,214,11
hank,225,221,4
hplno,224,224,0
face,224,22,202
notic,223,126,97
say,222,118,104
thing,222,134,88
zero,222,202,20
final,222,167,55
read,222,109,113
rita,222,222,0
lannou,221,221,0
via,219,110,109
web,219,128,91
dec,219,194,25
tuesday,218,200,18
field,218,182,36
dollar,218,61,157
feel,216,119,97
assist,216,140,76
profession,215,21,194
handl,215,200,15
type,214,143,71
financi,213,124,89
applic,212,122,90
color,212,5,207
understand,212,152,60
releas,211,95,116
charg,211,138,73
talk,210,164,46
period,209,194,15
direct,209,137,72
deliv,208,149,59
track,207,168,39
someon,207,167,40
pop,206,180,26
content,206,79,127
error,206,148,58
thru,206,200,6
featur,205,54,151
user,202,127,75
fact,201,46,155
mike,201,197,4
firm,201,178,23
doc,201,195,6
soon,201,158,43
border,200,4,196
low,200,46,154
hope,200,156,44
add,200,149,51
buyback,199,199,0
import,199,133,66
pef,198,198,0
enronxg,197,197,0
paid,197,129,68
close,197,139,58
weissman,196,196,0
spreadsheet,196,196,0
wynn,196,194,2
allen,195,188,7
katherin,195,194,1
cover,195,165,30
pipe,195,191,4
gc,195,195,0
cec,195,195,0
index,194,85,109
indic,194,98,96
camp,194,191,3
anyth,193,169,24
event,192,50,142
caus,192,93,99
carlo,191,190,1
payment,191,131,60
either,191,159,32
jone,191,177,14
anoth,191,149,42
public,191,49,142
page,190,141,49
href,190,0,190
regist,190,73,117
hplo,190,190,0
select,189,112,77
logist,188,184,4
famili,188,62,126
valid,188,168,20
relat,188,128,60
thu,187,165,22
mean,187,79,108
sourc,186,40,146
advic,186,26,160
intend,186,105,81
letter,186,122,64
explor,185,112,73
allow,185,133,52
concern,185,139,46
medic,185,11,174
reflect,185,178,7
iferc,185,185,0
william,185,178,7
viagra,184,0,184
run,184,131,53
except,184,169,15
three,184,116,68
materi,183,36,147
imag,182,77,105
present,182,108,74
adjust,181,175,6
love,181,86,95
old,180,136,44
top,180,60,120
imbal,178,177,1
wednesday,178,168,10
tax,178,133,45
swing,178,173,5
anita,177,177,0
survey,177,171,6
repres,177,82,95
websit,176,83,93
kati,174,171,3
contain,174,63,111
document,174,125,49
area,174,92,82
full,174,53,121
equistar,174,174,0
expir,174,151,23
case,174,101,73
item,174,153,21
partner,173,100,73
ad,173,129,44
better,173,85,88
got,172,105,67
suit,171,94,77
fred,171,170,1
respect,171,56,115
expens,171,109,62
announc,171,67,104
amount,171,144,27
citi,170,94,76
assign,170,160,10
sherlyn,170,170,0
thought,170,121,49
prescript,169,1,168
storag,169,133,36
adob,168,2,166
return,167,122,45
alreadi,166,118,48
entex,166,166,0
morn,166,138,28
might,165,107,58
sever,165,125,40
distribut,165,111,54
open,165,96,69
involv,165,65,100
remain,165,132,33
qualiti,164,43,121
clear,164,138,26
view,164,91,73
facil,163,142,21
ee,163,163,0
src,163,0,163
scott,162,155,7
tess,162,160,2
reserv,161,106,55
bank,161,37,124
download,161,54,107
clem,161,161,0
credit,159,78,81
exchang,159,91,68
coastal,159,158,1
darren,159,159,0
watch,159,31,128
redeliveri,159,159,0
canada,158,70,88
newslett,157,17,140
suggest,157,102,55
littl,157,84,73
hold,156,67,89
zone,156,94,62
cut,155,127,28
alway,155,66,89
pass,155,82,73
calpin,155,155,0
ray,155,152,3
refer,155,97,58
valley,155,153,2
ciali,154,0,154
reason,154,76,78
action,154,42,112
valu,154,95,59
brenda,154,153,1
transfer,153,42,111
real,153,50,103
tomorrow,153,149,4
yahoo,153,104,49
comput,152,47,105
stephani,152,149,3
never,152,68,84
ce,152,145,7
html,151,22,129
impact,151,123,28
around,150,108,42
game,150,84,66
server,150,62,88
opportun,150,75,75
gco,150,150,0
immedi,150,67,83
aep,150,150,0
everyon,150,112,38
midcon,150,150,0
lauri,149,146,3
someth,148,118,30
ranch,148,147,1
second,148,65,83
donna,148,147,1
cotton,148,145,3
later,148,119,29
associ,148,111,37
loss,148,75,73
solut,148,48,100
donald,147,144,3
head,147,94,53
stacey,147,146,1
weekend,147,110,37
richard,147,139,8
fill,147,92,55
parker,146,142,4
effort,146,86,60
commerci,146,70,76
big,146,100,46
karen,146,145,1
drug,145,0,145
promot,144,76,68
network,144,50,94
wish,144,48,96
acton,144,143,1
yet,144,116,28
appear,144,111,33
cash,144,56,88
word,144,51,93
anyon,144,111,33
necessari,143,92,51
arrang,143,118,25
miss,143,120,23
investor,143,23,120
unsubscrib,143,70,73
rodriguez,143,142,1
properti,143,42,101
outag,143,143,0
play,143,73,70
level,142,94,48
prepar,142,115,27
lst,142,123,19
hotmail,141,135,6
med,141,0,141
soft,140,0,140
publish,140,19,121
box,140,73,67
beaumont,140,137,3
termin,140,119,21
sept,139,138,1
life,139,31,108
recent,139,59,80
stone,139,129,10
east,139,116,23
asset,138,106,32
jim,138,136,2
vlt,137,136,1
left,137,104,33
central,137,111,26
sign,137,73,64
cornhusk,137,137,0
countri,136,37,99
charli,136,130,6
cynthia,136,134,2
feedback,136,132,4
carthag,135,132,3
consid,135,44,91
shut,135,129,6
fund,135,29,106
accept,134,50,84
member,134,81,53
legal,133,92,41
victor,133,133,0
verifi,133,118,15
style,133,7,126
connect,133,74,59
owner,133,79,54
third,132,52,80
portfolio,132,103,29
thoma,132,120,12
dave,132,129,3
version,132,75,57
settlement,132,127,5
easi,131,32,99
found,131,77,54
schumack,131,131,0
receipt,131,105,26
claim,130,21,109
friend,130,69,61
presid,130,90,40
execut,130,93,37
approxim,129,97,32
success,129,65,64
tell,129,86,43
drive,128,40,88
major,128,37,91
write,128,66,62
titl,128,20,108
hess,128,126,2
identifi,128,60,68
reinhardt,128,128,0
basi,127,110,17
small,127,65,62
determin,127,109,18
design,127,50,77
star,127,101,26
care,127,72,55
retail,127,24,103
bring,127,83,44
balanc,127,111,16
ken,127,126,1
luong,127,127,0
edward,127,122,5
union,126,116,10
answer,126,97,29
happen,126,81,45
resolv,126,122,4
jeff,126,121,5
rememb,126,62,64
night,125,90,35
fix,125,77,48
roll,125,117,8
late,125,64,61
wait,125,61,64
cheryl,124,123,1
channel,124,80,44
director,124,62,62
appreci,124,114,10
profil,124,20,104
lsk,123,123,0
probabl,123,103,20
guarante,123,19,104
herod,122,122,0
hplnl,122,122,0
man,122,40,82
albrecht,122,120,2
specif,121,85,36
potenti,121,57,64
side,121,68,53
express,121,36,85
methanol,121,121,0
normal,121,35,86
reduc,121,83,38
exxon,120,116,4
lead,120,65,55
particip,120,71,49
dow,120,108,12
mention,120,81,39
papayoti,119,119,0
live,119,52,67
white,119,89,30
decid,119,62,57
train,119,111,8
sorri,119,108,11
mid,118,100,18
paliourg,118,0,118
realli,118,64,54
target,118,14,104
statu,118,107,11
capit,118,73,45
bryan,117,117,0
turn,117,56,61
dfarmer,117,117,0
depart,117,50,67
south,117,64,53
monthli,117,99,18
password,117,103,14
lamphier,116,116,0
togeth,116,96,20
pro,116,1,115
edit,116,27,89
privat,115,27,88
valero,115,115,0
travel,115,77,38
tab,115,27,88
brand,115,10,105
lot,115,41,74
code,115,69,46
format,114,32,82
join,114,78,36
physic,114,99,15
growth,114,32,82
flash,114,74,40
thousand,114,9,105
anticip,113,20,93
submit,113,104,9
hear,113,81,32
everyth,113,65,48
financ,113,25,88
bridg,113,93,20
shop,113,62,51
print,113,90,23
strong,112,12,100
health,112,5,107
card,112,42,70
voip,112,0,112
text,112,26,86
notifi,112,103,9
doctor,112,10,102
trader,112,104,8
cleburn,112,112,0
reach,111,57,54
baumbach,111,111,0
longer,111,63,48
becom,111,48,63
purpos,111,65,46
jennif,111,108,3
ltd,111,84,27
learn,111,50,61
janet,110,107,3
neal,110,109,1
afternoon,110,108,2
revenu,110,24,86
mailto,110,98,12
poorman,110,110,0
guy,110,86,24
build,110,62,48
devon,109,108,1
latest,109,52,57
test,108,68,40
china,108,4,104
leav,108,81,27
individu,108,74,34
short,108,67,41
matter,108,61,47
duti,108,17,91
liz,108,108,0
experi,107,53,54
koch,107,106,1
hard,107,40,67
stay,107,80,27
kind,107,39,68
usa,107,43,64
improv,107,37,70
readi,106,67,39
london,106,90,16
occur,106,59,47
etc,106,72,34
stack,106,104,2
php,106,0,106
eol,106,106,0
oasi,106,105,1
enhanc,106,48,58
exist,106,70,36
awar,106,55,51
given,106,60,46
pain,105,4,101
bgcolor,105,0,105
lsp,105,105,0
waha,105,105,0
dealer,105,1,104
minut,104,29,75
load,104,53,51
mcf,103,99,4
staff,103,83,20
ensur,103,82,21
plu,103,53,50
confidenti,103,50,53
packag,103,59,44
affili,103,38,65
stella,103,101,2
worldwid,102,23,79
riley,102,102,0
voic,102,55,47
noth,102,43,59
gain,102,34,68
key,102,58,44
sandi,102,101,1
told,101,82,19
factor,101,33,68
accord,101,70,31
lone,101,92,9
browser,101,22,79
nation,101,35,66
green,101,69,32
sat,101,80,21
enserch,101,101,0
enrononlin,101,101,0
subscrib,101,21,80
chanc,100,71,29
apach,100,96,4
profit,100,27,73
quick,99,38,61
larg,99,31,68
initi,99,65,34
sold,99,65,34
propos,99,66,33
prize,99,44,55
light,99,51,48
directli,99,72,27
park,98,88,10
stranger,98,97,1
vacat,98,90,8
press,98,19,79
cernosek,98,98,0
hall,98,97,1
away,97,49,48
kevin,97,96,1
step,97,71,26
room,97,76,21
aepin,97,97,0
comment,97,90,7
video,97,24,73
discount,96,27,69
appli,96,69,27
king,96,81,15
nov,96,87,9
bellami,96,94,2
function,95,83,12
ali,95,3,92
quot,95,54,41
measur,95,72,23
enjoy,95,50,45
spoke,95,92,3
condit,95,54,41
teja,95,95,0
gif,95,2,93
bodi,94,6,88
benefit,94,43,51
wither,94,93,1
abil,94,52,42
hey,94,57,37
men,94,10,84
saturday,94,94,0
dear,94,38,56
lose,94,10,84
idea,94,71,23
hill,93,83,10
age,93,19,74
feder,93,16,77
tabl,93,17,76
morri,93,92,1
instruct,93,32,61
forc,92,63,29
object,92,37,55
boa,92,91,1
charlott,92,86,6
pull,92,76,16
though,92,65,27
biz,92,0,92
standard,92,60,32
interconnect,92,92,0
jpg,92,19,73
whole,91,73,18
middl,91,19,72
certain,91,22,69
class,91,64,27
referenc,91,71,20
commit,91,67,24
opinion,91,24,67
weight,91,3,88
happi,91,38,53
seek,90,11,79
choos,90,38,52
elizabeth,90,87,3
spam,90,1,89
analyst,89,79,10
capac,89,77,12
match,89,59,30
american,89,43,46
player,89,62,27
mccoy,89,88,1
taken,89,59,30
oct,89,84,5
beverli,89,85,4
complianc,89,10,79
convers,89,59,30
protect,89,26,63
music,89,30,59
earli,89,71,18
draft,89,85,4
avila,88,88,0
databas,88,48,40
eric,88,79,9
research,88,43,45
bruce,88,87,1
land,88,54,34
superti,88,88,0
upon,88,45,43
advanc,88,37,51
store,88,34,54
safe,88,20,68
easttexa,88,88,0
hesco,87,87,0
girl,87,14,73
lamadrid,87,87,0
shell,87,60,27
nguyen,87,86,1
cdnow,87,87,0
attent,87,44,43
consult,86,15,71
carri,86,39,47
salli,86,83,3
pictur,86,53,33
gpgfin,86,86,0
walker,86,85,1
hakemack,86,86,0
god,86,56,30
herrera,86,86,0
spring,86,72,14
electr,86,52,34
monitor,86,68,18
took,86,58,28
coupl,86,71,15
other,86,54,32
four,86,35,51
kill,85,53,32
sun,85,55,30
vol,85,78,7
entir,85,55,30
tammi,85,84,1
pool,85,78,7
agent,85,43,42
non,85,60,25
dan,85,76,9
enough,84,50,34
mind,84,40,44
quantiti,84,61,23
earl,84,80,4
johnson,84,78,6
super,84,7,77
excess,84,66,18
paso,84,84,0
hello,84,20,64
affect,84,62,22
tina,84,82,2
post,83,62,21
sunday,83,70,13
fast,83,23,60
mar,83,66,17
model,83,47,36
averag,83,54,29
reader,83,1,82
govern,82,23,59
earn,82,31,51
lower,82,46,36
eileen,82,82,0
kc,82,82,0
uncertainti,82,3,79
pick,81,39,42
licens,81,10,71
respond,81,70,11
hub,81,78,3
cheap,81,2,79
phillip,80,77,3
perfect,80,18,62
terri,80,77,3
organ,80,52,28
pharmaci,80,0,80
expedia,80,79,1
entri,80,66,14
school,80,56,24
acquisit,80,15,65
photoshop,80,0,80
wide,80,12,68
simpli,80,36,44
reliantenergi,80,80,0
img,80,0,80
role,79,73,6
valign,79,0,79
went,79,59,20
assum,79,77,2
plain,79,24,55
tel,79,17,62
kimberli,78,77,1
button,78,50,28
seem,78,60,18
black,78,48,30
consum,78,30,48
rebecca,78,77,1
sex,78,1,77
half,78,29,49
air,78,37,41
shown,77,29,48
enw,77,77,0
attend,77,64,13
gome,77,77,0
coordin,77,63,14
leader,77,30,47
ponton,77,77,0
transit,77,70,7
broker,77,40,37
tool,77,37,40
yesterday,76,68,8
btu,76,75,1
histori,76,29,47
draw,76,11,65
administr,76,55,21
gulf,76,73,3
enerfin,76,76,0
intrast,76,76,0
cell,76,66,10
appropri,76,68,8
christi,76,74,2
goal,75,32,43
mop,75,74,1
gift,75,52,23
blue,75,60,15
ext,75,68,7
neon,75,75,0
competit,75,16,59
dynegi,75,75,0
ceo,74,45,29
htm,74,30,44
hot,74,8,66
stori,74,20,54
rest,74,49,25
div,74,0,74
san,74,44,30
tisdal,74,74,0
relief,74,20,54
river,74,53,21
matt,74,66,8
dell,73,26,47
instal,73,47,26
assur,73,12,61
moopid,73,0,73
counti,73,63,10
resum,73,68,5
ye,73,52,21
none,73,23,50
hotlist,73,0,73
tetco,73,73,0
sheet,73,53,20
jill,72,70,2
paper,72,42,30
recommend,72,24,48
near,72,31,41
mckay,72,72,0
grant,72,66,6
advantag,72,23,49
situat,72,60,12
epson,72,2,70
quit,72,22,50
greater,71,55,16
california,71,56,15
kim,71,64,7
integr,71,19,52
structur,71,53,18
cours,71,43,28
fine,71,46,25
ago,71,37,34
asap,71,68,3
neuweil,71,71,0
hous,71,28,43
digit,71,15,56
copano,71,71,0
negoti,71,37,34
fwd,71,46,25
chad,71,68,3
delta,70,52,18
agenc,70,53,17
charlen,70,70,0
job,70,53,17
fun,70,34,36
whether,70,55,15
mill,70,64,6
holm,70,69,1
dvd,70,8,62
excit,70,42,28
stephen,70,67,3
gtc,69,69,0
exampl,69,30,39
louisiana,69,59,10
previous,69,61,8
sincer,69,27,42
search,69,20,49
fare,69,64,5
rule,69,44,25
mine,69,8,61
paragraph,69,26,43
daniel,69,67,2
drill,69,30,39
held,69,46,23
five,69,32,37
tufco,68,68,0
decis,68,33,35
htmlimg,68,0,68
media,68,22,46
svc,68,66,2
compar,68,13,55
xanax,68,0,68
outstand,68,34,34
greg,68,67,1
bad,68,30,38
olsen,68,68,0
exactli,68,9,59
kelli,68,68,0
rick,68,68,0
instant,68,14,54
panenergi,68,68,0
heidi,68,68,0
chri,68,67,1
petroleum,68,51,17
collect,68,37,31
heard,68,47,21
linda,67,65,2
serv,67,44,23
stand,67,42,25
manual,67,41,26
holiday,67,50,17
senior,67,52,15
prefer,67,37,30
histor,67,34,33
common,67,40,27
colspan,67,0,67
valadez,67,67,0
multipl,66,33,33
grow,66,16,50
region,66,37,29
certif,66,53,13
pinion,66,65,1
southern,66,56,10
evergreen,66,63,3
walter,66,60,6
environ,66,48,18
corel,66,0,66
entiti,66,52,14
assumpt,65,13,52
liquid,65,45,20
macromedia,65,0,65
exclus,65,16,49
welcom,65,48,17
eye,65,31,34
morgan,65,61,4
quarter,65,23,42
advertis,65,5,60
variou,65,32,33
compens,65,8,57
invit,65,43,22
west,65,48,17
rolex,65,0,65
similar,65,36,29
station,65,56,9
prc,65,60,5
bid,65,62,3
valium,64,0,64
brown,64,57,7
bit,64,31,33
author,64,33,31
est,64,26,38
annual,64,22,42
knle,64,0,64
local,64,17,47
cass,64,64,0
polici,64,46,18
hotel,64,50,14
analysi,64,56,8
car,64,22,42
hundr,64,7,57
owe,64,52,12
fri,64,50,14
came,64,41,23
women,63,5,58
brazo,63,63,0
huge,63,7,56
worth,63,21,42
summari,63,59,4
dth,63,63,0
acquir,63,9,54
avoid,63,25,38
foreign,63,4,59
unaccount,63,63,0
advisor,63,17,46
spinnak,63,61,2
categori,63,18,45
obtain,62,33,29
export,62,0,62
aug,62,47,15
correctli,62,60,2
iit,62,0,62
expand,62,31,31
trevino,62,61,1
red,62,28,34
intel,62,0,62
paul,62,58,4
demokrito,62,0,62
epgt,62,62,0
dalla,62,57,5
conflict,62,12,50
wast,62,3,59
winfre,62,62,0
clean,62,53,9
calendar,61,50,11
crosstex,61,61,0
goe,61,38,23
column,61,56,5
die,61,5,56
enterpris,61,12,49
maintain,61,42,19
own,61,30,31
win,61,16,45
wholesal,61,48,13
reveffo,61,61,0
troy,61,61,0
board,61,41,20
bought,61,34,27
ricki,61,58,3
delet,61,53,8
instead,61,46,15
remind,61,48,13
across,61,50,11
door,61,13,48
extens,61,44,17
pre,61,32,29
kenneth,61,53,8
sharehold,61,9,52
erect,60,0,60
sec,60,12,48
buyer,60,55,5
realloc,60,60,0
chairman,60,49,11
hanson,60,57,3
broadband,60,29,31
known,60,8,52
alert,60,6,54
lonestar,60,60,0
ibm,60,2,58
europ,60,30,30
martin,60,54,6
jackson,60,57,3
higher,60,32,28
logo,60,4,56
registr,60,40,20
focu,60,41,19
educ,60,26,34
usag,60,46,14
prod,60,59,1
screen,60,38,22
descript,59,38,21
calcul,59,37,22
wrong,59,38,21
award,59,18,41
golf,59,57,2
along,59,42,17
llc,59,47,12
encina,59,59,0
congratul,59,20,39
least,59,40,19
ew,59,59,0
combin,59,33,26
apr,59,49,10
launch,59,43,16
committe,59,50,9
schneider,59,57,2
cpr,59,59,0
mtr,59,59,0
specul,59,0,59
input,59,55,4
archer,58,56,2
varianc,58,58,0
cross,58,40,18
csiko,58,58,0
speed,58,21,37
lake,58,45,13
yvett,58,56,2
creativ,58,3,55
trademark,58,10,48
iii,58,11,47
texaco,58,55,3
altern,58,30,28
mainten,58,53,5
gold,58,1,57
equip,58,35,23
elect,58,52,6
recipi,58,56,2
harri,58,52,6
goliad,58,58,0
wilson,58,38,20
trip,58,41,17
drop,57,33,24
pager,57,57,0
jeffrey,57,56,1
wed,57,34,23
basin,57,39,18
primari,57,44,13
peni,57,1,56
hit,57,43,14
contribut,57,42,15
road,57,34,23
parent,57,40,17
rank,57,37,20
notif,57,26,31
billion,57,16,41
law,56,24,32
transmiss,56,42,14
children,56,13,43
break,56,17,39
usb,56,3,53
bankruptci,56,32,24
street,56,35,21
mcmill,56,56,0
captur,56,46,10
rnd,56,0,56
strategi,56,15,41
russ,56,55,1
discrep,56,53,3
rang,56,20,36
treat,56,23,33
interview,56,50,6
patti,56,55,1
sexual,56,2,54
engag,56,50,6
beati,55,55,0
met,55,42,13
intent,55,17,38
sullivan,55,51,4
afford,55,10,45
gdp,55,55,0
marta,55,55,0
kristen,55,55,0
solicit,55,4,51
swift,55,53,2
hillari,55,55,0
critic,55,42,13
brandywin,55,53,2
royal,55,50,5
jebel,55,0,55
coupon,55,26,29
movi,55,5,50
far,54,36,18
sit,54,38,16
eb,54,54,0
replac,54,49,5
gisb,54,54,0
automat,54,33,21
floor,54,45,9
procedur,54,36,18
ook,54,0,54
wife,54,12,42
popular,54,3,51
implement,54,47,7
experienc,54,32,22
percent,54,18,36
seen,54,26,28
hernandez,54,54,0
quickli,54,18,36
compaq,54,13,41
budget,54,42,12
preliminari,54,53,1
sweeney,54,54,0
walli,54,53,1
henderson,54,54,0
port,54,24,30
upgrad,54,29,25
texoma,54,54,0
extra,54,23,31
inher,53,1,52
citibank,53,20,33
seaman,53,53,0
cd,53,6,47
rais,53,21,32
mitchel,53,52,1
spend,53,26,27
hand,53,27,26
hawkin,53,52,1
baxter,53,52,1
gave,53,46,7
guess,53,40,13
sabra,53,52,1
insid,53,15,38
alt,52,0,52
telephon,52,15,37
wireless,52,3,49
father,52,17,35
cap,52,17,35
kathi,52,50,2
mazowita,52,52,0
lindley,52,52,0
memo,52,52,0
season,52,37,15
deposit,52,4,48
elimin,52,32,20
buddi,52,44,8
accomplish,52,42,10
singl,52,25,27
herein,52,11,41
signific,52,32,20
uniqu,52,3,49
earlier,52,43,9
sport,52,10,42
sap,51,49,2
client,51,18,33
joann,51,51,0
equiti,51,22,29
emerg,51,14,37
log,51,45,6
warn,51,26,25
restrict,51,44,7
amazon,51,45,6
six,51,27,24
yap,51,0,51
pgev,51,51,0
privaci,51,21,30
toward,51,21,30
extern,51,27,24
mayb,51,42,9
gra,51,1,50
dilig,50,13,37
suzann,50,50,0
separ,50,44,6
outsid,50,40,10
among,50,22,28
soni,50,4,46
insur,50,29,21
darial,50,0,50
confer,50,27,23
wonder,50,27,23
commod,50,42,8
somehow,50,6,44
smoke,50,2,48
inch,50,6,44
kinsey,50,50,0
canon,50,0,50
lowest,50,9,41
centana,50,50,0
discov,50,12,38
chemic,50,42,8
correspond,50,26,24
econom,50,29,21
highli,50,9,41
hull,50,49,1
art,49,10,39
charl,49,43,6
richmond,49,47,2
behalf,49,38,11
urgent,49,17,32
true,49,28,21
juno,49,47,2
commiss,49,31,18
cabl,49,10,39
sound,49,27,22
pertain,49,5,44
attempt,49,34,15
achiev,49,15,34
electron,49,33,16
minimum,49,32,17
nick,48,47,1
pena,48,48,0
previou,48,39,9
cowboy,48,47,1
bryce,48,47,1
realiz,48,37,11
decreas,48,41,7
mix,48,12,36
diamond,48,13,35
bottom,48,15,33
baseload,48,48,0
braband,48,48,0
lesli,48,47,1
davi,48,34,14
hplnol,48,48,0
carrier,48,27,21
cartwheel,48,46,2
villarr,48,48,0
steven,48,40,8
manufactur,48,1,47
membership,48,23,25
reliabl,48,9,39
lesson,48,44,4
understood,48,10,38
rather,48,37,11
msn,48,46,2
fat,48,3,45
prayer,48,46,2
migrat,48,48,0
austin,48,47,1
clearanc,48,3,45
accuraci,48,12,36
establish,48,22,26
gottlob,48,48,0
offici,47,12,35
chief,47,39,8
clickathom,47,47,0
predict,47,5,42
technoiogi,47,0,47
cancel,47,31,16
regul,47,31,16
ocean,47,40,7
throughout,47,26,21
reliant,47,47,0
bammel,47,47,0
conveni,47,17,30
split,47,39,8
resel,47,0,47
vaughn,47,46,1
shipper,47,47,0
entertain,47,12,35
summer,47,39,8
explod,47,1,46
worksheet,47,47,0
glover,47,47,0
kept,47,34,13
winner,47,10,37
venturato,47,47,0
kathryn,47,47,0
graphic,46,0,46
merchant,46,36,10
count,46,34,12
unabl,46,44,2
gotten,46,4,42
guadalup,46,46,0
symbol,46,4,42
sleep,46,1,45
tim,46,38,8
lost,46,24,22
definit,46,22,24
josey,46,46,0
ftar,46,0,46
behind,46,33,13
ventur,46,18,28
reduct,46,21,25
touch,46,32,14
tailgat,46,46,0
photo,46,9,37
min,46,10,36
repair,46,43,3
dudley,46,44,2
hospit,46,10,36
complaint,46,4,42
devic,46,2,44
prevent,45,35,10
pcx,45,45,0
cindi,45,43,2
capabl,45,20,25
master,45,26,19
crude,45,36,9
heart,45,17,28
connor,45,44,1
engin,45,24,21
commenc,45,36,9
front,45,11,34
toshiba,45,0,45
cisco,45,5,40
tie,45,32,13
mile,45,21,24
outlook,45,41,4
cook,45,40,5
sometim,45,33,12
specialist,45,39,6
driver,45,32,13
degre,45,15,30
constitut,45,3,42
overnight,45,5,40
zivley,44,44,0
consist,44,23,21
bed,44,21,23
comfort,44,12,32
explain,44,33,11
romeo,44,43,1
conni,44,43,1
mack,44,44,0
garrick,44,44,0
victoria,44,41,3
stretch,44,40,4
cent,44,17,27
reev,44,42,2
child,44,26,18
almost,44,16,28
meredith,44,44,0
hplr,44,44,0
finish,44,32,12
arriv,44,26,18
hugh,44,43,1
egmnom,44,44,0
congress,44,1,43
conduct,44,23,21
doubl,44,22,22
cherri,44,40,4
benedict,44,39,5
fall,44,29,15
elsa,43,43,0
brent,43,42,1
nomad,43,0,43
palestinian,43,0,43
fontfont,43,0,43
seller,43,41,2
ftworth,43,43,0
vicodin,43,0,43
oblig,43,24,19
soma,43,0,43
desir,43,22,21
trust,43,16,27
sum,43,5,38
rev,43,43,0
session,43,36,7
mtbe,43,43,0
introduc,43,20,23
org,43,31,12
island,43,33,10
rock,43,7,36
kid,43,35,8
joani,43,43,0
sea,43,32,11
legisl,43,2,41
delay,43,23,20
viewson,43,0,43
salari,42,36,6
amend,42,26,16
heather,42,42,0
shawna,42,42,0
vice,42,36,6
speckel,42,42,0
frank,42,34,8
stuff,42,23,19
cellpad,42,0,42
consolid,42,31,11
appoint,42,19,23
pep,42,42,0
qualifi,42,10,32
leas,42,23,19
laura,42,40,2
deveiop,42,0,42
like,42,34,8
excel,42,23,19
knowledg,42,29,13
main,42,24,18
deadlin,42,40,2
aim,42,30,12
robot,42,0,42
resolut,42,31,11
sampl,42,34,8
exercis,42,12,30
practic,42,17,25
confus,42,40,2
deer,42,39,3
relationship,42,21,21
forget,41,22,19
tournament,41,27,14
burn,41,18,23
confid,41,12,29
resuit,41,0,41
european,41,10,31
gmt,41,39,2
choic,41,20,21
enquiri,41,0,41
built,41,21,20
hewlett,41,0,41
pressur,41,33,8
nice,41,22,19
fire,41,5,36
speak,41,24,17
pack,41,9,32
materia,41,0,41
weather,41,36,5
eff,41,34,7
robin,41,36,5
bobbi,41,24,17
eiben,41,41,0
greif,41,41,0
topica,41,41,0
targu,40,0,40
lon,40,31,9
languag,40,27,13
consemiu,40,40,0
lotteri,40,2,38
edmondson,40,40,0
luck,40,21,19
apc,40,0,40
griffin,40,39,1
highlight,40,33,7
explos,40,1,39
debbi,40,36,4
dolphin,40,38,2
severson,40,40,0
studi,40,11,29
pic,40,12,28
payrol,40,40,0
club,40,27,13
seat,40,35,5
replica,40,0,40
ferc,40,40,0
laptop,40,10,30
unless,40,25,15
whatev,40,25,15
treatment,40,5,35
attack,40,12,28
son,40,13,27
iomega,40,0,40
packard,40,0,40
dial,40,9,31
intellinet,40,0,40
jaquet,40,40,0
aopen,40,0,40
simpl,40,8,32
customerservic,40,0,40
enabl,40,14,26
cilco,40,40,0
ball,40,21,19
flag,40,34,6
disclos,40,11,29
offshor,39,15,24
aquila,39,37,2
approx,39,36,3
fulli,39,15,24
usual,39,29,10
tonight,39,25,14
larri,39,36,3
notebook,39,0,39
emir,39,0,39
town,39,33,6
loui,39,23,16
husband,39,9,30
premium,39,5,34
charset,39,5,34
hol,39,39,0
ahead,39,27,12
depress,39,0,39
sharon,39,37,2
attract,39,14,25
expert,39,5,34
technic,39,29,10
drink,39,9,30
personnel,39,35,4
briley,39,39,0
constru,39,0,39
tech,39,16,23
crow,39,37,2
belief,39,4,35
blank,39,9,30
beck,39,37,2
uae,39,0,39
foot,39,29,10
sean,39,31,8
relax,39,4,35
flight,39,25,14
platform,39,21,18
ram,39,25,14
airmail,39,35,4
cart,39,29,10
flynn,39,37,2
sponsor,38,24,14
listbot,38,38,0
effici,38,18,20
encourag,38,29,9
sole,38,27,11
otc,38,2,36
forecast,38,27,11
spencer,38,36,2
transco,38,38,0
kyle,38,38,0
itoy,38,0,38
sheri,38,38,0
jason,38,38,0
stream,38,19,19
audit,38,19,19
anti,38,3,35
cal,38,32,6
payback,38,38,0
lyondel,38,38,0
eel,38,38,0
premier,38,4,34
leth,38,0,38
cooper,38,23,15
saw,38,16,22
edu,38,36,2
intercompani,38,38,0
miner,38,16,22
display,37,21,16
memori,37,18,19
norton,37,5,32
loan,37,13,24
extrem,37,9,28
cokino,37,37,0
molli,37,35,2
accur,37,27,10
resid,37,26,11
tier,37,30,7
aeor,37,0,37
cold,37,28,9
heal,37,28,9
particular,37,25,12
regular,37,17,20
beauti,37,3,34
patch,37,7,30
zonedubai,37,0,37
ngo,37,37,0
modifi,37,26,11
skill,37,24,13
map,37,30,7
gay,37,31,6
auto,37,19,18
usd,37,4,33
intraday,37,37,0
coast,37,29,8
duplic,37,22,15
fit,37,13,24
appar,37,34,3
muscl,37,0,37
although,37,22,15
pretti,37,27,10
la,37,12,25
sector,36,8,28
studio,36,0,36
colleg,36,25,11
percentag,36,29,7
opm,36,36,0
otcbb,36,0,36
julia,36,33,3
conoco,36,36,0
benoit,36,35,1
brennan,36,35,1
proper,36,22,14
forese,36,1,35
tape,36,4,32
ann,36,21,15
reward,36,29,7
redmond,36,35,1
anyway,36,26,10
provis,36,35,1
solid,36,1,35
oem,36,0,36
marlen,36,36,0
consent,36,34,2
bar,36,30,6
space,36,15,21
femal,36,0,36
anderson,36,29,7
portion,36,26,10
multi,36,5,31
joe,36,35,1
anywher,35,10,25
noon,35,31,4
gone,35,13,22
float,35,15,20
depend,35,21,14
penni,35,2,33
block,35,21,14
written,35,15,20
sender,35,34,1
hilliard,35,35,0
vega,35,11,24
approach,35,25,10
inciud,35,0,35
illustr,35,1,34
gateway,35,10,25
intra,35,35,0
dian,35,31,4
highest,35,9,26
internationa,35,0,35
often,35,16,19
guid,35,10,25
proven,35,2,33
enlarg,35,0,35
incorrect,35,32,3
partnership,35,23,12
medicin,35,9,26
evalu,35,28,7
jay,34,32,2
jerri,34,33,1
increment,34,33,1
imagin,34,16,18
shari,34,33,1
hector,34,31,3
accessori,34,0,34
patient,34,2,32
moment,34,14,20
celebr,34,23,11
amaz,34,7,27
largest,34,13,21
adult,34,2,32
joint,34,14,20
bane,34,29,5
troubl,34,23,11
pleasur,34,8,26
prospect,34,2,32
silver,34,8,26
absolut,34,7,27
autom,34,15,19
hydrocarbon,34,32,2
remot,34,17,17
beliz,34,1,33
hesit,34,25,9
metal,34,7,27
spain,34,0,34
tag,34,11,23
todd,34,34,0
suppos,33,30,3
expatri,33,29,4
peggi,33,32,1
appl,33,0,33
arial,33,0,33
incom,33,24,9
imit,33,0,33
lock,33,17,16
pubiish,33,0,33
hr,33,23,10
garden,33,31,2
verdana,33,0,33
marlin,33,32,1
eddi,33,24,9
pray,33,30,3
aerofoam,33,0,33
chevron,33,28,5
dulc,33,33,0
midstream,33,31,2
alon,33,7,26
tongu,33,2,31
easili,33,7,26
dawn,33,31,2
forev,33,4,29
nommensen,33,33,0
flexibl,33,29,4
deduct,33,30,3
darrel,33,31,2
exact,33,20,13
ref,33,4,29
humbl,33,17,16
nat,33,22,11
shipment,33,24,9
rich,33,13,20
login,33,24,9
adam,33,16,17
inactiv,33,31,2
prompt,33,26,7
militari,33,3,30
self,33,8,25
maximum,33,13,20
randal,33,32,1
comstock,33,33,0
republ,33,25,8
cum,33,7,26
ail,32,0,32
abdv,32,0,32
shorelin,32,31,1
sdsnom,32,32,0
campaign,32,3,29
eogi,32,0,32
sd,32,32,0
unlimit,32,4,28
und,32,1,31
header,32,32,0
proprietari,32,6,26
netco,32,32,0
univers,32,12,20
craig,32,30,2
brief,32,25,7
sofftwaar,32,0,32
properli,32,31,1
televis,32,9,23
prohibit,32,24,8
impot,32,0,32
rom,32,10,22
beach,32,16,16
toni,32,23,9
protocol,32,3,29
filter,32,12,20
netherland,32,0,32
compressor,32,31,1
brad,32,32,0
woman,32,6,26
batteri,32,5,27
topic,32,14,18
facilit,32,23,9
eat,32,16,16
wysak,32,0,32
piec,32,23,9
solmonson,32,32,0
valuabl,32,16,16
cowtrap,32,32,0
esther,32,32,0
ecom,31,31,0
equal,31,18,13
proceed,31,25,6
url,31,19,12
urbanek,31,31,0
accordingli,31,25,6
secret,31,0,31
okay,31,25,6
discret,31,6,25
franklin,31,28,3
investig,31,14,17
modem,31,16,15
valv,31,31,0
aid,31,5,26
cousino,31,31,0
staci,31,30,1
anytim,31,13,18
eight,31,4,27
wire,31,14,17
supplier,31,22,9
wiil,31,0,31
camera,31,3,28
defens,31,1,30
jack,31,24,7
africa,31,1,30
agua,31,31,0
florida,31,21,10
york,31,19,12
cannon,31,28,3
walk,31,18,13
ladi,31,14,17
tommi,31,30,1
barrett,31,29,2
male,31,0,31
tripl,31,8,23
tue,31,14,17
circul,31,10,21
fear,31,8,23
blood,31,10,21
auction,31,12,19
method,31,14,17
massiv,30,1,29
sort,30,25,5
safeti,30,11,19
danni,30,27,3
mailbox,30,25,5
richardson,30,28,2
carbid,30,26,4
interfac,30,11,19
consider,30,15,15
figur,30,13,17
hottlist,30,0,30
mortgag,30,5,25
length,30,10,20
batch,30,8,22
torch,30,30,0
max,30,14,16
suspend,30,26,4
round,30,16,14
church,30,19,11
human,30,16,14
prime,30,15,15
locker,30,30,0
convert,30,14,16
adoni,30,30,0
permit,30,17,13
ffffff,30,0,30
dosag,30,0,30
atleast,30,0,30
court,30,23,7
dedic,30,17,13
strictli,30,16,14
pend,30,16,14
sarco,30,30,0
describ,30,11,19
bretz,30,30,0
babi,30,16,14
phentermin,30,0,30
merger,30,27,3
rental,30,14,16
cellspac,30,0,30
impress,30,6,24
compet,30,10,20
meant,30,9,21
giron,30,30,0
eog,30,30,0
recal,30,29,1
caution,30,4,26
aggress,30,2,28
patent,29,0,29
fortun,29,7,22
guest,29,27,2
settl,29,25,4
tessi,29,29,0
mcloughlin,29,29,0
dose,29,0,29
wil,29,2,27
signatur,29,15,14
larger,29,15,14
seneca,29,28,1
prove,29,5,24
metabol,29,0,29
diet,29,1,28
interrupt,29,23,6
perman,29,11,18
ten,29,8,21
candid,29,20,9
cashout,29,27,2
arm,29,2,27
relianc,29,4,25
undervalu,29,0,29
hair,29,5,24
intellig,29,10,19
christma,29,19,10
ryan,29,28,1
mcgee,29,25,4
martinez,29,25,4
lie,29,5,24
wind,29,9,20
darron,29,29,0
minim,29,19,10
song,29,15,14
host,29,6,23
formula,29,2,27
tennesse,29,28,1
verif,29,15,14
nathan,29,26,3
choat,29,29,0
creek,29,21,8
rusti,29,26,3
curv,29,21,8
zajac,28,28,0
brought,28,21,7
hate,28,7,21
couid,28,0,28
exhibit,28,25,3
serial,28,1,27
lay,28,15,13
oba,28,28,0
progress,28,24,4
tire,28,3,25
hassl,28,4,24
employ,28,16,12
hire,28,24,4
edi,28,28,0
squar,28,14,14
dale,28,27,1
began,28,18,10
angel,28,10,18
gap,28,23,5
australia,28,10,18
den,28,24,4
organiz,28,28,0
fda,28,1,27
cia,28,0,28
favor,28,9,19
will,28,12,16
bowen,28,23,5
melba,28,28,0
beemer,28,28,0
egm,28,28,0
compil,28,18,10
smart,28,1,27
varieti,28,7,21
forth,28,6,22
prozac,28,0,28
imceanot,28,28,0
rel,28,18,10
construct,28,13,15
medium,28,5,23
trochta,28,28,0
student,28,16,12
coffey,28,25,3
campo,28,28,0
writeoff,28,28,0
pico,28,28,0
tirr,27,0,27
royalti,27,22,5
sir,27,0,27
superior,27,19,8
kin,27,0,27
roger,27,20,7
debt,27,12,15
boost,27,1,26
switch,27,19,8
rewrit,27,16,11
gerald,27,27,0
joseph,27,25,2
offset,27,20,7
solv,27,10,17
focus,27,14,13
defin,27,15,12
shot,27,15,12
incred,27,4,23
discreet,27,0,27
dewpoint,27,27,0
pieas,27,0,27
pl,27,26,1
reli,27,18,9
assess,27,17,10
att,27,25,2
tour,27,17,10
biggest,27,11,16
worri,27,5,22
boy,27,5,22
brbr,27,0,27
domest,27,10,17
pig,27,25,2
satisfi,27,3,24
easier,27,23,4
majeur,27,27,0
christian,27,15,12
chase,27,19,8
eex,27,27,0
vari,27,18,9
theresa,27,27,0
ifhsc,27,27,0
listen,27,13,14
independ,26,6,20
patricia,26,24,2
seven,26,12,14
hodg,26,22,4
mip,26,26,0
failur,26,10,16
asp,26,19,7
thorough,26,5,21
setup,26,21,5
fail,26,15,11
spur,26,1,25
distributorjebel,26,0,26
gate,26,20,6
codi,26,23,3
gloria,26,24,2
opt,26,3,23
bass,26,23,3
glad,26,17,9
wayn,26,24,2
clarif,26,24,2
motor,26,3,23
vicent,26,26,0
lunch,26,25,1
ascii,26,5,21
desktop,26,11,15
nascar,26,3,23
mgmt,26,26,0
kerr,26,25,1
sarmiento,26,26,0
alcohol,26,0,26
omit,26,1,25
overal,26,15,11
tadalafil,26,0,26
optim,26,21,5
connevey,26,26,0
trisha,26,25,1
death,26,4,22
ehronlin,26,26,0
innov,26,7,19
euro,26,0,26
edg,26,6,20
stress,26,18,8
staf,26,24,2
consequ,26,12,14
anxieti,26,1,25
catch,26,12,14
ident,26,4,22
ion,26,1,25
canadian,26,7,19
pinnacl,26,0,26
prioriti,26,14,12
redeliv,26,26,0
spent,26,21,5
sunsail,26,26,0
manner,26,13,13
familiar,26,17,9
war,26,8,18
regardless,25,18,7
nelson,25,25,0
vintag,25,22,3
tiger,25,5,20
kara,25,24,1
twenti,25,3,22
cheapest,25,0,25
bowl,25,24,1
absenc,25,20,5
sutton,25,22,3
vlagra,25,0,25
farm,25,6,19
ingredi,25,1,24
ambien,25,0,25
kristin,25,25,0
comprehens,25,5,20
heavi,25,8,17
upstream,25,25,0
skin,25,4,21
neg,25,7,18
core,25,15,10
marshal,25,24,1
lucki,25,5,20
gregori,25,24,1
miller,25,22,3
litig,25,4,21
wild,25,4,21
becki,25,23,2
pvr,25,25,0
mother,25,7,18
destin,25,13,12
editor,25,15,10
disclosur,25,20,5
mai,25,0,25
souza,25,25,0
mime,25,11,14
moshou,25,25,0
till,25,14,11
aspect,25,16,9
strateg,25,19,6
gov,25,13,12
embed,25,21,4
harrison,25,23,2
exceed,25,14,11
refin,25,10,15
apolog,25,14,11
techlit,25,0,25
feed,25,17,8
pure,25,20,5
unfortun,25,17,8
artpric,25,0,25
ownership,25,12,13
gore,25,25,0
isc,25,25,0
especi,25,14,11
iso,25,0,25
carol,25,22,3
calgari,25,12,13
microcap,25,0,25
caribbean,25,3,22
margin,25,12,13
carter,25,23,2
plug,24,5,19
numer,24,7,17
glo,24,24,0
pond,24,24,0
default,24,16,8
keith,24,23,1
seri,24,14,10
bussel,24,24,0
therein,24,1,23
ll,24,0,24
armstrong,24,24,0
hurri,24,8,16
brother,24,4,20
beneficiari,24,2,22
laci,24,22,2
surpris,24,7,17
reveal,24,6,18
agenda,24,20,4
emerson,24,0,24
doug,24,20,4
blvd,24,5,19
reimburs,24,20,4
judg,24,5,19
western,24,11,13
jen,24,23,1
deriv,24,14,10
shape,24,4,20
polit,24,9,15
michel,24,18,6
rise,24,8,16
faster,24,12,12
satisfact,24,2,22
earthlink,24,18,6
regulatori,24,18,6
kenn,24,24,0
belong,24,13,11
recogn,24,18,6
environment,24,6,18
essenti,24,15,9
greatli,24,16,8
buckley,24,24,0
winter,24,19,5
promis,24,14,10
sheila,24,24,0
subscript,24,8,16
hlavati,24,24,0
denni,24,20,4
levitra,24,0,24
wear,24,9,15
label,24,10,14
anthoni,24,21,3
elli,24,22,2
def,24,23,1
thompsonvil,24,24,0
ring,24,12,12
feet,24,3,21
adapt,24,0,24
thompson,24,21,3
basic,24,15,9
supervisor,24,24,0
oss,24,21,3
samson,24,22,2
fight,24,6,18
aggi,24,24,0
lozano,23,23,0
sugar,23,11,12
palmer,23,23,0
amelia,23,22,1
neither,23,5,18
joan,23,22,1
grand,23,14,9
nearli,23,5,18
dri,23,20,3
der,23,0,23
volatil,23,16,7
colorado,23,19,4
flat,23,13,10
kri,23,22,1
reid,23,23,0
ooo,23,0,23
incur,23,9,14
emot,23,2,21
vote,23,16,7
gregg,23,21,2
odd,23,12,11
visual,23,1,22
refineri,23,22,1
gossett,23,23,0
ralli,23,20,3
bonu,23,8,15
former,23,13,10
remaind,23,21,2
challeng,23,11,12
subsequ,23,11,12
cool,23,14,9
sooner,23,18,5
deserv,23,4,19
rhonda,23,19,4
engel,23,21,2
gepl,23,23,0
milwauke,23,22,1
contractu,23,13,10
pocket,23,3,20
cord,23,20,3
buck,23,11,12
truli,23,13,10
messeng,23,20,3
whose,23,9,14
spacer,23,0,23
enrol,23,18,5
folk,23,22,1
nigeria,23,0,23
moor,23,22,1
hunter,23,22,1
physician,23,2,21
clay,23,19,4
newsiett,23,0,23
audio,23,7,16
coverag,23,16,7
trial,23,2,21
shortli,23,15,8
dog,23,5,18
fletcher,23,9,14
alpin,23,18,5
equival,23,3,20
isra,23,0,23
wagner,23,23,0
sanchez,23,22,1
invoiv,23,0,23
lui,23,20,3
compart,23,0,23
hansen,23,23,0
pour,22,2,20
sick,22,5,17
fosdick,22,22,0
bear,22,8,14
biospher,22,0,22
revolutionari,22,1,21
maria,22,18,4
infrastructur,22,7,15
reform,22,0,22
inquiri,22,20,2
genuin,22,0,22
spec,22,20,2
rob,22,17,5
egpfc,22,22,0
tglo,22,22,0
submiss,22,9,13
cat,22,2,20
ice,22,9,13
fontbr,22,0,22
retain,22,16,6
indianapoli,22,1,21
subsidiari,22,10,12
ffffffstrongfont,22,0,22
daughter,22,5,17
onto,22,4,18
lenart,22,22,0
andrew,22,16,6
soar,22,0,22
coach,22,19,3
awesom,22,3,19
crisi,22,17,5
bia,22,0,22
unresolv,22,22,0
somewher,22,18,4
debug,22,1,21
graham,22,21,1
denver,22,21,1
task,22,14,8
difficult,22,14,8
alland,22,22,0
bingo,22,0,22
ton,22,3,19
sail,22,18,4
retriev,22,18,4
tablet,22,3,19
doubt,22,5,17
institut,22,11,11
segment,22,9,13
economi,22,13,9
rocket,22,3,19
dick,22,13,9
patienc,22,21,1
router,22,3,19
interpret,22,4,18
airlin,22,20,2
porn,22,0,22
cove,22,20,2
formerli,22,15,7
griffith,22,22,0
marri,22,5,17
pharmaceut,22,0,22
catherin,22,5,17
interst,22,21,1
cri,22,3,19
cartridg,22,0,22
paypal,22,0,22
row,22,12,10
factual,22,2,20
verg,22,0,22
ecf,22,22,0
portal,22,13,9
driscol,22,22,0
macintosh,22,0,22
acr,21,0,21
worldnet,21,21,0
van,21,14,7
fcv,21,21,0
earth,21,10,11
padr,21,19,2
osborn,21,2,19
adopt,21,10,11
shoot,21,5,16
louis,21,20,1
mr,21,1,20
magazin,21,10,11
kingwood,21,21,0
scada,21,21,0
estat,21,7,14
antiviru,21,3,18
favorit,21,11,10
dorcheu,21,21,0
christoph,21,17,4
ground,21,5,16
tee,21,19,2
perez,21,20,1
enronavailso,21,21,0
inact,21,17,4
christin,21,17,4
samuel,21,16,5
re,21,14,7
germani,21,5,16
jump,21,4,17
dougla,21,18,3
payabl,21,16,5
felip,21,21,0
pilot,21,19,2
formosa,21,20,1
presenc,21,5,16
boat,21,13,8
leadership,21,18,3
sep,21,16,5
mon,21,9,12
maker,21,12,9
weekli,21,13,8
nobodi,21,11,10
encod,21,2,19
regali,21,0,21
flw,21,18,3
sam,21,20,1
greatest,21,12,9
kenni,21,20,1
matur,21,0,21
lo,21,5,16
wester,21,21,0
ward,21,20,1
del,21,18,3
offsystem,21,21,0
fuck,21,0,21
declar,21,5,16
admin,21,21,0
pubiic,21,0,21
sylvia,21,19,2
background,21,7,14
slow,21,12,9
inter,21,17,4
privileg,21,14,7
tip,21,11,10
straight,21,5,16
spl,21,16,5
senat,21,18,3
incorrectli,21,21,0
bulk,21,1,20
tara,21,18,3
led,20,8,12
jefferson,20,20,0
dinner,20,20,0
dat,20,17,3
cognit,20,0,20
cc,20,20,0
blow,20,9,11
pound,20,4,16
bold,20,4,16
ellenberg,20,20,0
sandra,20,20,0
chart,20,13,7
holli,20,19,1
pian,20,0,20
downstream,20,18,2
bind,20,11,9
aris,20,12,8
chines,20,3,17
beyond,20,11,9
push,20,10,10
zyban,20,0,20
cole,20,19,1
radio,20,8,12
beiiev,20,0,20
ultim,20,8,12
valeri,20,19,1
tradit,20,13,7
persist,20,5,15
elig,20,16,4
bav,20,20,0
li,20,0,20
itec,20,0,20
cumul,20,15,5
allergi,20,3,17
detect,20,5,15
bottl,20,0,20
matthew,20,17,3
oak,20,16,4
menu,20,16,4
conclus,20,3,17
bigger,20,3,17
instrument,20,10,10
infect,20,1,19
compendia,20,0,20
backout,20,20,0
southwest,20,20,0
heat,20,14,6
knew,20,9,11
catalogu,20,0,20
adipren,20,0,20
trailer,20,0,20
garcia,20,19,1
eas,20,1,19
teen,20,2,18
machin,20,4,16
lift,20,9,11
speaker,20,4,16
hedg,20,17,3
whenev,20,13,7
smi,20,20,0
luther,20,20,0
sand,20,5,15
substanti,20,6,14
clarissa,20,20,0
webb,20,19,1
difficulti,20,17,3
wall,20,11,9
comparison,20,12,8
bush,20,18,2
clarifi,20,18,2
warner,20,18,2
jersey,20,15,5
liabil,20,14,6
mcclure,20,20,0
saloonkeep,19,0,19
swbell,19,18,1
ranger,19,19,0
diseas,19,4,15
dana,19,15,4
pgtt,19,19,0
carla,19,18,1
lyon,19,19,0
danger,19,6,13
heinrich,19,16,3
washington,19,14,5
beth,19,17,2
sordo,19,19,0
pge,19,19,0
anonym,19,0,19
ballot,19,9,10
dont,19,3,16
youth,19,3,16
peter,19,13,6
hilcorp,19,19,0
saxet,19,19,0
proletariat,19,0,19
tune,19,12,7
extent,19,12,7
baker,19,12,7
kam,19,19,0
journal,19,10,9
swamp,19,2,17
alex,19,19,0
andi,19,13,6
conner,19,17,2
lynn,19,17,2
flavin,19,19,0
omega,19,0,19
oniin,19,0,19
norma,19,18,1
surviv,19,13,6
cartier,19,0,19
relev,19,15,4
sens,19,13,6
ripley,19,16,3
lotto,19,0,19
diann,19,18,1
lack,19,7,12
loudspeak,19,0,19
shouid,19,0,19
coral,19,18,1
balfour,19,16,3
honor,19,11,8
majorwitz,19,19,0
mjg,19,19,0
upcom,19,11,8
compat,19,2,17
iwon,19,19,0
redraft,19,19,0
recruit,19,15,4
evid,19,17,2
fresh,19,5,14
bay,19,3,16
lord,19,12,7
strength,19,10,9
hm,19,19,0
bronco,19,0,19
juliann,19,19,0
bye,19,3,16
await,19,9,10
mmcf,19,16,3
peak,19,14,5
acock,19,19,0
knox,19,17,2
rep,19,10,9
oling,19,19,0
gray,19,14,5
english,19,3,16
ronald,19,19,0
compiet,19,0,19
lightfoot,19,19,0
donat,19,13,6
wood,19,12,7
possess,19,11,8
faith,19,8,11
refund,19,7,12
accrual,19,16,3
cavern,19,0,19
acrobat,19,2,17
hunt,19,15,4
tree,19,7,12
warranti,19,1,18
nine,19,2,17
copyright,18,11,7
ich,18,0,18
mnei,18,0,18
architectur,18,5,13
fay,18,18,0
cholesterol,18,0,18
partial,18,10,8
edmund,18,1,17
divid,18,5,13
counter,18,13,5
folder,18,14,4
dcenterfont,18,0,18
articl,18,5,13
shirt,18,15,3
soldier,18,0,18
pine,18,18,0
ride,18,8,10
rfp,18,18,0
roster,18,3,15
laid,18,4,14
ongo,18,11,7
permiss,18,15,3
turbotax,18,18,0
superb,18,0,18
swisher,18,18,0
comic,18,0,18
audienc,18,8,10
woodland,18,14,4
onlook,18,0,18
pink,18,3,15
miningnew,18,0,18
bless,18,11,7
gilbert,18,17,1
explan,18,15,3
roy,18,6,12
resort,18,15,3
damag,18,10,8
speedway,18,0,18
nationa,18,0,18
bag,18,12,6
exempt,18,8,10
argu,18,4,14
oklahoma,18,7,11
dysfunct,18,0,18
wors,18,13,5
demonstr,18,7,11
schwarz,18,18,0
expans,18,3,15
olson,18,14,4
race,18,5,13
sql,18,4,14
poem,18,4,14
rodessa,18,18,0
commerc,18,7,11
defici,18,17,1
hpll,18,18,0
shale,18,0,18
wound,18,0,18
appetit,18,2,16
meridia,18,0,18
joy,18,8,10
hubco,18,18,0
accumul,18,2,16
barbara,18,18,0
ina,18,17,1
laser,18,0,18
ben,18,14,4
fraction,18,3,15
amp,18,0,18
camden,18,15,3
hoop,18,14,4
residu,18,17,1
basketbal,18,15,3
kinder,18,18,0
plenti,18,7,11
complex,18,8,10
moder,18,5,13
inlet,18,18,0
choral,18,0,18
wifi,18,0,18
injuri,18,0,18
teach,18,4,14
monica,18,6,12
silicon,18,2,16
inject,18,12,6
pgp,18,0,18
vou,18,0,18
fan,18,14,4
portland,18,18,0
tonya,18,16,2
decad,18,3,15
withdraw,18,13,5
tracker,18,7,11
divis,18,4,14
incorpor,18,11,7
mao,18,16,2
sustain,18,4,14
meantim,18,15,3
bridgelin,18,18,0
northern,18,18,0
friendli,18,9,9
payn,18,16,2
unsubscript,18,0,18
mason,18,8,10
orlean,18,16,2
restor,18,6,12
subtot,18,18,0
mous,18,7,11
mandatori,18,14,4
workshop,18,0,18
shankster,18,18,0
kenton,18,0,18
simul,18,4,14
degrad,18,3,15
architect,17,0,17
baytown,17,17,0
adipex,17,0,17
antoinett,17,16,1
buoy,17,0,17
dent,17,0,17
attl,17,17,0
lambert,17,15,2
entitl,17,11,6
confess,17,9,8
telecommun,17,1,16
chain,17,9,8
seriou,17,1,16
mit,17,1,16
beman,17,0,17
robinson,17,15,2
dia,17,0,17
dreyfuss,17,0,17
sideback,17,0,17
gaza,17,0,17
unknown,17,7,10
mouth,17,2,15
chamber,17,10,7
upward,17,2,15
shannon,17,15,2
corpu,17,13,4
moscoso,17,17,0
shi,17,5,12
vioxx,17,0,17
laport,17,17,0
kemp,17,17,0
gordon,17,16,1
staab,17,17,0
cloudburst,17,0,17
agra,17,0,17
remedi,17,11,6
contractor,17,3,14
phase,17,11,6
tramadol,17,0,17
ine,17,0,17
goron,17,17,0
karri,17,17,0
amoco,17,16,1
potentia,17,0,17
footbal,17,14,3
talent,17,14,3
cottonwood,17,2,15
lewi,17,14,3
ebay,17,0,17
span,17,2,15
ypil,17,0,17
swap,17,16,1
chuck,17,17,0
dutch,17,9,8
oppos,17,12,5
cliff,17,15,2
montana,17,0,17
dupont,17,14,3
roxann,17,1,16
transmit,17,14,3
hotlin,17,15,2
pymt,17,17,0
jacquelin,17,14,3
cox,17,12,5
passport,17,2,15
cartoon,17,0,17
turnaround,17,16,1
concept,17,7,10
jake,17,16,1
powel,17,16,1
freedom,17,15,2
certifi,17,1,16
rout,17,8,9
cancer,17,4,13
revers,17,13,4
differenti,17,12,5
roo,17,17,0
suffer,17,3,14
nome,17,16,1
newli,17,15,2
significantli,17,8,9
admir,17,3,14
affair,17,9,8
legaci,17,2,15
bundl,17,5,12
instanc,17,13,4
ink,17,2,15
scribner,17,17,0
demagnifi,17,0,17
baseboard,17,0,17
attorney,17,8,9
conserv,17,6,11
millennium,17,7,10
vision,17,7,10
cp,17,17,0
breakout,17,7,10
orgasm,17,0,17
amsterdam,17,0,17
profound,17,1,16
cruis,17,9,8
domin,17,1,16
afloat,17,1,16
anniversari,17,15,2
gte,17,17,0
mass,17,10,7
jodi,17,15,2
hgm,17,16,1
formal,17,11,6
wit,17,4,13
renew,17,3,14
sperm,17,0,17
pair,17,10,7
brambl,17,0,17
food,17,4,13
sky,17,3,14
conclud,17,7,10
emma,17,3,14
sarah,17,13,4
bibl,17,12,5
piac,17,0,17
arrow,17,3,14
de,17,3,14
minu,17,14,3
buzz,17,0,17
reciev,17,8,9
godpar,17,0,17
killer,17,0,17
gross,17,9,8
alia,17,0,17
portabl,16,4,12
ass,16,2,14
crankcas,16,0,16
abus,16,1,15
lieuten,16,0,16
loop,16,14,2
popul,16,9,7
reproduct,16,4,12
brain,16,6,10
penalti,16,10,6
spirit,16,7,9
powder,16,9,7
azimuth,16,0,16
janzen,16,16,0
movement,16,7,9
departur,16,14,2
disregard,16,16,0
ing,16,0,16
burdock,16,0,16
undu,16,0,16
columbiaga,16,16,0
rose,16,10,6
complic,16,5,11
dead,16,6,10
dcenter,16,0,16
hedstrom,16,16,0
forest,16,13,3
debacl,16,0,16
renegoti,16,13,3
emai,16,0,16
byron,16,13,3
mogi,16,0,16
gatekeep,16,0,16
bypass,16,10,6
madam,16,0,16
retir,16,11,5
rea,16,1,15
bounc,16,8,8
chandeli,16,0,16
temporari,16,8,8
refurb,16,0,16
harder,16,9,7
nax,16,0,16
zimbabw,16,0,16
platelet,16,1,15
stage,16,6,10
suppress,16,3,13
washbowl,16,0,16
biochem,16,0,16
neuner,16,16,0
typic,16,11,5
pursu,16,8,8
ford,16,15,1
jayant,16,16,0
bev,16,16,0
ron,16,16,0
psalm,16,16,0
dissolv,16,0,16
frustrat,16,9,7
specifi,16,13,3
hydrocodon,16,0,16
recharg,16,2,14
deficit,16,0,16
ed,16,14,2
reieas,16,0,16
cryptogram,16,0,16
bennett,16,9,7
gallantri,16,0,16
disput,16,6,10
bell,16,5,11
boatload,16,0,16
distanc,16,6,10
startup,16,12,4
rangel,16,16,0
corner,16,13,3
carl,16,15,1
pma,16,16,0
frame,16,13,3
concentr,16,4,12
healthcar,16,4,12
jimmi,16,14,2
keiser,16,16,0
paxil,16,0,16
tariff,16,3,13
cloth,16,7,9
plc,16,3,13
stake,16,2,14
creditor,16,15,1
cochran,16,0,16
grab,16,5,11
smtp,16,12,4
thruway,16,0,16
ffo,16,0,16
prick,16,1,15
anymor,16,9,7
krishnaswami,16,16,0
iali,16,0,16
mcconnel,16,12,4
expedit,16,11,5
imposs,16,2,14
chat,16,6,10
retroact,16,16,0
rac,16,15,1
canopi,16,0,16
hook,16,2,14
recap,16,16,0
directori,16,7,9
laugh,16,6,10
logic,16,15,1
bleed,16,1,15
enfant,16,0,16
furthermor,16,4,12
galveston,16,16,0
stuart,16,15,1
asia,16,5,11
oversea,16,1,15
shirley,16,15,1
westmoreland,16,16,0
gem,16,3,13
dept,16,11,5
huntley,16,0,16
perkin,16,16,0
micro,16,1,15
checkout,16,8,8
kick,16,15,1
confront,16,0,16
multipart,16,8,8
broomcorn,16,0,16
strongli,16,1,15
hgpl,16,16,0
praxair,16,16,0
barnett,16,2,14
ot,16,16,0
wyom,16,0,16
sacrific,16,1,15
artist,16,3,13
brcc,16,16,0
hardi,16,16,0
hast,16,10,6
urg,16,4,12
twice,16,8,8
quasar,16,0,16
suspens,16,2,14
appal,16,0,16
mutual,16,2,14
cyclist,16,0,16
klein,16,11,5
ronn,16,0,16
seal,16,13,3
tank,16,4,12
moodi,16,16,0
dreamwav,16,0,16
tradestar,16,0,16
hardwar,16,5,11
stipul,16,3,13
golden,16,4,12
alan,16,15,1
tackett,16,16,0
abacustech,16,16,0
mke,16,16,0
eventu,16,8,8
viru,16,5,11
kari,16,16,0
anger,16,0,16
satisfactori,16,11,5
yard,16,2,14
continuo,16,0,16
durrel,15,0,15
auditor,15,2,13
cycl,15,13,2
loo,15,0,15
redhead,15,0,15
blanchard,15,12,3
pagemak,15,0,15
clark,15,9,6
rapid,15,4,11
broadcast,15,2,13
mexico,15,7,8
allot,15,4,11
outlet,15,3,12
clock,15,1,14
ran,15,9,6
trend,15,5,10
unchristian,15,0,15
seminar,15,7,8
lend,15,12,3
nanci,15,15,0
bender,15,0,15
disclaim,15,3,12
blay,15,15,0
rao,15,14,1
wholli,15,6,9
sharp,15,5,10
anbsp,15,0,15
biota,15,0,15
lauer,15,15,0
rascal,15,0,15
heretofor,15,0,15
stepp,15,0,15
jul,15,12,3
gen,15,1,14
dang,15,0,15
perhap,15,11,4
joyc,15,14,1
phrase,15,9,6
aybar,15,15,0
apac,15,1,14
raymond,15,8,7
penetr,15,0,15
nitrat,15,0,15
deep,15,3,12
influenti,15,0,15
pan,15,13,2
water,15,2,13
consumpt,15,6,9
shortag,15,12,3
levi,15,12,3
haley,15,13,2
earthquak,15,2,13
aliv,15,5,10
garza,15,15,0
embargo,15,0,15
dba,15,15,0
doveki,15,0,15
encrypt,15,1,14
shove,15,0,15
bone,15,4,11
unpath,15,15,0
picl,15,15,0
abhor,15,0,15
beat,15,11,4
rem,15,4,11
lilli,15,14,1
massey,15,2,13
india,15,4,11
brande,15,15,0
embassi,15,11,4
par,15,5,10
vandenberg,15,0,15
compromis,15,2,13
copper,15,0,15
additiona,15,0,15
dashboard,15,0,15
exampi,15,0,15
canaan,15,0,15
funni,15,10,5
tight,15,7,8
mesmer,15,0,15
tonk,15,2,13
charybdi,15,0,15
everybodi,15,7,8
bamako,15,0,15
lehman,15,13,2
stupid,15,3,12
sorenson,15,15,0
yanowski,15,15,0
parrot,15,15,0
cinergi,15,15,0
eugenio,15,14,1
fisher,15,13,2
accommod,15,10,5
restat,15,15,0
twit,15,0,15
outlin,15,14,1
kitchen,15,12,3
eugen,15,8,7
mcfd,15,15,0
amor,15,0,15
perfor,15,0,15
cubic,15,0,15
mclarney,15,15,0
ambul,15,0,15
lubrizol,15,15,0
dupe,15,0,15
riversid,15,15,0
cradl,15,0,15
csgt,15,15,0
authoris,15,12,3
cwtd,15,0,15
ruth,15,10,5
app,15,10,5
timelin,15,15,0
proud,15,9,6
orig,15,15,0
extravaganza,15,0,15
credenti,15,1,14
exe,15,8,7
invalid,15,11,4
ignor,15,7,8
thirti,15,6,9
nbc,15,10,5
myrrh,15,0,15
dreyfu,15,15,0
divers,15,0,15
virtual,15,5,10
fioricet,15,0,15
postal,15,8,7
everyday,15,7,8
happenst,15,0,15
coal,15,9,6
leverag,15,8,7
batcheld,15,1,14
reconcil,15,14,1
habit,15,0,15
citgo,15,15,0
trace,15,2,13
cast,15,7,8
embarrass,15,1,14
kendal,15,14,1
declin,15,9,6
pleu,15,15,0
conciliatori,15,0,15
clobber,15,0,15
statesmen,15,0,15
dean,15,10,5
degeneraci,15,0,15
gissin,15,0,15
plane,15,11,4
sherri,15,13,2
cleco,15,15,0
xual,15,0,15
compris,15,7,8
scroll,15,5,10
bandwidth,15,12,3
begun,15,6,9
lane,15,12,3
