,frequency,frequency_ham,frequency_spam
escapenumb,1149940,809995,339945
escapelong,227296,39137,188159
use,46972,34745,12227
org,43603,42569,1034
list,40709,35320,5389
help,40603,35172,5431
pleas,40603,27227,13376
mail,39850,30499,9351
new,37142,25739,11403
compani,37058,16701,20357
one,36703,19879,16824
time,36700,22288,14412
may,36346,21672,14674
price,34461,10051,24410
samba,30787,30769,18
per,30322,4160,26162
sourc,29719,26982,2737
need,27810,17561,10249
work,27766,20213,7553
messag,26843,21140,5703
post,26594,25734,860
file,25842,22717,3125
provid,25789,17249,8540
pill,25788,289,25499
said,25611,16159,9452
make,25205,15173,10032
name,24460,18053,6407
email,24371,12138,12233
thank,24186,17618,6568
day,24186,12069,12117
data,23748,22091,1657
look,23424,11038,12386
see,23394,12066,11328
stat,22546,22476,70
news,22528,15639,6889
inform,22517,9774,12743
product,21725,5965,15760
branch,21721,20894,827
html,21717,19642,2075
busi,21557,11389,10168
know,21455,13365,8090
servic,20918,11837,9081
read,20914,17280,3634
escapenumbermg,20696,150,20546
year,20614,13088,7526
want,20571,12094,8477
ethz,20493,20493,0
includ,19945,13920,6025
guid,19838,19058,780
code,19777,18582,1195
escapenumberd,19755,17509,2246
save,19229,2758,16471
call,19227,13430,5797
project,18485,14990,3495
market,18412,11637,6775
item,18326,2721,15605
test,18216,16467,1749
free,18003,9420,8583
receiv,17916,8253,9663
report,17785,10595,7190
tri,17586,10819,6767
manag,17534,10985,6549
offer,17499,4595,12904
right,17227,10312,6915
take,16944,8124,8820
chang,16766,13228,3538
comment,16581,15925,656
state,16273,12071,4202
gener,16085,9837,6248
power,16019,11563,4456
follow,15924,10717,5207
secur,15902,6697,9205
custom,15864,4536,11328
return,15832,13960,1872
contain,15689,12421,3268
set,15643,13249,2394
system,15576,10556,5020
say,15062,9328,5734
way,15058,9393,5665
watch,14750,6676,8074
perl,14704,14671,33
peopl,14696,7184,7512
number,14517,7703,6814
first,14498,9986,4512
energi,14409,11964,2445
mailman,14295,13124,1171
self,14274,13348,926
line,14269,10217,4052
contact,14191,6936,7255
valu,14165,11070,3095
click,14110,6608,7502
wrote,14009,13618,391
week,13841,9799,4042
struct,13836,13833,3
net,13822,6523,7299
result,13549,8220,5329
deal,13543,10672,2871
money,13542,2146,11396
group,13513,11226,2287
two,13498,9573,3925
forward,13452,8358,5094
unsubscrib,13343,10731,2612
listinfo,13303,12839,464
best,13265,5201,8064
cnn,13161,12728,433
find,13135,7491,5644
think,13135,9528,3607
function,12896,11664,1232
stori,12753,11692,1061
order,12705,5072,7633
even,12611,6989,5622
low,12550,5108,7442
lib,12541,12511,30
trade,12470,9406,3064
world,12465,6130,6335
offic,12445,5612,6833
start,12437,7626,4811
ga,12405,9979,2426
develop,12384,8896,3488
come,12333,5798,6535
avail,12279,5152,7127
last,12270,8167,4103
well,12252,7036,5216
rev,12248,11646,602
share,12225,7878,4347
ctdb,12165,12165,0
type,12123,9910,2213
much,12073,6039,6034
program,11994,7136,4858
give,11961,6378,5583
math,11960,11816,144
error,11934,10700,1234
good,11916,6026,5890
mani,11789,5459,6330
problem,11716,9496,2220
version,11585,10138,1447
base,11516,7110,4406
current,11511,7816,3695
inc,11474,6143,5331
home,11435,5706,5729
date,11416,9227,2189
back,11386,6711,4675
check,11316,7439,3877
high,11214,5140,6074
today,11150,5913,5237
term,11122,7839,3283
regard,11092,6402,4690
end,11066,7484,3582
sent,10984,8579,2405
question,10893,8755,2138
invest,10866,3395,7471
oper,10838,6988,3850
month,10832,6355,4477
address,10812,4671,6141
stock,10763,5228,5535
million,10620,5637,4983
softwar,10613,3697,6916
link,10599,6683,3916
next,10589,6440,4149
send,10555,5850,4705
part,10539,4982,5557
account,10529,3903,6626
user,10495,8482,2013
creat,10457,7498,2959
origin,10447,8685,1762
statement,10395,3045,7350
health,10242,6254,3988
buy,10218,3154,7064
site,10185,4158,6027
process,10160,5799,4361
run,10157,8293,1864
sid,10108,10091,17
issu,10093,8755,1338
requir,10063,5975,4088
expect,10061,4782,5279
thing,10046,5327,4719
show,10044,7135,2909
let,10032,6817,3215
interest,9933,5566,4367
write,9917,6724,3193
support,9822,6394,3428
meet,9806,7498,2308
open,9803,7344,2459
web,9736,3811,5925
minim,9681,9559,122
statu,9660,8640,1020
person,9631,4178,5453
onlin,9607,2876,6731
mean,9607,5412,4195
reproduc,9590,9497,93
made,9508,4259,5249
request,9493,6913,2580
top,9423,5160,4263
drug,9326,3695,5631
plan,9315,6707,2608
build,9290,7749,1541
http,9285,9188,97
addit,9283,7065,2218
case,9256,6877,2379
qualiti,9245,1025,8220
window,9211,4159,5052
complet,9209,4837,4372
discuss,9209,7646,1563
everi,9185,2540,6645
visit,9179,3799,5380
modifi,9155,8967,188
adob,9150,270,8880
rate,9112,6029,3083
aescapenumb,9097,1437,7660
size,9088,5041,4047
risk,9058,5489,3569
full,9021,5455,3566
differ,8982,5867,3115
without,8921,4525,4396
int,8918,8771,147
packag,8908,7755,1153
retail,8897,717,8180
long,8861,5439,3422
commun,8790,5492,3298
great,8779,2743,6036
posit,8772,4179,4593
place,8745,4140,4605
point,8695,6712,1983
option,8694,7793,901
within,8594,2743,5851
view,8510,5277,3233
char,8509,8486,23
vinc,8508,8473,35
close,8477,6205,2272
event,8468,5768,2700
possibl,8428,5732,2696
still,8422,5724,2698
releas,8373,5036,3337
special,8356,2415,5941
network,8351,6502,1849
key,8339,7253,1086
ask,8065,4995,3070
corp,8051,7175,876
licens,8040,5880,2160
futur,8008,2941,5067
const,8008,8002,6
public,7988,5922,2066
speakup,7890,7890,0
dear,7879,2620,5259
effect,7798,3835,3963
detail,7726,3777,3949
bank,7723,2507,5216
realli,7715,4062,3653
add,7647,5847,1800
intern,7645,4603,3042
life,7635,1457,6178
note,7634,4799,2835
schedul,7618,6711,907
might,7599,4636,2963
go,7561,4465,3096
info,7505,4096,3409
tdb,7495,7494,1
hour,7486,4010,3476
instal,7483,6604,879
continu,7474,4660,2814
countri,7469,3783,3686
hope,7428,4783,2645
unit,7419,4625,2794
industri,7414,4148,3266
video,7373,5230,2143
model,7334,6303,1031
attach,7309,6014,1295
remov,7206,3387,3819
articl,7203,6810,393
technolog,7195,3512,3683
utc,7186,7125,61
cost,7177,4356,2821
found,7149,4832,2317
updat,7095,4991,2104
util,7079,6636,443
someth,7027,4851,2176
access,7026,5210,1816
believ,7013,3069,3944
better,7000,3570,3430
ad,6958,5747,1211
exampl,6956,5812,1144
control,6954,4990,1964
must,6953,3348,3605
transact,6933,3423,3510
june,6901,6134,767
pay,6878,2902,3976
fund,6871,2596,4275
debian,6859,6821,38
learn,6849,4681,2168
credit,6838,4228,2610
live,6832,3111,3721
research,6817,5239,1578
level,6816,4668,2148
form,6808,3486,3322
object,6806,5640,1166
respons,6777,4432,2345
move,6761,4463,2298
reserv,6733,5162,1571
sure,6727,4407,2320
keep,6727,3588,3139
purchas,6714,2831,3883
null,6712,6670,42
server,6705,5461,1244
escapenumber,6702,3103,3599
bin,6692,6352,340
bush,6691,6312,379
member,6679,4032,2647
suit,6663,1557,5106
ctx,6647,6645,2
comput,6639,3323,3316
cgi,6638,6270,368
fail,6596,5569,1027
internet,6561,2611,3950
index,6560,5476,1084
activ,6548,4943,1605
feel,6520,2091,4429
present,6514,3570,2944
slashdot,6495,6484,11
alreadi,6491,3638,2853
sale,6489,3243,3246
stop,6487,2112,4375
financi,6487,4644,1843
anatrim,6459,0,6459
log,6456,6075,381
team,6435,4347,2088
review,6431,4563,1868
sell,6426,2846,3580
relat,6424,3873,2551
put,6415,4187,2228
seem,6411,4888,1523
increas,6407,2842,3565
man,6407,1943,4464
print,6402,5527,875
payment,6371,1417,4954
allow,6369,4098,2271
copyright,6274,5396,878
anoth,6261,4610,1651
alert,6261,4385,1876
monday,6258,5383,875
nation,6251,4052,2199
natur,6207,3510,2697
presid,6204,5112,1092
three,6197,3720,2477
final,6195,4493,1702
friday,6176,5392,784
sign,6152,4046,2106
src,6152,5810,342
copi,6150,4529,1621
real,6135,2748,3387
true,6126,4811,1315
announc,6110,3135,2975
talk,6109,4245,1864
privat,6098,3268,2830
local,6079,4531,1548
talloc,6078,6078,0
abl,6056,3696,2360
perform,6044,3499,2545
john,6033,5439,594
profession,6002,601,5401
phone,6000,3154,2846
import,5995,4036,1959
microsoft,5972,1668,4304
get,5967,3948,2019
lot,5946,2999,2947
old,5943,3184,2759
medic,5907,841,5066
begin,5865,4343,1522
command,5862,5322,540
april,5856,5264,592
bill,5811,4420,1391
text,5800,4376,1424
book,5796,3790,2006
class,5794,4624,1170
author,5787,4694,1093
smb,5783,5777,6
target,5778,1799,3979
solut,5771,2675,3096
got,5764,2982,2782
string,5753,5550,203
less,5751,2708,3043
design,5751,2914,2837
client,5748,3939,1809
never,5734,2474,3260
alway,5728,2445,3283
approv,5725,2869,2856
websit,5681,1200,4481
parrot,5675,5664,11
repli,5661,2578,3083
ndr,5658,5657,1
document,5646,4395,1251
page,5577,3630,1947
contract,5568,4511,1057
word,5565,2712,2853
method,5561,4776,785
limit,5551,3179,2372
linux,5546,5072,474
die,5520,2327,3193
littl,5499,2337,3162
content,5493,3022,2471
tell,5464,2970,2494
houston,5452,5370,82
revis,5435,4727,708
done,5431,4217,1214
tool,5430,4142,1288
past,5400,2968,2432
mark,5399,4294,1105
cescapenumb,5378,1747,3631
turn,5367,2254,3113
common,5365,4039,1326
void,5342,5164,178
defin,5323,4310,1013
thursday,5319,4872,447
total,5292,3001,2291
york,5285,4529,756
friend,5282,1877,3405
reason,5279,3378,1901
recent,5267,3528,1739
cb,5263,5190,73
fix,5261,4320,941
store,5255,2061,3194
understand,5254,3493,1761
second,5245,3331,1914
american,5244,2946,2298
around,5237,3009,2228
applic,5233,2828,2405
featur,5214,2641,2573
wish,5198,1473,3725
due,5192,2750,2442
actual,5182,3519,1663
refer,5159,3339,1820
univers,5153,4325,828
claim,5147,1890,3257
success,5145,2478,2667
suggest,5118,4207,911
billion,5111,4230,881
search,5095,2885,2210
direct,5093,3005,2088
advertis,5090,2081,3009
path,5087,4595,492
distribut,5053,3860,1193
fax,5049,3428,1621
earli,5044,4082,962
associ,5043,3136,1907
execut,5040,4114,926
govern,5037,3273,1764
fact,5027,2062,2965
act,5024,1588,3436
love,5021,1230,3791
tuesday,4993,4629,364
wednesday,4980,4717,263
pmc,4954,4937,17
agreement,4943,3774,1169
weather,4933,4566,367
join,4933,2803,2130
center,4928,3529,1399
assist,4911,2027,2884
polit,4889,3907,982
agre,4889,3772,1117
minut,4886,1991,2895
context,4885,4747,138
transfer,4884,969,3915
produc,4871,2843,2028
juli,4853,4273,580
promot,4845,1131,3714
handl,4836,4115,721
action,4832,2586,2246
beginn,4826,4771,55
hand,4825,1801,3024
select,4817,2283,2534
ship,4791,899,3892
connect,4790,3769,1021
corpor,4789,2723,2066
becom,4787,2218,2569
short,4782,2705,2077
miss,4780,2867,1913
pass,4778,3334,1444
vescapenumb,4777,4273,504
legal,4769,3619,1150
record,4754,3233,1521
ye,4754,2962,1792
job,4751,2456,2295
dynegi,4741,4741,0
major,4737,2516,2221
kaminski,4727,4727,0
parent,4727,3846,881
consid,4725,2715,2010
jun,4725,4165,560
global,4712,3743,969
daili,4706,3565,1141
imag,4704,1743,2961
given,4700,2901,1799
subscrib,4699,2825,1874
financ,4698,2791,1907
investor,4692,2788,1904
domain,4681,4192,489
hous,4669,3097,1572
big,4669,2727,1942
opportun,4660,2089,2571
care,4639,1811,2828
thought,4623,2531,2092
lead,4615,2630,1985
america,4613,3058,1555
sever,4611,3438,1173
face,4598,2246,2352
play,4588,1791,2797
download,4562,2412,2150
electr,4561,4080,481
california,4550,3821,729
charg,4532,2641,1891
exist,4531,3363,1168
hold,4502,2338,2164
parti,4484,2183,2301
root,4466,3583,883
librari,4460,4067,393
descapenumb,4445,883,3562
script,4444,4262,182
small,4443,2380,2063
delet,4440,4014,426
cash,4433,2181,2252
standard,4408,3393,1015
head,4403,2259,2144
notic,4387,2189,2198
non,4387,3577,810
sugar,4380,4060,320
area,4375,2911,1464
answer,4375,2672,1703
variabl,4374,4270,104
eescapenumb,4368,1177,3191
win,4364,2062,2302
soon,4340,1857,2483
databas,4340,3569,771
law,4336,3055,1281
men,4319,478,3841
warn,4317,3492,825
involv,4312,1968,2344
viagra,4310,21,4289
profit,4308,1622,2686
braill,4304,4292,12
morn,4296,3177,1119
cours,4290,2638,1652
flag,4283,4067,216
implement,4282,2926,1356
prefer,4282,3294,988
immedi,4281,1621,2660
dept,4279,4123,156
concern,4277,3102,1175
altern,4276,3701,575
noth,4276,1337,2939
websvn,4272,4272,0
uwo,4272,4270,2
guarante,4270,938,3332
advic,4265,949,3316
express,4261,1735,2526
via,4247,2335,1912
thousand,4242,655,3587
idea,4236,2988,1248
accept,4231,1994,2237
experi,4214,1854,2360
letter,4202,1737,2465
propos,4202,3116,1086
patch,4196,2915,1281
partner,4180,1847,2333
director,4177,2737,1440
discount,4174,625,3549
regist,4172,1837,2335
section,4144,2047,2097
caus,4143,2164,1979
map,4129,3743,386
dollar,4124,1200,2924
offici,4111,2791,1320
employe,4099,3075,1024
third,4095,2015,2080
appli,4092,2861,1231
weight,4084,1044,3040
pro,4077,638,3439
condit,4077,2753,1324
hello,4075,2685,1390
anyth,4071,2349,1722
heimdal,4069,4069,0
properti,4058,2268,1790
away,4051,1523,2528
larg,4035,2609,1426
matter,4033,1625,2408
space,4023,2934,1089
improv,4022,1793,2229
trunk,4018,3937,81
modul,4018,3924,94
particip,4000,2197,1803
happen,3995,2402,1593
locat,3994,2710,1284
famili,3979,1763,2216
patent,3978,3415,563
uwaterloo,3977,1374,2603
though,3970,2304,1666
told,3958,1940,2018
cover,3956,2390,1566
etc,3955,3151,804
whether,3954,3234,720
specif,3951,2977,974
break,3949,2674,1275
school,3944,2267,1677
canadianpharmaci,3939,0,3939
estim,3922,2451,1471
drive,3920,1679,2241
wait,3919,1616,2303
yet,3909,2453,1456
benefit,3889,1580,2309
media,3885,1299,2586
repres,3884,2172,1712
uintescapenumb,3881,3881,0
bit,3874,2583,1291
left,3873,2065,1808
advanc,3871,2071,1800
clear,3871,2920,951
deliveri,3865,1669,2196
leav,3863,2128,1735
apr,3860,3396,464
expens,3853,1177,2676
david,3841,3460,381
later,3833,2393,1440
step,3829,2348,1481
debug,3813,3724,89
confer,3805,3371,434
tabl,3804,2939,865
depart,3802,2441,1361
opinion,3794,1736,2058
simpl,3789,2247,1542
configur,3787,3601,186
protect,3786,2316,1470
format,3781,2910,871
organ,3777,1886,1891
wind,3773,3045,728
materi,3769,1236,2533
far,3767,2385,1382
probabl,3761,3124,637
shop,3752,624,3128
hard,3751,2024,1727
easi,3748,1359,2389
plot,3744,3671,73
safe,3744,1068,2676
lock,3721,3235,486
appear,3714,2499,1215
deliv,3712,1165,2547
resourc,3711,2463,1248
asset,3708,3023,685
rpc,3708,3698,10
brand,3708,553,3155
prepar,3697,1678,2019
either,3694,2688,1006
oil,3692,1748,1944
xescapenumb,3690,2625,1065
length,3688,2672,1016
broker,3688,366,3322
least,3673,2626,1047
polici,3666,2728,938
hear,3656,1781,1875
latest,3653,2394,1259
thu,3652,2638,1014
load,3652,3048,604
kind,3651,1702,1949
indic,3649,2050,1599
enter,3643,1869,1774
firm,3639,2473,1166
remain,3631,2381,1250
accord,3629,2569,1060
earn,3626,1926,1700
factor,3619,2575,1044
insid,3614,2568,1046
white,3613,2081,1532
profil,3611,2210,1401
simpli,3610,1379,2231
replac,3603,3338,265
fals,3597,3354,243
push,3595,3073,522
privaci,3590,2543,1047
count,3586,2633,953
edit,3577,1354,2223
gain,3576,1115,2461
percent,3568,2858,710
press,3561,1720,1841
certain,3559,1420,2139
lose,3557,859,2698
default,3556,3330,226
anyon,3545,2783,762
php,3535,904,2631
jone,3524,3287,237
escapenumberonli,3522,0,3522
pull,3517,2781,736
upon,3512,1054,2458
loss,3512,1991,1521
lower,3509,1882,1627
volum,3497,2934,563
box,3492,1574,1918
sunday,3491,3228,263
amount,3488,1673,1815
decid,3477,1624,1853
ago,3467,1788,1679
louis,3454,3439,15
plant,3454,2785,669
other,3454,1775,1679
ticket,3449,2568,881
street,3448,2238,1210
game,3443,2038,1405
citi,3442,2087,1355
side,3438,1848,1590
exchang,3433,1999,1434
sun,3432,2345,1087
region,3431,1462,1969
fescapenumb,3431,1421,2010
period,3426,2411,1015
engin,3422,1644,1778
usr,3418,3333,85
bring,3418,1780,1638
hash,3413,3382,31
usa,3408,1911,1497
doc,3406,3333,73
longer,3405,1496,1909
speech,3393,3212,181
choos,3387,1135,2252
fill,3384,1270,2114
room,3377,2136,1241
capit,3377,1781,1596
main,3376,2681,695
art,3373,2231,1142
effort,3349,2117,1232
compil,3349,3152,197
respect,3346,1265,2081
confirm,3346,2193,1153
match,3344,2590,754
initi,3342,2704,638
frame,3337,2989,348
array,3331,3201,130
strong,3329,1159,2170
directori,3327,2869,458
seen,3325,1470,1855
someon,3314,2595,719
appreci,3302,2148,1154
night,3299,1660,1639
fast,3299,790,2509
enough,3297,1990,1307
instruct,3293,743,2550
analyst,3285,2703,582
rais,3279,1613,1666
intend,3267,1767,1500
five,3266,1479,1787
chanc,3254,1173,2081
yahoo,3249,1465,1784
pharmaci,3245,21,3224
entertain,3241,2193,1048
instead,3241,2359,882
card,3240,1125,2115
matrix,3236,3126,110
newslett,3233,1477,1756
soft,3226,179,3047
potenti,3220,1776,1444
individu,3208,2086,1122
reach,3206,1746,1460
rather,3205,2095,1110
svn,3196,3194,2
bool,3195,3192,3
field,3188,2139,1049
edu,3187,3112,75
saturday,3187,3048,139
macromedia,3187,28,3159
num,3183,3143,40
manufactur,3181,755,2426
fee,3177,1075,2102
memori,3177,2508,669
csescapenumb,3174,39,3135
cut,3173,2330,843
michael,3170,2829,341
correspond,3170,1594,1576
decis,3170,2364,806
happi,3156,1296,1860
sincer,3149,637,2512
plu,3148,1468,1680
fit,3146,2095,1051
late,3144,1621,1523
forc,3141,2064,1077
demand,3138,2289,849
washington,3136,2698,438
quit,3128,1853,1275
recommend,3112,1736,1376
robert,3110,2855,255
bbc,3110,2684,426
confidenti,3107,1138,1969
iraq,3094,2776,318
car,3094,1078,2016
bodi,3094,799,2295
ciali,3093,11,3082
ntstatu,3088,3088,0
ret,3084,3063,21
commerci,3082,1939,1143
canadian,3079,519,2560
normal,3075,1896,1179
integr,3074,1543,1531
rule,3070,2250,820
grow,3057,1032,2025
readi,3052,887,2165
config,3051,3020,31
structur,3051,2519,532
interfac,3048,2060,988
war,3047,2183,864
administr,3047,2662,385
med,3041,162,2879
rememb,3037,1048,1989
bescapenumb,3036,755,2281
mem,3032,3011,21
mention,3031,1723,1308
like,3026,2164,862
north,3015,2164,851
rang,3008,1557,1451
food,3005,872,2133
museum,3004,2915,89
canada,3004,1419,1585
mike,3001,2733,268
eye,3001,965,2036
speedi,2999,1368,1631
static,2997,2944,53
dow,2996,2796,200
entri,2992,2550,442
mind,2982,1108,1874
suppli,2967,1973,994
sec,2955,2078,877
krbescapenumb,2951,2951,0
publish,2946,1486,1460
correct,2943,2496,447
languag,2935,2332,603
student,2934,2461,473
travel,2929,1096,1833
tonight,2929,2503,426
san,2914,1965,949
drop,2912,2076,836
interview,2911,2581,330
south,2908,1607,1301
children,2904,724,2180
scienc,2902,2142,760
paid,2896,949,1947
steve,2892,2405,487
growth,2884,973,1911
sport,2883,1985,898
road,2882,1597,1285
argument,2877,2588,289
union,2874,982,1892
color,2874,1141,1733
tue,2849,2011,838
lo,2844,1448,1396
cabl,2841,2420,421
troubl,2839,2190,649
creativ,2838,490,2348
came,2833,1104,1729
texa,2828,2394,434
wonder,2827,1621,1206
winbindd,2826,2826,0
popular,2823,479,2344
worldwid,2823,499,2324
obj,2819,2811,8
der,2812,699,2113
que,2809,1063,1746
enjoy,2808,765,2043
board,2807,1833,974
environ,2805,1945,860
appl,2805,1308,1497
pillescapenumb,2801,0,2801
bad,2798,1782,1016
column,2796,2651,145
sampl,2793,1993,800
digit,2787,1263,1524
merg,2780,2723,57
four,2771,1729,1042
forecast,2770,2573,197
depend,2763,2175,588
situat,2760,1546,1214
gift,2758,441,2317
extend,2744,1753,991
kill,2743,1626,1117
chief,2741,2313,428
along,2736,1818,918
output,2735,2622,113
definit,2731,1755,976
western,2730,690,2040
laptop,2729,2496,233
march,2726,1998,728
calcul,2726,1733,993
court,2724,2375,349
similar,2723,1740,983
commiss,2721,1911,810
photoshop,2718,36,2682
mime,2718,2395,323
lowest,2718,350,2368
analysi,2710,2312,398
machin,2710,2027,683
mac,2709,713,1996
whole,2699,1248,1451
reduc,2699,1617,1082
london,2696,2187,509
togeth,2695,1873,822
fire,2683,1675,1008
escapenumberth,2680,1660,1020
summer,2678,1670,1008
compar,2665,1642,1023
debt,2664,2061,603
flow,2664,2199,465
descapenumbers,2663,0,2663
necessari,2660,1402,1258
took,2656,1241,1415
valid,2654,1960,694
tridg,2653,2653,0
pick,2645,1326,1319
wrong,2644,1752,892
almost,2643,1159,1484
mailto,2640,2411,229
hundr,2629,479,2150
identifi,2624,1550,1074
affili,2618,705,1913
pars,2612,2588,24
voic,2609,894,1715
everyth,2603,1344,1259
everyon,2602,1658,944
font,2596,844,1752
sum,2596,1313,1283
singl,2591,1685,906
meter,2587,2519,68
women,2585,883,1702
hot,2582,651,1931
blog,2582,2300,282
candid,2578,1796,782
measur,2577,1845,732
aid,2574,1898,676
commit,2574,1579,995
near,2574,1229,1345
purpos,2571,1320,1251
attent,2570,773,1797
foreign,2567,762,1805
draw,2565,1119,1446
huge,2564,659,1905
among,2562,1423,1139
reliabl,2562,721,1841
investig,2560,1859,701
paul,2556,2154,402
nice,2549,1138,1411
former,2538,2180,358
half,2536,1075,1461
wide,2532,892,1640
serv,2526,1305,1221
trader,2520,2235,285
went,2520,941,1579
studi,2519,1589,930
often,2518,1045,1473
sound,2517,1271,1246
doctor,2513,441,2072
pescapenumb,2511,2417,94
approach,2509,1951,558
except,2508,1821,687
premier,2502,236,2266
seek,2501,1298,1203
entir,2501,1218,1283
init,2497,2489,8
escapenumberf,2496,1174,1322
smbd,2494,2493,1
quarter,2494,1891,603
cach,2494,2427,67
paper,2488,1610,878
stand,2484,1024,1460
pgp,2482,2429,53
cent,2482,1900,582
negoti,2472,1645,827
andrew,2468,2333,135
feder,2467,1673,794
mobil,2464,1211,1253
directli,2458,1302,1156
consult,2457,1143,1314
quick,2457,1194,1263
china,2455,1054,1401
charact,2455,2034,421
pipe,2453,2196,257
studio,2452,383,2069
avoid,2450,1278,1172
basic,2442,2024,418
topic,2440,2138,302
var,2439,2360,79
mayb,2436,1848,588
god,2436,248,2188
node,2435,2378,57
consum,2433,1327,1106
sort,2431,1760,671
advis,2429,1215,1214
archiv,2424,2194,230
senat,2421,2305,116
graphic,2421,1195,1226
trust,2419,1321,1098
choic,2419,1067,1352
yesterday,2418,2150,268
tax,2415,1589,826
jame,2414,2153,261
fall,2413,1593,820
committe,2409,2018,391
train,2399,1537,862
zero,2398,2177,221
nick,2395,2334,61
light,2394,1107,1287
password,2392,1965,427
age,2391,915,1476
stay,2391,1227,1164
alloc,2391,2308,83
header,2388,2253,135
figur,2387,1563,824
tel,2385,1486,899
obtain,2385,1224,1161
averag,2377,1523,854
wed,2370,1920,450
track,2369,1430,939
panel,2368,1865,503
william,2365,2001,364
tree,2359,1561,798
stuff,2358,1128,1230
owner,2354,1168,1186
incom,2353,1127,1226
medicin,2351,1550,801
mon,2346,1967,379
januari,2339,1709,630
moment,2331,807,1524
row,2329,2136,193
timestamp,2329,2323,6
collect,2324,1510,814
wall,2322,1717,605
welcom,2318,1154,1164
hit,2317,1433,884
histori,2313,1162,1151
host,2312,1681,631
determin,2306,1740,566
revenu,2304,1053,1251
statist,2300,2085,215
girl,2299,333,1966
known,2299,1178,1121
url,2298,1900,398
fri,2296,1976,320
txt,2292,2234,58
air,2290,1014,1276
bug,2289,1997,292
titl,2287,1252,1035
sub,2287,2095,192
knowledg,2283,1159,1124
unknown,2281,1923,358
grant,2277,1641,636
capac,2276,2077,199
speak,2275,1353,922
cell,2271,1771,500
sold,2269,1069,1200
wire,2269,1364,905
extra,2268,1026,1242
ensur,2264,1549,715
session,2260,2002,258
ldb,2258,2258,0
googl,2253,1834,419
award,2248,1270,978
interact,2244,1885,359
independ,2234,1199,1035
tmp,2234,1626,608
devic,2229,1375,854
across,2226,1388,838
held,2224,1321,903
str,2223,2189,34
desk,2223,1544,679
attempt,2220,1395,825
cli,2220,2126,94
essenti,2219,1989,230
tortur,2219,2171,48
spend,2218,1101,1117
excel,2216,1085,1131
democrat,2216,2020,196
sunni,2208,2130,78
numer,2204,1728,476
previou,2203,1214,989
tab,2193,529,1664
smith,2188,1732,456
enabl,2182,1300,882
ee,2178,2178,0
perhap,2176,1406,770
committ,2173,2139,34
combin,2170,1567,603
mmbtu,2165,2165,0
music,2162,1165,997
lay,2159,1647,512
signatur,2157,1980,177
pipelin,2157,2105,52
alia,2156,1932,224
fine,2152,1619,533
eat,2152,256,1896
taken,2150,1315,835
con,2149,720,1429
mode,2140,1698,442
rise,2135,731,1404
campaign,2133,1507,626
assum,2131,1879,252
del,2131,963,1168
acrobat,2129,183,1946
iso,2128,1847,281
submit,2127,1291,836
europ,2127,1223,904
lon,2124,1901,223
display,2121,1543,578
vista,2120,628,1492
goal,2118,950,1168
pictur,2116,942,1174
msg,2114,2055,59
water,2113,1148,965
est,2111,893,1218
screen,2110,1512,598
death,2110,919,1191
auth,2108,2103,5
multipl,2106,1309,797
block,2103,1548,555
critic,2099,1735,364
role,2099,1907,192
particular,2097,1574,523
red,2095,1170,925
west,2093,1632,461
bob,2090,1947,143
establish,2090,847,1243
confid,2089,1117,972
worth,2085,1100,985
plain,2084,1255,829
introduc,2084,750,1334
viewcv,2084,2084,0
launch,2083,1619,464
speed,2078,1129,949
variou,2075,1260,815
equiti,2074,1316,758
young,2067,776,1291
provis,2067,1576,491
len,2065,1999,66
deposit,2063,176,1887
practic,2061,1379,682
kitchen,2061,1933,128
jeff,2056,1769,287
prior,2054,1329,725
und,2054,365,1689
sorri,2054,1512,542
clean,2053,1530,523
child,2053,1455,598
msn,2052,1759,293
octob,2051,1830,221
balanc,2049,1509,540
nsswitch,2045,2045,0
competit,2043,1264,779
seri,2041,1527,514
lost,2040,1260,780
predict,2039,1219,820
strategi,2038,1307,731
loan,2031,733,1298
gnu,2029,1949,80
wife,2024,571,1453
htm,2021,1785,236
none,2021,1108,913
dvd,2021,558,1463
reader,2016,892,1124
agent,2013,401,1612
dbcap,2010,2010,0
advantag,2010,687,1323
sat,2009,1310,699
escapenumberfc,2006,1997,9
pdf,2003,1890,113
core,2000,1691,309
august,1998,1721,277
prescript,1995,115,1880
occur,1992,950,1042
attend,1991,1668,323
centr,1989,506,1483
ena,1986,1985,1
explain,1985,1426,559
separ,1982,1619,363
staff,1980,1375,605
cloudi,1979,1886,93
port,1978,1558,420
tom,1977,1680,297
premium,1977,548,1429
echo,1976,1895,81
decemb,1975,1603,372
reg,1974,1821,153
escapenumberfsamba,1971,1971,0
quot,1971,1247,724
attack,1970,1048,922
acl,1967,1954,13
black,1966,980,986
pound,1966,305,1661
glad,1966,431,1535
explor,1963,860,1103
element,1962,1459,503
para,1961,367,1594
la,1961,632,1329
uniqu,1960,824,1136
effici,1959,1124,835
opt,1958,1364,594
enhanc,1956,512,1444
discov,1954,620,1334
gone,1954,544,1410
park,1953,1368,585
ceo,1952,1259,693
heard,1951,803,1148
although,1948,1485,463
guy,1946,1197,749
floor,1945,1069,876
leader,1934,1378,556
bid,1929,1691,238
transmiss,1927,1392,535
termin,1923,1662,261
tescapenumb,1923,637,1286
signific,1922,1288,634
achiev,1921,760,1161
max,1921,1703,218
partnership,1918,1678,240
green,1916,1085,831
georg,1916,1583,333
tech,1915,1607,308
behind,1912,939,973
vote,1911,1496,415
mari,1911,1504,407
secret,1910,745,1165
rest,1910,1017,893
toward,1908,903,1005
educ,1907,1045,862
broadband,1904,815,1089
abil,1901,960,941
revno,1898,1898,0
paramet,1898,1804,94
station,1896,1605,291
registri,1895,1777,118
affect,1889,1086,803
carri,1886,854,1032
novemb,1878,1635,243
symbol,1876,876,1000
uncertainti,1874,489,1385
gold,1873,313,1560
suppos,1873,954,919
brian,1871,1785,86
degre,1868,566,1302
acquir,1868,722,1146
exit,1867,1742,125
exactli,1867,1128,739
focu,1866,1057,809
six,1865,1094,771
arrang,1865,1180,685
delay,1864,1093,771
input,1861,1655,206
sens,1858,1257,601
father,1858,395,1463
appropri,1856,1620,236
lsa,1855,1853,2
subscript,1853,1480,373
respond,1850,1262,588
daren,1848,1842,6
kernel,1845,1558,287
heart,1840,530,1310
enterpris,1839,303,1536
xdg,1839,1838,1
deriv,1837,1686,151
jim,1835,1700,135
star,1834,1074,760
chairman,1833,1609,224
stage,1833,915,918
land,1832,829,1003
expand,1831,989,842
surpris,1830,761,1069
higher,1828,1140,688
feedback,1828,1684,144
written,1824,1425,399
skill,1824,1309,515
son,1824,475,1349
notifi,1821,1647,174
specifi,1817,1526,291
pid,1814,1777,37
acquisit,1814,641,1173
kevin,1814,1741,73
hill,1813,1079,734
maintain,1813,1288,525
english,1813,1120,693
human,1812,982,830
master,1811,1080,731
agenc,1807,1315,492
prize,1805,586,1219
summari,1802,1641,161
desir,1802,667,1135
doubl,1802,1004,798
becam,1801,507,1294
mid,1798,1521,277
earlier,1798,1597,201
contribut,1795,1322,473
transport,1793,1498,295
anticip,1792,414,1378
kid,1791,879,912
mine,1790,475,1315
amaz,1789,267,1522
tomorrow,1786,1453,333
fuel,1782,1502,280
imagin,1780,385,1395
trip,1780,1180,600
aol,1779,717,1062
player,1779,934,845
shirley,1778,1755,23
awar,1778,913,865
convert,1778,1469,309
replica,1778,36,1742
india,1776,1563,213
categori,1774,700,1074
basi,1773,1349,424
changeset,1767,1766,1
emerg,1765,1024,741
polic,1763,1377,386
dir,1762,1702,60
pre,1761,1069,692
extrem,1760,693,1067
dose,1760,100,1660
automat,1759,978,781
prove,1759,457,1302
manual,1754,1317,437
observ,1753,1306,447
progress,1749,1207,542
describ,1748,1156,592
foo,1748,1736,12
expert,1747,1005,742
worri,1746,763,983
assign,1746,1541,205
martin,1746,1323,423
vf,1746,1745,1
annual,1743,1021,722
extens,1739,1331,408
dream,1738,399,1339
institut,1738,1358,380
septemb,1736,1472,264
poor,1735,955,780
impact,1734,1341,393
pretti,1730,1070,660
coupl,1730,1317,413
technic,1729,1379,350
door,1729,380,1349
excit,1726,437,1289
econom,1724,1289,435
super,1721,353,1368
invit,1720,1168,552
idmap,1716,1716,0
richard,1716,1470,246
sescapenumb,1714,1515,199
escapenumbera,1713,1152,561
insur,1711,943,768
mother,1711,490,1221
unless,1707,1405,302
draft,1706,1521,185
quickli,1706,847,859
ldap,1705,1697,8
export,1703,1231,472
survey,1700,954,746
logo,1694,435,1259
cheer,1694,1316,378
sheet,1693,1251,442
nov,1693,1278,415
professor,1692,1537,155
hardwar,1692,1395,297
sponsor,1692,813,879
outsid,1690,1202,488
front,1690,820,870
formula,1688,1005,683
pharmaceut,1683,950,733
itemyour,1682,14,1668
sector,1681,633,1048
difficult,1681,962,719
vector,1678,1645,33
fox,1678,1423,255
pressur,1678,933,745
rescapenumb,1678,1612,66
easili,1677,717,960
style,1676,905,771
largest,1675,1244,431
rel,1675,847,828
fight,1672,870,802
chri,1672,1582,90
east,1669,1070,599
facil,1669,1323,346
especi,1668,1003,665
loop,1660,1583,77
own,1655,1093,562
pod,1655,1625,30
cloud,1652,1372,280
fear,1652,743,909
channel,1647,1083,564
physic,1647,1081,566
mescapenumb,1646,1485,161
platform,1643,1264,379
patient,1640,1140,500
jerri,1638,1589,49
lotteri,1635,40,1595
herein,1633,78,1555
sharehold,1628,1179,449
challeng,1628,1321,307
liquid,1627,888,739
ring,1627,306,1321
offset,1625,1530,95
perfect,1624,368,1256
broadcast,1622,1211,411
arm,1620,512,1108
unix,1619,1559,60
rice,1613,1038,575
cbsnew,1612,1609,3
flash,1612,325,1287
fun,1610,873,737
python,1610,1589,21
dec,1608,765,843
portfolio,1608,956,652
rep,1607,1468,139
detect,1606,1277,329
king,1601,982,619
woman,1600,495,1105
sir,1599,143,1456
llc,1595,865,730
bankruptci,1593,1312,281
treatment,1592,1084,508
curv,1588,1358,230
split,1585,1349,236
storag,1585,1284,301
illustr,1585,303,1282
senior,1584,1322,262
sambaescapenumb,1583,1583,0
innov,1582,1174,408
equal,1581,1256,325
op,1579,1567,12
usual,1574,1054,520
regul,1574,1282,292
piec,1570,935,635
gov,1569,1433,136
sex,1568,393,1175
ahead,1565,1106,459
walk,1565,641,924
boy,1564,294,1270
georgia,1563,1217,346
bounc,1562,1477,85
winner,1560,400,1160
sometim,1560,1007,553
bond,1559,1343,216
solv,1559,1188,371
social,1559,519,1040
regular,1557,649,908
ground,1556,564,992
absolut,1555,479,1076
afternoon,1554,1305,249
ripley,1552,1537,15
atlanta,1551,1315,236
exclus,1550,781,769
guess,1549,1214,335
pack,1546,387,1159
reflect,1545,1046,499
de,1534,923,611
conf,1533,1477,56
failur,1529,1239,290
februari,1526,1254,272
printf,1524,1522,2
faith,1524,453,1071
socket,1524,1484,40
gmail,1524,1300,224
thailand,1524,1453,71
middl,1524,946,578
listen,1523,719,804
raw,1523,1322,201
mix,1521,776,745
verifi,1520,672,848
saw,1519,594,925
goe,1518,1044,474
makefil,1513,1492,21
finish,1512,778,734
monitor,1510,955,555
resum,1509,1358,151
dealer,1508,332,1176
movi,1507,701,806
api,1506,874,632
rolex,1506,3,1503
highli,1505,585,920
ten,1503,604,899
declar,1502,1167,335
winbind,1500,1500,0
ignor,1500,1169,331
solicit,1498,273,1225
restrict,1498,1176,322
photo,1494,921,573
electron,1492,926,566
presidenti,1490,1301,189
larri,1488,1421,67
attorney,1487,1103,384
magic,1486,1123,363
greg,1486,1436,50
peter,1484,1206,278
treat,1484,836,648
scott,1482,1383,99
prevent,1478,1107,371
trademark,1477,638,839
round,1477,911,566
nomin,1476,1182,294
sa,1474,1445,29
ronni,1474,1450,24
cheap,1473,230,1243
consist,1472,1013,459
construct,1471,1090,381
metz,1471,1469,2
expir,1469,792,677
dom,1469,1451,18
telephon,1467,613,854
escapenumberm,1467,580,887
optim,1465,1252,213
chicago,1465,1026,439
rose,1463,667,796
reward,1463,303,1160
assur,1459,420,1039
republican,1457,1430,27
spot,1455,958,497
border,1455,799,656
european,1454,1024,430
season,1453,972,481
spam,1453,578,875
grid,1448,966,482
central,1446,963,483
reuter,1445,1192,253
behalf,1444,1060,384
oem,1443,40,1403
convers,1439,973,466
appetit,1438,49,1389
evalu,1437,1168,269
depth,1437,1278,159
switch,1433,1162,271
paint,1432,915,517
whose,1430,866,564
easier,1428,1044,384
hat,1427,551,876
exercis,1423,580,843
pain,1423,326,1097
promis,1422,708,714
lookup,1421,1184,237
stack,1419,724,695
label,1417,1179,238
env,1415,1271,144
req,1414,1395,19
wast,1412,299,1113
ktwarwic,1412,1147,265
pam,1411,1383,28
vice,1411,1144,267
inch,1409,207,1202
farmer,1405,1229,176
cat,1404,981,423
doubt,1403,581,822
supplier,1402,384,1018
dead,1398,853,545
ferc,1396,1395,1
coordin,1396,1102,294
producttestpanel,1395,0,1395
crash,1394,721,673
satisfi,1394,241,1153
weekend,1393,1073,320
anywher,1393,297,1096
began,1392,705,687
salli,1392,1346,46
setup,1389,1266,123
histor,1388,718,670
foundat,1386,828,558
width,1385,357,1028
attribut,1383,1240,143
descript,1383,1128,255
renew,1379,982,397
ventur,1378,399,979
pleasur,1376,147,1229
varianc,1374,1370,4
tag,1374,778,596
hate,1371,242,1129
unabl,1370,1097,273
exe,1367,699,668
gram,1366,41,1325
whatev,1365,935,430
outlook,1364,752,612
random,1364,1211,153
dev,1363,1312,51
rid,1363,895,468
congress,1362,1065,297
danger,1356,518,838
por,1356,353,1003
desktop,1354,1130,224
brown,1353,904,449
prefix,1353,1329,24
debat,1352,1264,88
gpl,1350,1340,10
gave,1345,787,558
prompt,1345,778,567
declin,1344,1015,329
touch,1344,700,644
usag,1342,704,638
rich,1342,446,896
anti,1341,637,704
hottest,1340,60,1280
immigr,1335,1191,144
enronxg,1334,1334,0
sit,1334,507,827
afford,1333,397,936
jan,1333,917,416
previous,1333,786,547
hex,1327,196,1131
cmd,1327,1298,29
spirit,1326,211,1115
reput,1325,210,1115
led,1325,763,562
instant,1321,122,1199
conn,1320,1304,16
broken,1320,962,358
fell,1320,859,461
conflict,1316,712,604
auto,1316,910,406
manner,1315,378,937
oblig,1313,783,530
nearli,1313,917,396
peni,1312,9,1303
driver,1311,982,329
bar,1310,977,333
safeti,1308,571,737
portland,1303,1288,15
aim,1302,798,504
tip,1301,796,505
escapenumberpm,1301,1247,54
compon,1301,1063,238
scale,1300,1045,255
escapenumberb,1300,811,489
lee,1300,736,564
career,1299,590,709
comfort,1298,362,936
frank,1298,996,302
built,1297,905,392
judg,1297,852,445
arg,1297,1218,79
depress,1296,195,1101
male,1296,126,1170
mr,1294,95,1199
align,1294,490,804
dave,1293,1123,170
arriv,1293,817,476
resolv,1291,1051,240
sportslin,1290,1289,1
employ,1288,846,442
damag,1283,830,453
familiar,1281,658,623
certainli,1278,730,548
fulli,1276,677,599
africa,1274,394,880
capabl,1272,702,570
angel,1271,912,359
flight,1271,752,519
cri,1271,135,1136
merger,1270,1164,106
rank,1269,712,557
colleg,1268,894,374
vacanc,1267,33,1234
err,1267,1234,33
brought,1267,610,657
levitra,1267,3,1264
beauti,1266,288,978
diseas,1265,714,551
duti,1263,305,958
monthli,1262,576,686
neg,1262,909,353
shell,1262,1127,135
biggest,1262,852,410
davi,1262,1099,163
journal,1261,1057,204
sahlberg,1260,1260,0
kin,1258,20,1238
procedur,1258,965,293
met,1258,781,477
jul,1258,627,631
gnupg,1257,1253,4
recipi,1255,880,375
adjust,1253,895,358
compens,1251,431,820
pat,1250,702,548
margin,1250,798,452
corel,1250,11,1239
buffer,1250,1197,53
charset,1248,940,308
tim,1247,986,261
conduct,1246,737,509
sizeof,1246,1245,1
spring,1243,538,705
farm,1242,530,712
approxim,1242,809,433
todo,1241,766,475
advisor,1241,225,1016
printer,1241,909,332
maker,1241,597,644
xml,1240,1130,110
boot,1239,952,287
howstuffwork,1239,1239,0
flexibl,1237,657,580
membership,1236,464,772
extract,1235,960,275
browser,1234,459,775
zonk,1233,1233,0
slow,1233,745,488
artist,1233,632,601
feet,1232,413,819
param,1231,1229,2
realiz,1231,585,646
fortun,1230,416,814
complianc,1226,533,693
alon,1224,528,696
british,1224,859,365
complex,1223,948,275
attract,1222,435,787
extern,1221,854,367
proceed,1220,697,523
warner,1220,1196,24
burn,1219,458,761
colleagu,1217,995,222
snow,1216,524,692
harri,1214,822,392
lack,1214,719,495
xl,1213,1210,3
euro,1210,289,921
cluster,1210,1146,64
stream,1210,655,555
presenc,1209,949,260
elect,1208,954,254
button,1205,721,484
till,1205,201,1004
wholesal,1205,1000,205
anyway,1205,969,236
lender,1203,560,643
height,1203,407,796
ibm,1200,503,697
task,1199,827,372
confus,1197,948,249
mission,1197,578,619
roll,1196,715,481
qualifi,1195,415,780
thoma,1194,1060,134
expans,1194,429,765
intent,1192,518,674
mile,1190,732,458
radio,1190,798,392
commod,1186,1066,120
buddi,1185,1025,160
earth,1184,438,746
tie,1183,848,335
alter,1181,1029,152
relationship,1177,781,396
cross,1176,788,388
wireless,1175,754,421
scan,1174,488,686
ebay,1173,220,953
upgrad,1168,833,335
bloomberg,1168,1142,26
receipt,1166,504,662
samr,1166,1166,0
guidelin,1166,930,236
greater,1166,599,567
buyer,1163,619,544
assumpt,1163,485,678
highest,1162,421,741
instanc,1162,891,271
cool,1161,553,608
vehicl,1159,503,656
smile,1159,109,1050
buf,1158,1158,0
ultim,1157,437,720
spescapenumb,1157,74,1083
lllp,1156,1156,0
fat,1156,167,989
cultur,1156,888,268
trial,1155,734,421
equip,1155,590,565
blue,1155,614,541
sole,1152,381,771
conveni,1151,560,591
daemon,1150,1128,22
encourag,1150,805,345
coverag,1149,904,245
bottom,1147,568,579
knew,1146,350,796
throughout,1146,585,561
forget,1145,376,769
byte,1145,1043,102
sy,1144,1107,37
otc,1143,90,1053
ben,1143,901,242
militari,1143,732,411
autodesk,1142,5,1137
dummi,1141,285,856
binari,1139,1080,59
andi,1139,1086,53
boston,1138,805,333
dan,1136,824,312
town,1136,703,433
recogn,1136,776,360
cooper,1134,770,364
resid,1133,525,608
iescapenumb,1133,1033,100
crenshaw,1133,1131,2
hotel,1133,761,372
hurri,1132,52,1080
hdr,1129,1127,2
mhln,1129,3,1126
col,1128,1052,76
sam,1128,1019,109
sea,1126,516,610
cap,1126,634,492
legisl,1125,878,247
spread,1124,746,378
enlarg,1124,52,1072
congratul,1119,334,785
race,1119,853,266
commondream,1117,1117,0
ref,1117,578,539
escapenumberadob,1115,0,1115
economi,1115,874,241
estat,1114,464,650
accuweath,1113,1113,0
ptr,1112,1109,3
stress,1112,274,838
soni,1112,202,910
vip,1110,10,1100
ltd,1108,569,539
remot,1106,768,338
impress,1106,447,659
compulsori,1104,1088,16
yro,1103,1103,0
chair,1103,751,352
autocad,1102,13,1089
edward,1102,989,113
fake,1102,293,809
endif,1102,1101,1
prioriti,1101,683,418
squar,1098,679,419
clinton,1098,1044,54
oct,1097,1037,60
cancer,1097,785,312
token,1096,1051,45
virtual,1095,533,562
accur,1095,425,670
ill,1094,361,733
postal,1093,118,975
bzr,1092,1092,0
shown,1092,443,649
husband,1092,236,856
stephen,1091,867,224
primari,1091,879,212
re,1089,959,130
jeremi,1087,1025,62
dump,1086,1000,86
pidl,1085,1085,0
seven,1083,554,529
fresh,1080,258,822
neither,1080,516,564
stabl,1079,427,652
scientist,1079,561,518
lawyer,1078,867,211
dramat,1077,259,818
gather,1077,581,496
seriou,1077,528,549
counterparti,1077,1077,0
metal,1076,643,433
listmast,1074,1029,45
registr,1073,770,303
shift,1072,929,143
overal,1072,676,396
weekli,1069,680,389
jump,1069,555,514
boost,1067,409,658
ext,1067,882,185
ami,1067,914,153
minist,1066,801,265
inde,1065,538,527
kept,1065,426,639
gari,1065,969,96
thread,1063,790,273
filter,1060,606,454
pr,1060,1058,2
mit,1059,473,586
programm,1057,817,240
von,1057,303,754
mar,1056,670,386
sleep,1055,332,723
sydney,1055,196,859
dataset,1053,1053,0
ladi,1051,182,869
vibrat,1051,28,1023
morgan,1049,833,216
vtabl,1048,1047,1
stinson,1045,1043,2
ident,1045,591,454
meant,1044,491,553
interpret,1043,812,231
discret,1043,174,869
strict,1043,808,235
will,1042,627,415
repeat,1041,655,386
computron,1041,0,1041
deni,1041,860,181
beyond,1041,608,433
consider,1040,586,454
skip,1037,908,129
timeout,1037,1016,21
spent,1036,616,420
cera,1034,1034,0
brief,1034,676,358
michel,1033,968,65
disclos,1032,610,422
signal,1032,810,222
bigger,1031,286,745
entiti,1030,844,186
favor,1030,505,525
reform,1030,606,424
fyi,1030,1027,3
radar,1029,569,460
cred,1028,1015,13
luck,1027,533,494
gen,1027,761,266
prime,1027,773,254
susan,1027,955,72
examin,1026,661,365
goto,1026,984,42
rock,1024,300,724
ein,1023,235,788
obama,1023,802,221
notif,1022,408,614
encod,1021,694,327
nbsp,1018,54,964
batch,1018,350,668
diet,1018,122,896
ideal,1014,342,672
rain,1011,637,374
score,1011,649,362
background,1010,640,370
southern,1010,649,361
duke,1009,955,54
creation,1009,398,611
bullish,1008,53,955
grand,1007,632,375
mainli,1006,963,43
unfortun,1005,763,242
drugstor,1004,9,995
cancel,1004,737,267
joe,1003,775,228
sym,1003,69,934
backend,1002,1000,2
pointer,1002,957,45
kdawson,1001,1001,0
brazil,1001,905,96
gescapenumb,1000,458,542
counti,999,845,154
hall,999,816,183
dat,997,934,63
edg,997,436,561
mirror,996,888,108
outstand,994,430,564
mortgag,994,103,891
magazin,993,467,526
par,992,759,233
genuin,990,93,897
captur,990,793,197
evid,989,699,290
mass,988,630,358
voip,988,89,899
onto,988,366,622
exposur,988,829,159
coal,986,813,173
dog,985,360,625
blob,985,969,16
escapenumberc,985,559,426
recov,984,787,197
focus,984,640,344
escapenumberpil,984,0,984
srvsvc,983,983,0
queri,983,885,98
adescapenumberb,982,9,973
societi,982,339,643
regulatori,982,872,110
deep,982,306,676
consequ,981,376,605
incred,981,161,820
clearli,980,719,261
pari,979,863,116
fair,979,642,337
elimin,978,493,485
visual,978,486,492
tire,978,179,799
stem,977,462,515
lie,976,385,591
editor,974,714,260
hospit,971,407,564
permit,970,669,301
succeed,969,318,651
blood,967,314,653
suspect,964,797,167
dealt,963,100,863
multi,963,537,426
dynam,963,699,264
sie,961,235,726
hourahead,959,959,0
edt,957,879,78
beach,955,495,460
ave,954,384,570
min,954,678,276
smart,954,281,673
phase,953,838,115
sunshin,952,877,75
kilo,951,5,946
pdb,951,951,0
solar,951,895,56
syntax,951,918,33
tcp,950,930,20
java,950,808,142
relev,948,732,216
tmxo,947,0,947
specul,947,319,628
circl,946,377,569
budget,945,711,234
eight,945,497,448
intel,945,580,365
intellectu,944,884,60
dark,943,253,690
cv,941,279,662
srv,941,871,70
uid,939,844,95
memo,939,421,518
permiss,939,705,234
francisco,939,748,191
maximum,938,606,332
smoke,937,333,604
precis,937,303,634
suffer,936,454,482
val,935,845,90
intellig,935,523,412
holiday,934,513,421
sep,934,893,41
unsign,934,928,6
subset,934,926,8
utf,931,706,225
vega,931,240,691
cook,930,387,543
austin,930,524,406
topcod,930,930,0
assembl,930,723,207
appar,929,748,181
bridg,929,545,384
una,928,291,637
teach,928,326,602
packet,927,861,66
varieti,927,353,574
virginia,927,864,63
storm,926,622,304
replescapenumberca,926,0,926
giant,925,582,343
bottl,924,84,840
fli,923,377,546
oxford,922,884,38
felt,920,284,636
integ,919,892,27
sen,919,892,27
serial,918,409,509
televis,918,522,396
sexual,918,121,797
paso,918,857,61
jsp,917,882,35
truth,916,288,628
asia,916,363,553
exp,914,608,306
simul,914,775,139
heat,913,620,293
reduct,911,560,351
pop,909,603,306
coast,909,564,345
recoveri,909,741,168
interp,908,908,0
nasa,908,872,36
spoke,907,608,299
lucki,907,110,797
privileg,907,689,218
enum,906,905,1
chat,906,338,568
amend,906,722,184
valuabl,906,417,489
plenti,905,319,586
argv,904,901,3
stolen,904,835,69
christi,903,687,216
mechan,901,668,233
subsidiari,901,507,394
fda,900,307,593
fetch,900,816,84
constitut,900,303,597
nabbl,900,900,0
sin,899,407,492
blank,898,446,452
daughter,897,261,636
sweet,896,86,810
diego,895,496,399
experienc,894,488,406
apolog,894,633,261
git,893,887,6
sitara,893,893,0
disclaim,892,406,486
christian,892,362,530
hire,890,682,208
equival,890,653,237
encrypt,889,389,500
ken,889,846,43
iii,887,502,385
australia,885,547,338
concept,885,579,306
disclosur,884,744,140
usernam,884,809,75
desc,882,879,3
river,882,362,520
sky,882,354,528
decreas,881,274,607
protocol,881,451,430
circumst,881,318,563
argu,880,632,248
despit,880,729,151
reli,879,567,312
fsp,878,877,1
jelmer,878,878,0
icon,878,772,106
divis,877,558,319
delight,877,127,750
speaker,876,727,149
temperatur,875,789,86
shower,875,740,135
anybodi,874,517,357
rob,874,648,226
refin,873,296,577
laugh,873,151,722
toni,872,776,96
pool,872,696,176
bought,872,528,344
tour,871,647,224
joint,871,440,431
behavior,870,661,209
wood,870,421,449
perman,869,283,586
nuclear,869,586,283
composit,869,685,184
bind,868,732,136
shaescapenumb,867,867,0
newest,867,105,762
tradit,867,558,309
audienc,867,633,234
taylor,866,726,140
prescapenumb,866,75,791
tap,865,625,240
troop,864,736,128
warm,864,535,329
winter,864,425,439
pmcescapenumberc,863,863,0
ist,863,207,656
accuraci,862,211,651
feb,860,677,183
drew,860,324,536
csv,860,854,6
gid,860,854,6
ran,859,512,347
assess,859,737,122
stake,859,525,334
bear,859,369,490
reveal,859,558,301
proven,859,199,660
dinner,859,692,167
invalid,857,797,60
violat,857,766,91
avenu,857,559,298
logic,856,710,146
worker,856,659,197
ted,856,759,97
tribun,856,817,39
destroy,855,581,274
camera,853,297,556
ook,853,32,821
explod,852,87,765
compat,850,658,192
highlight,850,676,174
faq,850,683,167
patrick,849,671,178
mountain,848,216,632
vacat,847,480,367
particularli,846,651,195
resolut,846,639,207
healthi,845,184,661
claus,843,812,31
bed,842,121,721
drink,842,260,582
steven,841,780,61
orient,841,267,574
grade,840,635,205
lover,840,54,786
fan,840,498,342
mostli,839,715,124
anonym,838,677,161
justic,838,608,230
constant,838,435,403
mistak,838,581,257
accomplish,836,569,267
hescapenumb,834,551,283
brain,833,279,554
catch,833,489,344
audit,833,546,287
roof,833,88,745
planet,832,224,608
obvious,832,629,203
eol,832,830,2
film,831,506,325
club,831,396,435
deploy,830,264,566
battl,830,567,263
trend,829,612,217
zone,828,285,543
van,826,481,345
lang,826,339,487
wear,824,176,648
ray,824,582,242
surfac,824,550,274
rival,823,700,123
babi,823,394,429
hedg,823,775,48
prohibit,823,565,258
bonu,823,242,581
shot,822,451,371
epmi,820,820,0
shoot,820,562,258
audio,819,450,369
wwescapenumb,818,815,3
certifi,818,131,687
volatil,818,743,75
enrononlin,817,817,0
fastow,816,816,0
discoveri,816,264,552
faster,816,481,335
visa,816,219,597
axi,816,794,22
headlin,816,663,153
superior,815,158,657
straight,814,357,457
renam,814,790,24
understood,814,272,542
russian,814,568,246
appoint,813,410,403
poll,813,704,109
pend,812,628,184
mount,812,615,197
charl,812,640,172
difficulti,812,532,280
abbott,811,795,16
takeov,810,780,30
trace,809,569,240
urgent,809,217,592
thompson,808,640,168
sender,807,565,242
complic,807,504,303
jack,806,397,409
safest,806,14,792
diff,806,779,27
fred,803,719,84
christoph,803,727,76
correl,803,766,37
pattern,802,556,246
shut,802,533,269
moor,801,696,105
ubuntu,800,759,41
watson,800,709,91
edison,800,744,56
favorit,799,366,433
unlik,798,576,222
minimum,796,493,303
jhbuild,796,796,0
theft,796,735,61
brother,796,264,532
shape,795,430,365
surviv,795,643,152
werror,795,795,0
lisa,794,764,30
segment,794,593,201
disk,794,527,267
proper,793,432,361
showbiz,793,790,3
remind,793,505,288
rec,792,763,29
chapter,792,635,157
ion,792,265,527
admit,792,425,367
indian,792,704,88
cold,792,296,496
feed,791,461,330
techniqu,791,403,388
princ,789,302,487
correctli,788,666,122
usd,788,253,535
somebodi,788,428,360
chase,788,528,260
srcdir,788,788,0
princip,787,632,155
salari,787,313,474
appeal,785,431,354
inquiri,784,464,320
modern,783,274,509
escapenumberpx,782,24,758
pir,782,780,2
pec,781,781,0
advisori,781,587,194
refus,781,517,264
older,781,365,416
disabl,780,630,150
fog,780,663,117
prison,779,453,326
prof,779,496,283
franc,778,534,244
reject,778,666,112
transform,777,513,264
restor,776,512,264
freedom,775,502,273
settlement,775,721,54
asp,775,503,272
truli,774,255,519
yield,774,443,331
french,773,455,318
prospect,773,364,409
dreamweav,773,2,771
fellow,772,255,517
incorpor,772,416,356
hotmail,772,316,456
japan,771,619,152
strang,770,346,424
extent,770,535,235
escapenumberflib,770,770,0
larger,770,525,245
usb,769,352,417
crisi,769,605,164
ftp,768,672,96
escapenumberk,768,369,399
auction,768,534,234
shuttl,767,751,16
agenda,767,702,65
threat,766,526,240
minor,766,647,119
enforc,766,668,98
excess,766,394,372
howard,765,513,252
elizabeth,765,490,275
cif,765,761,4
chines,764,424,340
murder,764,543,221
downgrad,764,742,22
environment,762,532,230
recal,762,459,303
acceler,761,280,481
treasuri,760,337,423
friendli,759,275,484
inclus,759,324,435
rick,759,729,30
upcom,759,640,119
conserv,759,613,146
nom,759,742,17
regress,758,735,23
pair,758,545,213
posix,758,755,3
lake,757,319,438
frequenc,754,668,86
trail,754,302,452
engag,753,498,255
somewher,753,406,347
folk,753,627,126
ton,752,336,416
spokesman,751,692,59
sustain,750,303,447
satisfact,750,82,668
ipod,749,183,566
graph,749,714,35
dont,749,276,473
solid,749,243,506
breath,749,91,658
dell,748,378,370
celebr,747,526,221
escapenumberam,747,643,104
mexico,747,556,191
graduat,747,610,137
aspect,746,494,252
chart,745,474,271
swap,745,716,29
introduct,745,631,114
spreadsheet,745,704,41
gun,744,374,370
hesit,744,287,457
throw,743,363,380
resist,742,301,441
cabot,741,738,3
lifestyl,741,387,354
foot,741,310,431
holder,741,634,107
northern,741,497,244
biz,741,49,692
hole,740,257,483
hey,740,385,355
urg,739,475,264
secretari,739,530,209
climb,739,237,502
passion,738,105,633
casino,738,33,705
stone,738,320,418
guest,738,550,188
empti,738,459,279
trick,736,286,450
foreach,736,735,1
fourth,734,579,155
testimoni,734,186,548
merchant,734,533,201
complaint,733,299,434
escapenumberrd,733,258,475
licenc,732,702,30
retir,732,488,244
latex,732,724,8
junk,732,564,168
ancillari,731,715,16
intercept,731,689,42
cheaper,731,218,513
glass,731,182,549
handler,731,668,63
settl,731,389,342
bomb,731,518,213
subsequ,731,382,349
lawsuit,730,665,65
cast,730,451,279
belong,730,352,378
strateg,729,426,303
shake,729,107,622
beat,729,400,329
href,729,118,611
invoic,729,609,120
criteria,729,667,62
recruit,728,628,100
comprehens,728,292,436
eventu,727,449,278
ann,727,547,180
menu,727,470,257
adopt,726,539,187
crowd,725,202,523
fileescapenumb,725,725,0
login,724,456,268
twenti,723,104,619
heavi,723,356,367
libsmb,722,722,0
governor,722,636,86
suitabl,722,231,491
seat,722,395,327
vnn,721,720,1
retain,721,483,238
habit,720,138,582
luxuri,720,51,669
valuat,718,677,41
aegi,718,1,717
tran,717,687,30
nobodi,717,266,451
chain,716,427,289
valley,716,400,316
eric,715,622,93
impli,715,494,221
properli,715,581,134
oprah,715,77,638
distanc,715,388,327
substanti,714,466,248
seller,714,422,292
camp,714,466,248
airlin,714,350,364
blow,714,223,491
rnorm,713,713,0
consol,713,541,172
afraid,713,238,475
honor,712,368,344
instrument,712,455,257
pacif,712,450,262
lunch,711,641,70
beta,711,555,156
wit,711,231,480
obviou,710,582,128
forum,709,525,184
roken,709,706,3
imposs,708,318,390
matt,708,610,98
quantiti,707,239,468
fedora,706,701,5
florida,706,452,254
hiv,706,617,89
float,704,327,377
fname,703,703,0
wiki,702,698,4
fulfil,702,115,587
portion,702,475,227
peac,701,196,505
layer,701,542,159
galleri,701,576,125
warranti,700,400,300
westdesk,700,700,0
germani,700,490,210
centuri,700,363,337
song,699,321,378
asnescapenumb,699,699,0
anim,699,233,466
da,698,188,510
allen,697,615,82
paypal,697,10,687
escapenumberspeedi,696,31,665
wave,696,276,420
unclaim,695,7,688
paragraph,695,411,284
slot,695,475,220
accus,694,546,148
realiti,694,324,370
wrap,694,483,211
gssapi,694,694,0
suddenli,694,153,541
decad,694,479,215
adam,694,513,181
bless,694,163,531
johnson,693,529,164
folder,693,566,127
exclud,693,454,239
suffici,692,506,186
erect,692,30,662
soldier,690,417,273
ear,690,144,546
demonstr,690,489,201
pure,690,288,402
do,689,508,181
snip,688,685,3
linear,687,642,45
ball,687,235,452
arrest,687,527,160
pocket,687,121,566
tridgel,687,687,0
specialti,686,44,642
principl,686,437,249
zip,686,368,318
aggress,686,320,366
influenc,686,361,325
guard,686,420,266
hint,684,538,146
lord,684,142,542
eppg,684,4,680
banker,683,249,434
perlescapenumb,683,682,1
popul,682,465,217
liter,682,266,416
alpha,681,588,93
ing,681,315,366
endors,680,337,343
eventlog,680,680,0
ice,679,279,400
jra,679,679,0
mysteri,679,467,212
norton,679,50,629
gcc,679,670,9
island,677,366,311
typic,677,527,150
nine,675,439,236
england,675,447,228
credenti,674,631,43
greet,674,356,318
peak,673,583,90
hang,673,363,310
attr,673,673,0
struggl,673,446,227
beck,671,639,32
greatli,671,462,209
logist,670,599,71
owe,670,409,261
lift,669,157,512
namespac,669,664,5
dedic,669,311,358
revers,668,465,203
simon,668,557,111
ride,668,307,361
auf,667,120,547
royal,667,300,367
silver,666,128,538
translat,666,479,187
dest,666,647,19
carbon,665,568,97
canon,663,94,569
opposit,663,410,253
autom,663,257,406
deadlin,662,600,62
civil,662,359,303
competitor,661,323,338
forest,661,363,298
coupon,661,157,504
daniel,661,537,124
collaps,661,590,71
smooth,660,408,252
grave,660,447,213
dual,659,528,131
prop,659,581,78
wysak,659,0,659
illeg,659,557,102
proprietari,658,345,313
gonzal,658,592,66
northwest,658,618,40
comparison,658,446,212
overview,658,517,141
abus,657,308,349
stood,657,92,565
roger,657,519,138
filenam,656,637,19
swiss,656,144,512
compet,656,389,267
safer,655,133,522
strip,655,518,137
duncan,655,585,70
jeffrey,654,599,55
oppos,653,536,117
glob,653,650,3
summit,653,557,96
apart,653,365,288
affair,653,429,224
rout,653,489,164
mainten,652,359,293
suspend,652,447,205
chemic,652,305,347
iran,652,549,103
escapenumberact,652,0,652
lme,652,650,2
ace,652,613,39
spec,651,554,97
maxim,651,330,321
stanford,651,631,20
sister,650,174,476
relief,650,233,417
inciud,650,0,650
dictionari,650,588,62
german,649,384,265
mydata,649,649,0
defend,649,477,172
fundament,648,577,71
remedi,647,169,478
resort,647,227,420
armi,647,355,292
den,646,242,404
cycl,646,502,144
crime,646,400,246
lab,645,560,85
iter,645,620,25
beverli,644,511,133
scitech,644,644,0
wealth,644,317,327
dispatch,643,532,111
inbuf,643,643,0
infrastructur,643,463,180
uranium,643,94,549
treasur,643,371,272
vol,643,388,255
nativ,642,396,246
band,642,268,374
besid,642,275,367
blvd,641,82,559
turbin,640,619,21
usdrug,640,0,640
strength,639,303,336
inher,639,61,578
abc,639,398,241
escap,639,375,264
le,638,398,240
donat,638,408,230
viru,638,392,246
transpar,637,566,71
mood,637,44,593
defens,637,437,200
strictli,636,350,286
scene,636,301,335
dalla,635,511,124
theescapenumb,635,20,615
incent,634,322,312
quickbook,634,3,631
transit,633,496,137
spoolss,632,632,0
mccain,631,617,14
remark,631,362,269
karen,631,605,26
greatest,631,239,392
pet,631,268,363
fashion,631,251,380
plugin,631,592,39
probe,631,525,106
caught,630,302,328
motion,629,226,403
exact,628,379,249
massiv,628,315,313
academi,628,60,568
gibner,628,628,0
dn,628,593,35
gop,628,606,22
smaller,627,496,131
christ,627,64,563
satellit,627,485,142
disput,626,498,128
hair,626,158,468
wescapenumbertch,626,0,626
conclus,626,351,275
assert,626,570,56
jennif,625,428,197
ir,625,591,34
plane,625,232,393
acknowledg,625,373,252
wound,625,186,439
runtim,625,604,21
kick,625,329,296
ail,624,176,448
technoiogi,624,0,624
sentenc,624,523,101
varescapenumb,624,611,13
threaten,624,515,109
moodi,624,601,23
controversi,623,554,69
scope,623,574,49
belief,623,128,495
strike,622,387,235
necess,622,106,516
insert,622,513,109
kenneth,621,447,174
werr,621,621,0
classroom,621,180,441
cup,620,390,230
frequent,620,322,298
divers,620,311,309
golden,620,261,359
anthoni,619,475,144
ministri,618,391,227
hurt,617,331,286
miller,617,556,61
anderson,617,525,92
centri,617,617,0
everyday,617,351,266
commerc,616,332,284
deserv,614,238,376
kim,613,566,47
iraqi,613,436,177
wil,612,58,554
mayor,612,360,252
liabil,612,520,92
routin,612,449,163
tast,611,136,475
melissa,611,589,22
preserv,611,381,230
mai,609,177,432
herb,609,71,538
herbal,609,11,598
mycanadianpharmaci,608,0,608
traffic,608,302,306
shadow,608,406,202
wors,607,414,193
vision,607,251,356
formal,607,522,85
joy,607,102,505
aep,607,606,1
harder,606,291,315
bu,606,483,123
modif,605,573,32
outlin,605,461,144
terror,604,414,190
framework,604,516,88
ravi,603,601,2
authent,603,353,250
wiil,603,0,603
upper,603,497,106
perfectli,602,261,341
alleg,602,489,113
shi,602,255,347
gbp,601,57,544
eastern,601,468,133
ibiblio,601,601,0
aggreg,600,556,44
laura,600,556,44
garden,599,223,376
abort,599,538,61
dfsg,599,599,0
joseph,599,459,140
mask,598,557,41
nat,598,246,352
vlendec,598,598,0
rare,597,410,187
seq,597,594,3
constru,597,95,502
protest,597,399,198
surround,597,361,236
giuliani,596,581,15
seminar,596,489,107
anymor,596,292,304
stick,595,314,281
overnight,595,374,221
async,595,594,1
pursu,595,442,153
foxnew,595,595,0
upto,593,31,562
scoop,593,556,37
allison,592,568,24
dilig,592,249,343
barri,592,463,129
popt,592,548,44
significantli,592,387,205
organis,591,391,200
convent,591,461,130
bound,591,396,195
dbu,590,590,0
jelli,590,4,586
stronger,590,167,423
district,589,398,191
escapenumberjdp,589,0,589
pad,587,263,324
happiest,587,1,586
repair,587,389,198
soul,586,62,524
mart,586,164,422
forth,585,181,404
ban,585,450,135
escapenumbert,585,45,540
dem,584,330,254
closer,584,357,227
sharp,584,262,322
fault,584,433,151
rapidli,583,157,426
pertain,583,81,502
beth,582,468,114
admin,582,519,63
leadership,582,512,70
alex,582,528,54
ticker,582,504,78
blast,580,354,226
odd,580,366,214
marri,580,142,438
percentag,580,336,244
mom,579,313,266
trigger,577,502,75
backup,577,386,191
proto,577,572,5
twice,577,340,237
rescu,576,301,275
drawn,576,183,393
cheapest,576,29,547
emailescapenumb,576,576,0
bull,575,137,438
selftest,575,575,0
newswir,575,465,110
ascii,575,525,50
citizen,575,313,262
counter,575,399,176
motorsport,574,99,475
bundl,573,349,224
dpc,573,571,2
nicht,573,156,417
empow,573,69,504
everybodi,573,377,196
duplic,572,464,108
subobj,572,572,0
analys,572,361,211
di,571,76,495
proud,571,138,433
rc,570,18,552
litig,570,298,272
unhappi,569,59,510
sterl,569,23,546
cpan,569,569,0
dress,569,97,472
crew,569,485,84
disappear,568,306,262
quicker,568,62,506
surgeri,568,147,421
nigeria,568,81,487
cflag,568,567,1
sight,568,177,391
slip,567,193,374
withdraw,567,446,121
su,567,301,266
relax,566,103,463
idl,566,484,82
grafix,566,5,561
lewi,566,529,37
basin,565,151,414
certif,565,280,285
aescapenumberknight,565,565,0
wild,564,235,329
rocket,563,197,366
nss,563,562,1
hook,563,287,276
svcctl,562,562,0
hth,562,562,0
ub,562,543,19
hamilton,562,511,51
robot,561,278,283
penni,561,117,444
schema,561,544,17
mous,561,253,308
adult,561,137,424
conclud,560,290,270
writer,560,397,163
viagraa,560,0,560
drill,559,179,380
librpc,559,559,0
cran,559,557,2
app,559,461,98
unlimit,559,215,344
theori,558,355,203
brocker,558,0,558
dim,558,408,150
dozen,557,373,184
resign,557,500,57
pge,557,554,3
ratio,557,397,160
slightli,556,452,104
jay,556,526,30
iri,556,521,35
regret,555,93,462
queue,555,491,64
ingredi,555,98,457
ali,555,62,493
gotten,554,200,354
def,554,541,13
dri,554,196,358
carlo,554,506,48
invent,553,314,239
epol,553,553,0
substitut,552,480,72
dcerpc,552,552,0
meridiaa,551,0,551
devel,551,550,1
escapenumbergb,551,138,413
somaa,551,0,551
brochur,551,431,120
divid,550,375,175
mozilla,549,507,42
shock,549,261,288
emma,549,40,509
romney,548,547,1
temp,548,529,19
finger,548,162,386
replic,548,404,144
lck,548,547,1
lou,548,504,44
proxi,548,444,104
contest,547,422,125
jonathan,547,519,28
freebsd,547,361,186
tape,547,311,236
famou,546,197,349
acct,546,542,4
bedroom,546,42,504
remo,546,5,541
cite,545,498,47
hors,545,168,377
jail,545,453,92
domest,545,336,209
carter,544,527,17
grep,544,536,8
possess,543,203,340
hilton,543,504,39
gem,543,60,483
logon,543,520,23
andrea,543,336,207
prc,543,509,34
calendar,542,397,145
instantli,542,46,496
kingdom,542,178,364
campu,541,499,42
movement,540,284,256
sap,540,508,32
kein,540,43,497
matchlet,540,540,0
lloyd,539,504,35
columbia,539,220,319
pump,539,143,396
referenc,539,327,212
aggres,539,3,536
chip,539,409,130
nmbd,538,538,0
phillip,538,424,114
clock,537,197,340
somewhat,537,358,179
macro,536,467,69
bio,536,318,218
corner,536,230,306
dabhol,536,536,0
jean,536,481,55
medium,536,161,375
alan,536,410,126
gobject,535,535,0
artwork,535,322,213
politicaltick,534,534,0
ownership,534,304,230
mere,534,277,257
sept,533,512,21
aliv,533,239,294
facilit,533,335,198
soar,533,304,229
hoodia,533,11,522
rush,532,158,374
eas,532,280,252
sue,532,468,64
fanci,532,64,468
thrive,532,51,481
resuit,531,0,531
smbescapenumb,531,531,0
vendor,531,392,139
hunter,531,350,181
como,531,109,422
evelyn,531,515,16
bore,531,103,428
regex,530,528,2
convinc,530,352,178
hnd,530,529,1
steal,530,387,143
healthcar,530,231,299
undefin,530,517,13
df,529,524,5
lst,529,362,167
sensit,529,334,195
gmt,529,478,51
thick,529,55,474
somehow,528,253,275
personnel,528,391,137
church,528,230,298
verweg,527,527,0
loos,527,139,388
bag,527,214,313
marriag,526,99,427
argc,526,524,2
ctr,526,526,0
bright,526,147,379
wake,525,189,336
clone,525,357,168
leas,525,274,251
montagu,524,23,501
stimul,524,78,446
inter,524,405,119
council,524,298,226
vari,524,311,213
terribl,524,105,419
revolutionari,523,50,473
zimin,523,523,0
expos,522,377,145
clik,522,521,1
dptr,522,522,0
linda,522,308,214
gray,522,246,276
fairli,522,481,41
heritag,522,469,53
thai,522,504,18
kate,521,468,53
flesh,520,26,494
gss,520,514,6
seed,520,353,167
addr,520,501,19
hidden,520,238,282
pkg,520,513,7
violenc,520,241,279
partit,519,465,54
bird,519,171,348
quiet,519,180,339
consolid,518,360,158
emiss,518,433,85
travers,517,493,24
delta,517,399,118
copper,516,143,373
clinic,516,310,206
borland,515,13,502
brad,515,474,41
compromis,515,332,183
digest,514,346,168
scheme,514,329,185
marco,514,398,116
cure,513,109,404
lavorato,513,513,0
unifi,513,480,33
sel,512,390,122
hourli,511,484,27
unreal,511,15,496
ene,511,502,9
atch,511,4,507
discreet,511,7,504
serious,511,305,206
heuer,510,0,510
plate,510,190,320
phd,510,383,127
victori,510,392,118
itali,509,434,75
perspect,509,447,62
scientif,509,218,291
thanx,508,53,455
nyse,508,409,99
allianc,508,344,164
constantli,508,87,421
exquisit,506,8,498
terri,506,453,53
cartier,506,1,505
visibl,505,316,189
eb,505,494,11
dale,505,462,43
crabtre,505,503,2
volker,505,505,0
he,505,7,498
boss,504,301,203
philipp,504,244,260
ongo,504,354,150
born,504,161,343
pour,503,205,298
destdir,503,503,0
visitor,503,180,323
murphi,503,333,170
strongli,503,312,191
underwrit,503,125,378
britain,503,416,87
jacki,503,470,33
fatal,503,251,252
vanc,502,492,10
gap,502,349,153
sequenc,502,433,69
hack,502,407,95
gay,502,318,184
aug,502,404,98
beverag,501,47,454
grab,501,263,238
wharton,501,495,6
sock,500,376,124
sphere,500,81,419
jon,500,460,40
adapt,500,238,262
aris,500,370,130
breakthrough,500,123,377
invok,499,367,132
victim,499,362,137
theoriz,499,14,485
intens,499,294,205
escapenumberxx,498,5,493
crack,498,206,292
steel,497,190,307
poison,497,116,381
brows,497,174,323
cbind,497,497,0
tablet,497,78,419
aktien,497,17,480
errno,497,493,4
pace,497,214,283
omega,497,35,462
southwest,496,430,66
undef,496,494,2
joke,495,157,338
coeffici,495,487,8
nurs,495,83,412
teacher,495,215,280
await,494,209,285
domin,493,286,207
calger,492,492,0
russia,492,313,179
dial,491,169,322
submiss,491,339,152
bay,490,304,186
leg,490,171,319
tanya,490,472,18
realm,490,423,67
insight,490,401,89
disappoint,489,225,264
tammi,489,480,9
fish,489,232,257
sql,489,332,157
fraud,489,170,319
entrepreneur,489,45,444
templat,489,323,166
jason,489,449,40
overhead,488,152,336
addict,488,136,352
mouth,488,59,429
ram,488,355,133
belt,488,59,429
hide,488,277,211
compaq,488,154,334
silent,488,153,335
blame,488,394,94
mont,487,190,297
wise,487,149,338
exhibit,487,352,135
mathemat,487,428,59
ancient,487,257,230
tar,486,440,46
moreov,486,168,318
wrapper,486,469,17
mailer,486,166,320
marc,486,467,19
kindli,485,186,299
wine,485,184,301
outcom,485,367,118
ab,484,465,19
cd,484,152,332
symmetr,483,115,368
algorithm,483,418,65
partial,483,409,74
unnecessari,483,116,367
republ,482,238,244
toy,482,123,359
footbal,482,323,159
merck,481,469,12
madam,481,66,415
dick,481,255,226
corrupt,481,332,149
fasten,480,5,475
bartlett,480,465,15
worst,480,351,129
xyplot,479,479,0
gate,479,254,225
ement,479,15,464
wing,479,193,286
navig,478,264,214
lappli,478,478,0
hunger,478,29,449
escapenumbernd,477,219,258
exec,477,443,34
escapenumbermarket,477,0,477
petroleum,477,191,286
temporari,477,366,111
caution,476,183,293
slowli,476,146,330
gene,476,414,62
rent,475,141,334
imcc,475,475,0
matur,475,281,194
ntvf,474,474,0
morri,474,216,258
ron,473,435,38
div,473,49,424
iphon,473,343,130
classic,473,270,203
weak,473,304,169
stretch,473,159,314
soma,472,34,438
kdc,472,471,1
jpg,472,229,243
materia,471,6,465
benchmark,471,424,47
infoescapenumb,471,471,0
ballot,471,82,389
kit,471,120,351
libreplac,471,471,0
contractor,470,190,280
muscl,470,73,397
flat,470,263,207
vacant,470,34,436
lean,470,88,382
african,469,211,258
rss,469,289,180
winreg,469,469,0
murdoch,469,468,1
func,469,468,1
crossword,468,450,18
socal,468,457,11
okay,468,362,106
unsolicit,468,364,104
meyer,468,444,24
hxpn,468,0,468
verif,467,199,268
batteri,466,161,305
eval,466,461,5
forese,466,39,427
brent,466,449,17
amazon,466,230,236
manipul,465,370,95
rac,465,407,58
etch,465,439,26
slide,464,287,177
compel,464,350,114
rea,464,31,433
concentr,464,209,255
climat,463,402,61
hillari,463,457,6
omit,463,189,274
colorado,462,168,294
skin,462,76,386
grace,462,250,212
ver,462,170,292
crude,461,317,144
cal,461,346,115
anytim,461,112,349
mega,460,40,420
antiqu,460,391,69
piescapenumb,460,6,454
preced,460,307,153
molli,460,382,78
explos,459,208,251
lotto,459,0,459
korea,459,382,77
bell,458,157,301
honest,458,162,296
olpc,458,457,1
portabl,458,249,209
obnox,457,457,0
rotat,457,380,77
seattl,457,384,73
seiz,457,122,335
gplvescapenumb,456,456,0
rapid,456,216,240
grown,456,112,344
propecia,456,3,453
leak,456,412,44
hive,456,445,11
matlab,456,387,69
birth,455,198,257
raymond,455,408,47
furthermor,454,172,282
tear,454,84,370
mat,454,399,55
escapenumberx,454,337,117
forev,453,113,340
collabor,453,308,145
megadik,453,4,449
asid,453,222,231
broke,453,263,190
regularli,453,129,324
tail,453,276,177
deveiop,452,0,452
cloth,452,95,357
crimin,452,294,158
explicitli,452,434,18
italian,452,325,127
gervasio,451,2,449
abandon,451,246,205
miner,451,63,388
queen,450,337,113
danc,450,164,286
absenc,450,273,177
chvccurrent,450,0,450
alaska,450,82,368
mad,450,88,362
simo,450,446,4
fed,449,293,156
newli,449,285,164
amid,449,385,64
bet,449,278,171
unlock,448,334,114
interrupt,448,182,266
literaci,448,25,423
exceed,448,249,199
uescapenumb,448,370,78
spoken,447,191,256
beneficiari,447,31,416
fork,447,302,145
refund,446,272,174
matthew,446,399,47
escapenumberi,446,135,311
embarrass,446,92,354
workshop,446,400,46
apach,445,397,48
malloc,445,444,1
denni,444,392,52
sought,444,267,177
tongu,444,21,423
wkn,444,26,418
vasant,444,444,0
diamond,444,143,301
labor,444,269,175
gpo,444,438,6
panic,444,393,51
lobbi,444,409,35
baghdad,444,402,42
phoenix,444,359,85
freez,443,346,97
ooo,443,17,426
newspap,443,291,152
colour,443,231,212
unusu,443,240,203
antiviru,443,84,359
gif,442,126,316
mba,442,261,181
academ,442,315,127
primarili,442,305,137
ant,442,135,307
distinct,441,262,179
complain,441,294,147
timev,441,441,0
strtoull,441,441,0
henri,441,305,136
occas,440,126,314
ount,440,0,440
ctrl,440,418,22
prestescapenumberg,440,0,440
heaven,440,44,396
explan,440,362,78
commenc,439,199,240
burst,439,56,383
versend,439,15,424
inf,439,402,37
std,439,433,6
escapenumberl,439,359,80
ugli,439,235,204
creditor,439,392,47
unus,438,408,30
ejacul,438,0,438
keith,438,315,123
tfescapenumb,438,434,4
specialist,438,276,162
motiv,437,276,161
hyperlink,437,38,399
coffe,437,150,287
thay,436,1,435
swing,436,349,87
wisdom,436,146,290
charger,436,2,434
fascin,436,72,364
sick,436,121,315
berri,436,183,253
gnitpick,436,1,435
spell,435,238,197
stderr,435,435,0
mmvii,435,435,0
shortli,435,291,144
snum,434,434,0
mseb,434,434,0
restructur,434,398,36
necessarili,434,279,155
veto,433,419,14
counsel,433,358,75
inventori,433,274,159
teco,433,432,1
passdb,433,433,0
txu,433,430,3
begun,432,216,216
anxieti,432,162,270
wyom,432,52,380
publicli,432,325,107
stockuptick,431,0,431
bruce,431,362,69
enhan,431,0,431
pni,431,0,431
lexico,431,431,0
aspx,431,380,51
carol,430,392,38
escapenumberimit,430,0,430
spanish,430,246,184
prototyp,429,360,69
rita,429,301,128
spur,429,174,255
laboratori,429,343,86
asap,429,346,83
regardless,429,310,119
experiment,429,406,23
driven,429,259,170
dot,428,319,109
gregori,428,319,109
donna,428,400,28
incur,428,130,298
gabor,428,428,0
enemi,427,135,292
overweight,427,29,398
tend,427,308,119
sociabl,427,2,425
fruit,427,140,287
motor,427,185,242
lng,427,408,19
prais,426,135,291
arizona,426,254,172
meanwhil,426,312,114
interv,425,356,69
wheel,425,183,242
reaction,425,284,141
embed,424,354,70
mlb,424,410,14
broad,423,264,159
flood,423,305,118
transcript,423,217,206
eogi,423,0,423
inherit,423,230,193
utfescapenumb,423,421,2
fallen,423,307,116
cpu,423,351,72
factori,423,169,254
analyz,423,278,145
mysql,423,360,63
fraction,423,143,280
moon,422,104,318
cindi,422,378,44
harbor,422,101,321
perldoc,422,422,0
muller,422,58,364
ryan,421,378,43
pieas,421,0,421
atlanti,421,395,26
winescapenumb,421,403,18
thunder,421,281,140
isin,421,17,404
surg,421,297,124
bulk,421,126,295
callback,420,415,5
supplement,420,182,238
precipit,420,384,36
represent,419,264,155
uri,419,345,74
disqualifi,419,8,411
strdup,419,419,0
coreldraw,419,0,419
surf,418,345,73
stupid,417,199,218
architectur,417,292,125
ser,417,77,340
keyword,417,278,139
oescapenumb,417,353,64
plung,417,347,70
dist,416,401,15
cairo,416,398,18
empir,416,129,287
frustrat,416,205,211
shipper,415,408,7
strlen,415,414,1
andersen,415,393,22
processor,415,277,138
owen,415,367,48
latter,415,269,146
harm,415,217,198
crystal,415,83,332
circul,415,185,230
grew,415,142,273
plug,414,257,157
narrow,414,232,182
ew,414,413,1
lesson,414,258,156
everywher,414,150,264
aw,414,56,358
deleg,414,351,63
fold,413,178,235
mutual,413,242,171
tone,413,106,307
overrid,412,385,27
ctdbd,412,412,0
consent,412,244,168
shine,412,73,339
elig,412,154,258
slender,411,6,405
arch,411,241,170
wanna,411,68,343
bargain,411,143,268
pbc,411,402,9
layout,411,335,76
suppress,411,152,259
oxescapenumb,410,408,2
biolog,409,284,125
faculti,409,393,16
kelli,409,354,55
syn,409,404,5
preliminari,409,372,37
lcd,409,35,374
destin,409,241,168
st,408,359,49
flower,408,58,350
ifdef,408,408,0
append,407,388,19
peer,407,304,103
qescapenumb,407,343,64
poli,407,372,35
increment,407,382,25
happili,407,59,348
podcast,407,345,62
awesom,407,78,329
dep,406,366,40
retriev,406,270,136
readahead,406,406,0
residu,406,356,50
passiv,406,55,351
inject,406,331,75
smtp,405,172,233
crazi,405,98,307
currenc,405,183,222
moder,405,302,103
mod,405,395,10
yellow,405,107,298
bone,404,132,272
silenc,404,113,291
obes,404,61,343
ebook,404,58,346
likelihood,404,387,17
ltdb,404,404,0
femal,404,196,208
bryan,404,368,36
subject,404,257,147
buck,403,196,207
terrorist,403,288,115
oxley,403,390,13
cheney,403,384,19
thin,403,116,287
ma,403,45,358
dsize,403,403,0
defer,403,269,134
nrow,403,403,0
openssl,403,403,0
killer,402,239,163
macbook,402,50,352
astonish,402,50,352
expertis,402,226,176
ohio,402,282,120
latin,401,284,117
barrel,401,166,235
iron,401,116,285
ridder,401,398,3
recv,401,400,1
jose,401,322,79
funni,400,207,193
chuck,400,379,21
bpl,400,5,395
quintum,400,400,0
clarifi,400,369,31
bvlgari,400,0,400
pwd,400,396,4
melt,400,56,344
wilson,400,320,80
pharma,400,245,155
imit,400,26,374
holi,400,78,322
kati,400,374,26
repositori,399,376,23
talent,399,256,143
dyn,399,393,6
avid,399,17,382
prestigi,399,19,380
hardli,398,100,298
relianc,397,125,272
loui,397,262,135
blair,397,347,50
mmcf,397,376,21
pdd,397,392,5
recip,397,345,52
breitl,396,1,395
shoe,396,107,289
forgot,396,264,132
otcbb,395,65,330
offlin,395,350,45
unsecur,395,219,176
airport,395,232,163
boat,394,106,288
tra,394,51,343
deceas,394,13,381
rbind,394,394,0
subroutin,394,389,5
carolina,394,316,78
sheila,394,383,11
chosen,394,215,179
keytab,394,394,0
bare,393,192,201
cubic,393,106,287
dies,393,45,348
gui,393,361,32
contrast,393,304,89
spain,392,188,204
victoria,392,119,273
lawmak,392,386,6
maria,392,194,198
scatter,392,298,94
barack,392,287,105
meal,392,174,218
rpm,392,371,21
escapenumberst,392,271,121
arc,391,332,59
ldif,391,391,0
differenti,391,330,61
laid,391,137,254
stare,391,41,350
clark,391,307,84
alarm,391,256,135
id,390,369,21
drag,390,159,231
diabet,390,146,244
insist,389,292,97
nois,389,179,210
editori,389,227,162
hxescapenumb,389,385,4
tracker,389,351,38
kerbero,389,376,13
anita,388,365,23
golf,388,304,84
pdt,388,367,21
deregul,388,378,10
ordinari,387,217,170
netherland,387,85,302
sudden,387,80,307
outag,387,382,5
cha,387,355,32
sand,386,96,290
strtoll,386,386,0
contributor,386,348,38
evil,386,129,257
tough,386,284,102
pic,386,175,211
escapenumbertg,385,381,4
explicit,385,344,41
scenario,385,337,48
kimberli,385,370,15
punish,385,179,206
netscap,384,83,301
rom,384,103,281
girth,384,3,381
toronto,383,222,161
healthier,383,32,351
libnet,383,383,0
whenev,383,209,174
weil,383,154,229
tdr,383,383,0
fool,383,58,325
gerald,383,359,24
hadley,383,374,9
adequ,383,265,118
cmdrtaco,383,383,0
iowa,383,344,39
jane,382,145,237
pitch,382,171,211
imu,382,372,10
gtk,382,378,4
desper,382,156,226
childhood,382,41,341
presum,382,329,53
blogspot,382,333,49
neil,382,358,24
nasdaq,381,268,113
clip,381,200,181
render,381,208,173
gnome,381,366,15
rto,381,380,1
sich,381,94,287
chill,381,320,61
phallu,381,4,377
mozdev,380,380,0
ableton,380,4,376
intuit,380,99,281
marketplac,380,205,175
momentum,380,117,263
couid,380,0,380
bandwidth,380,338,42
enigmail,379,379,0
bloom,379,22,357
grate,379,178,201
spie,379,355,24
crown,379,141,238
po,379,341,38
nescapenumb,379,280,99
parser,378,371,7
inet,378,361,17
geec,378,0,378
globe,378,208,170
novel,378,257,121
jordan,378,338,40
chariti,377,124,253
janet,377,356,21
guilti,377,225,152
gpg,377,377,0
orgasm,377,1,376
enorm,377,162,215
judgment,376,136,240
implic,376,298,78
tremend,376,131,245
parallel,376,249,127
tini,375,151,224
nevada,375,162,213
seal,375,240,135
annoy,375,198,177
struck,375,164,211
pen,375,80,295
pjm,375,375,0
dirti,374,98,276
cel,374,284,90
suprem,374,310,64
span,374,162,212
convey,374,265,109
fifti,373,53,320
denver,373,255,118
interconnect,373,364,9
penalti,373,335,38
juan,373,337,36
czescapenumb,373,1,372
gross,372,214,158
hmisc,372,372,0
xxx,372,213,159
slice,372,319,53
hunt,372,247,125
meg,372,137,235
subkey,371,370,1
pol,371,323,48
spi,371,236,135
yeah,370,236,134
lip,370,46,324
boundari,370,250,120
newsiett,370,0,370
guidanc,370,268,102
transwestern,370,370,0
elsewher,370,272,98
wel,370,4,366
bother,370,185,185
bei,370,57,313
pray,369,76,293
beiiev,369,0,369
sarah,369,302,67
founder,369,256,113
teen,369,167,202
netco,369,368,1
fantast,368,85,283
alt,368,240,128
keyboard,367,247,120
stuck,367,256,111
marin,367,255,112
suretymail,367,367,0
shirt,367,173,194
pois,367,69,298
infring,367,345,22
checkout,367,181,186
yescapenumb,367,319,48
sing,366,110,256
ink,366,92,274
venu,366,282,84
coach,366,167,199
rownam,366,366,0
pin,366,97,269
ar,365,138,227
ncol,365,365,0
perm,365,357,8
headquart,365,201,164
restart,365,338,27
volunt,365,330,35
craig,364,302,62
athlet,364,213,151
strengthen,364,224,140
scuttlemonkey,364,364,0
kansa,364,306,58
baylor,364,352,12
dare,363,37,326
krono,363,4,359
hdb,363,361,2
tank,363,269,94
packard,363,144,219
tariff,363,344,19
alias,363,351,12
spokeswoman,362,336,26
migrat,362,325,37
upload,362,295,67
esta,362,67,295
lauraan,362,0,362
rudi,362,346,16
wifi,362,74,288
weighti,361,9,352
pilot,361,252,109
hardin,361,9,352
aime,361,361,0
pep,361,347,14
liber,361,261,100
escapenumberbit,361,93,268
luckili,361,29,332
mandat,360,226,134
proof,360,157,203
trimax,360,0,360
hellish,360,2,358
underli,360,319,41
dimens,360,268,92
blend,360,54,306
polygon,360,333,27
nightmar,359,104,255
escapenumberfsourc,359,359,0
couric,359,359,0
tournament,359,132,227
emot,359,127,232
berkeley,359,329,30
supervisor,359,315,44
cruiseca,359,0,359
albert,359,105,254
youth,358,79,279
xxxx,358,70,288
vast,358,129,229
maillist,358,9,349
comp,358,284,74
argentina,358,201,157
libsmbclient,358,358,0
readm,357,347,10
anjam,357,357,0
zoo,357,336,21
analyt,357,314,43
hotlin,357,44,313
lambda,356,352,4
todd,356,335,21
palmer,356,350,6
jesu,356,69,287
constraint,356,328,28
partli,355,236,119
theme,355,258,97
shlibext,355,355,0
jpeach,355,355,0
amus,355,30,325
joboff,355,0,355
pink,355,52,303
hank,355,331,24
escapenumberdcnn,354,354,0
timelin,354,342,12
oversea,354,162,192
memberservic,354,354,0
angri,354,107,247
escapenumberfcnn,354,354,0
harvard,354,294,60
cant,354,96,258
dbuf,354,354,0
booklet,354,12,342
escapenumberfmemb,354,354,0
alic,354,42,312
disagre,354,287,67
ine,354,102,252
steadili,353,43,310
ccach,353,353,0
tiger,353,239,114
skype,353,315,38
synonym,353,42,311
restaur,353,192,161
marshal,353,318,35
aac,353,53,300
encount,352,255,97
distinguish,352,186,166
legitim,352,130,222
inflat,352,240,112
congression,352,320,32
astronaut,352,324,28
bbb,352,315,37
xanax,351,0,351
salt,351,180,171
templ,351,112,239
impos,351,255,96
mess,351,238,113
inspect,351,243,108
aio,350,347,3
mental,350,176,174
yap,350,2,348
ste,350,85,265
curiou,349,185,164
al,349,130,219
illinoi,349,296,53
tight,349,167,182
blind,349,153,196
img,349,72,277
ocean,348,188,160
phrase,348,227,121
we,348,345,3
dobb,348,316,32
thirti,348,68,280
identif,348,122,226
ecolog,348,330,18
charli,347,262,85
gear,346,210,136
tutori,346,271,75
accompani,346,256,90
dll,346,283,63
au,346,116,230
newsnight,346,331,15
vmware,346,252,94
romuald,346,346,0
entitl,345,220,125
disassoci,345,3,342
virus,345,234,111
tune,345,225,120
spool,345,310,35
anova,345,345,0
ate,344,93,251
netlogon,344,344,0
physician,344,57,287
champion,343,227,116
redmond,343,310,33
confess,343,84,259
megawatt,343,332,11
mack,343,295,48
detest,343,2,341
dia,343,31,312
ire,343,106,237
notebook,343,146,197
unpreced,343,286,57
sad,342,105,237
lescapenumb,342,227,115
dissemin,342,186,156
ethic,342,276,66
et,342,330,12
santa,342,206,136
escapenumberllu,342,342,0
accumul,342,115,227
provinc,342,117,225
bsd,341,325,16
meantim,341,306,35
donald,341,265,76
neighbor,341,162,179
lattic,341,330,11
bradford,340,268,72
girlfriend,340,65,275
ralli,340,307,33
calm,340,179,161
noon,339,247,92
micr,339,3,336
pubiish,339,0,339
nod,339,38,301
leverag,339,229,110
thru,339,293,46
diagnost,339,134,205
wkssvc,339,339,0
pddescapenumb,339,339,0
homeland,339,82,257
solari,338,319,19
attende,338,308,30
penisenlarg,338,0,338
wor,337,16,321
presto,337,320,17
reid,337,310,27
dad,337,139,198
japanes,337,262,75
jackson,337,287,50
rebecca,337,310,27
breach,337,168,169
lesli,337,314,23
btw,337,282,55
cambridg,337,297,40
tctx,337,337,0
remit,336,3,333
thorough,336,87,249
fsf,336,331,5
mate,336,65,271
pian,336,0,336
prosecutor,336,319,17
demo,336,238,98
hub,336,293,43
fort,336,221,115
cdyv,336,0,336
assault,336,102,234
rpccli,336,336,0
stabil,336,216,120
citigroup,335,331,4
stamp,335,112,223
gp,335,119,216
charlott,335,270,65
preview,335,251,84
drugmart,334,0,334
cowboyn,334,334,0
hampshir,334,281,53
ativann,334,0,334
shed,334,154,180
nan,334,265,69
lauri,334,192,142
aci,334,78,256
bee,334,124,210
clenbuterol,334,0,334
cialiss,334,0,334
payout,334,160,174
semi,333,203,130
hsc,333,332,1
patek,333,0,333
francesco,333,332,1
alli,333,187,146
borrow,333,216,117
tion,333,128,205
alberto,332,308,24
sim,332,225,107
useless,332,115,217
philadelphia,332,189,143
cisco,332,138,194
increasingli,332,262,70
tower,332,207,125
jersey,332,232,100
prnewswir,332,212,120
carrier,331,134,197
apt,331,282,49
calgari,331,295,36
quarterli,331,259,72
taught,331,89,242
leagu,331,259,72
admir,330,89,241
valiumm,330,0,330
han,330,134,196
that,330,63,267
wash,330,81,249
ej,330,330,0
meta,330,249,81
dash,330,270,60
converg,330,260,70
chose,330,136,194
xanaxxxxx,330,0,330
chronicl,330,305,25
spark,330,254,76
aescapenumberi,330,104,226
ambienn,330,0,330
acr,329,88,241
efavirenz,329,329,0
cow,329,104,225
escapenumberr,329,113,216
crave,329,33,296
ceas,329,113,216
covari,329,307,22
attitud,329,168,161
nd,329,17,312
collater,329,296,33
shouid,328,0,328
toll,328,199,129
bath,327,93,234
curso,327,1,326
bellevu,327,19,308
invoiv,327,0,327
legend,327,285,42
mailbox,327,179,148
nanci,327,289,38
glanc,326,70,256
lb,326,51,275
mwh,326,324,2
compress,326,240,86
megan,326,312,14
gadget,326,160,166
philip,326,153,173
accid,326,161,165
villag,325,118,207
methodolog,325,307,18
semant,325,308,17
sculptur,325,240,85
mill,325,244,81
massag,325,24,301
courag,325,84,241
ifndef,324,324,0
sappli,324,324,0
slackwar,324,317,7
angl,324,167,157
renegoti,324,313,11
upstream,324,318,6
wipo,324,323,1
youtub,324,294,30
wellhead,324,323,1
cfo,324,287,37
paus,324,68,256
worn,323,23,300
ford,323,264,59
kiss,323,54,269
margaret,323,265,58
workstat,323,258,65
vincent,323,292,31
gateway,323,120,203
excus,323,138,185
inspir,323,177,146
festiv,323,197,126
playtim,323,3,320
cotten,322,322,0
richardson,322,295,27
quest,322,106,216
pc,322,177,145
conting,322,179,143
tcl,322,281,41
redistribut,321,305,16
compiet,321,0,321
circuit,321,258,63
sobr,321,90,231
eo,321,10,311
cia,321,184,137
tripl,321,168,153
abroad,321,96,225
gorgeou,321,19,302
pride,321,50,271
loadparm,321,321,0
libad,320,320,0
pennsylvania,320,172,148
abstract,320,255,65
scare,320,153,167
alexand,320,155,165
spss,320,320,0
restat,319,313,6
coastal,319,272,47
fifth,319,255,64
advoc,319,254,65
radiat,319,75,244
ucsescapenumb,319,319,0
oniin,318,0,318
nf,318,307,11
orang,318,94,224
brenda,318,286,32
cruis,317,173,144
coat,317,88,229
startup,317,269,48
antonio,317,197,120
scalar,317,304,13
harriet,317,9,308
incorrect,317,291,26
mislead,316,129,187
datafram,316,316,0
heal,316,109,207
jacob,316,114,202
simplifi,316,243,73
ordin,315,216,99
enrich,315,146,169
sti,315,255,60
royalti,315,264,51
sig,315,304,11
arthur,315,266,49
epson,315,7,308
dysfunct,315,9,306
valium,314,0,314
tender,314,71,243
mock,314,50,264
religion,314,68,246
unsub,314,155,159
maureen,314,302,12
panerai,314,0,314
remitt,314,3,311
pine,314,146,168
bye,314,92,222
artifact,313,267,46
lump,313,53,260
downtown,313,294,19
slim,313,51,262
recess,313,147,166
testenv,313,313,0
calpin,313,313,0
barbara,313,281,32
dutch,312,255,57
resel,312,51,261
kno,312,8,304
readili,312,75,237
lam,312,295,17
taxi,312,32,280
extraordinari,312,182,130
plead,312,145,167
behaviour,311,238,73
dread,311,45,266
userescapenumb,311,311,0
opcod,311,304,7
bra,311,17,294
dig,311,180,131
egg,311,142,169
chopard,311,0,311
extr,311,1,310
speci,310,264,46
flame,310,101,209
rub,310,117,193
jurisdict,310,254,56
twist,310,107,203
ldflag,310,310,0
eff,310,87,223
libcli,310,310,0
orca,310,309,1
vital,310,144,166
chokshi,310,310,0
distro,310,299,11
realist,309,127,182
metadata,309,297,12
plg,309,7,302
lend,309,175,134
gonna,309,71,238
shutdown,309,286,23
cescapenumberstr,309,309,0
novarti,309,309,0
reliant,309,302,7
halt,309,228,81
oneok,309,309,0
worlwid,309,0,309
internationa,309,5,304
manpag,309,308,1
voter,309,275,34
xual,309,0,309
servant,308,18,290
oniy,308,0,308
clayton,308,224,84
spaceflight,308,308,0
chromat,308,290,18
png,308,233,75
boil,308,52,256
diversifi,308,84,224
efficaci,308,50,258
shook,308,15,293
paulo,308,294,14
highway,308,100,208
ipc,308,307,1
bulletin,308,69,239
clearanc,307,39,268
keystr,307,307,0
cfm,307,281,26
silicon,307,112,195
hewlett,307,91,216
smell,307,53,254
christma,307,173,134
micro,307,39,268
tid,307,303,4
justifi,306,228,78
accessori,306,24,282
distributor,306,81,225
journey,306,56,250
bgcolor,306,3,303
journalist,306,274,32
shld,305,304,1
dismiss,305,262,43
schwartz,305,286,19
oid,305,294,11
outbuf,305,305,0
fuer,305,41,264
slash,305,219,86
therapi,305,154,151
walter,305,234,71
errstr,305,305,0
stationeri,304,1,303
stdout,304,302,2
chunk,304,275,29
viewer,304,224,80
pie,304,165,139
pubiic,304,0,304
wto,304,303,1
collin,304,198,106
toshiba,304,62,242
injuri,304,191,113
runif,303,303,0
bureau,303,202,101
residenti,303,136,167
unsuccess,303,205,98
vancouv,303,53,250
credibl,303,225,78
randal,303,261,42
bikini,303,11,292
mailinglist,302,301,1
atom,302,176,126
disconnect,302,278,24
compli,302,201,101
hong,302,138,164
grass,302,128,174
nose,302,81,221
favour,302,105,197
amp,301,114,187
densiti,301,288,13
bcf,301,270,31
franck,301,0,301
peach,301,287,14
combat,301,195,106
shore,301,171,130
amd,301,261,40
sooner,301,127,174
ontario,301,183,118
clarif,300,269,31
israel,300,234,66
anna,300,250,50
approx,300,238,62
photograph,300,219,81
builder,300,100,200
sernet,300,300,0
accordingli,300,197,103
axe,300,251,49
dst,300,175,125
mojo,300,16,284
dass,299,67,232
lokay,299,299,0
outer,299,202,97
harold,299,275,24
mehr,299,32,267
weigh,298,234,64
vkamin,298,298,0
satcon,298,298,0
chevrontexaco,298,291,7
petit,298,219,79
piac,298,0,298
belden,298,298,0
nest,298,223,75
enrol,298,185,113
median,298,287,11
deepayan,298,298,0
retri,297,285,12
departur,297,239,58
potentia,297,1,296
nymex,297,294,3
captain,297,65,232
frankfurt,297,87,210
greek,296,175,121
symantec,296,12,284
deduct,296,195,101
sohn,296,17,279
robust,295,220,75
upenn,295,295,0
modem,295,146,149
infect,295,164,131
paliourg,295,0,295
album,295,145,150
petr,295,293,2
emerson,295,8,287
bert,295,283,12
dust,294,62,232
quietli,294,56,238
pose,294,208,86
escapenumberg,294,67,227
readlin,294,294,0
equat,294,243,51
hell,294,123,171
scam,294,52,242
temporarili,294,246,48
lane,294,148,146
unexpect,294,218,76
staci,294,80,214
nicol,294,274,20
snapshot,293,230,63
na,293,241,52
sean,293,258,35
gentoo,293,290,3
upward,293,52,241
disc,293,152,141
alcohol,293,84,209
stephani,293,273,20
matric,293,286,7
imbal,292,282,10
kong,292,105,187
passwd,292,291,1
cmdline,292,291,1
misc,292,287,5
mech,292,292,0
schrieb,292,291,1
kilogram,292,11,281
loot,292,259,33
psycho,292,5,287
massachusett,291,254,37
pac,291,282,9
actor,291,209,82
blackberri,291,269,22
waterloo,291,285,6
exempt,291,249,42
ntlm,291,291,0
vertic,290,174,116
palestinian,290,223,67
lone,290,103,187
economist,290,228,62
rio,290,199,91
fitch,290,280,10
thou,290,17,273
kristin,290,275,15
inbox,290,183,107
testescapenumb,290,290,0
boxplot,289,289,0
therein,289,27,262
convict,289,209,80
ce,289,202,87
cleanup,289,264,25
chvc,289,0,289
wow,288,121,167
palo,288,283,5
pledg,288,244,44
cotton,287,182,105
mighti,287,64,223
truck,287,177,110
darwin,287,260,27
tall,287,60,227
companion,287,43,244
nbc,287,131,156
dean,286,229,57
ljm,286,286,0
grp,286,231,55
telecommun,286,115,171
platinum,286,13,273
regim,286,182,104
agricultur,285,158,127
pug,285,273,12
devot,285,126,159
pioneer,285,133,152
kathi,285,255,30
shame,285,96,189
abhor,285,4,281
bindir,285,285,0
benefici,285,81,204
anchor,285,242,43
une,285,184,101
sooth,285,20,265
robertson,285,161,124
emai,284,3,281
cord,284,143,141
bold,284,133,151
pub,284,253,31
paula,284,275,9
stylish,284,12,272
proce,284,180,104
deem,284,139,145
gesellschaft,284,23,261
macintosh,283,14,269
auditor,283,161,122
ppa,283,281,2
knock,283,146,137
roughli,283,222,61
worthi,283,63,220
enchant,283,4,279
rsync,283,281,2
rewrit,283,163,120
ent,283,159,124
commentari,283,220,63
tighten,283,74,209
basebal,283,210,73
rip,282,170,112
stranger,282,139,143
bunch,282,214,68
rough,282,160,122
palm,282,147,135
asian,282,197,85
fbi,282,239,43
optic,282,133,149
pollut,281,199,82
projecthoneypot,281,1,280
ldapdir,281,281,0
fare,281,207,74
bia,281,74,207
heather,281,274,7
disturb,281,108,173
wholli,281,76,205
filesystem,281,257,24
comic,280,98,182
vou,280,47,233
screw,280,95,185
repay,280,247,33
whalley,280,279,1
versu,280,212,68
guarant,280,0,280
synth,280,280,0
hplc,279,279,0
gigabook,279,3,276
disast,279,189,90
yard,279,103,176
incid,279,175,104
prosper,279,46,233
newsescapenumb,279,269,10
stacey,279,261,18
correo,278,32,246
bash,278,238,40
grain,278,151,127
dmaster,278,278,0
thesauru,278,262,16
ueber,278,10,268
kaletra,278,278,0
satisfactionclick,278,0,278
porn,278,64,214
verg,278,24,254
libparrot,278,278,0
shanbhogu,278,278,0
russel,278,249,29
cor,278,206,72
desert,278,84,194
era,278,170,108
newer,278,230,48
contend,278,221,57
sync,278,251,27
maharashtra,278,276,2
basenam,278,278,0
subsystem,277,263,14
nationwid,277,134,143
craft,277,119,158
jet,277,177,100
qmail,277,23,254
abartlet,277,277,0
puzzl,277,133,144
perforc,277,270,7
heavili,276,212,64
thi,276,32,244
asprintf,276,276,0
geneva,276,230,46
clyne,276,276,0
objectclass,276,276,0
brazilian,275,257,18
accommod,275,212,63
violent,275,120,155
spe,275,20,255
northeast,275,191,84
shoulder,275,56,219
keionlin,275,275,0
evan,275,235,40
advers,275,176,99
intervent,275,256,19
fde,275,275,0
moral,274,141,133
lynch,274,232,42
beneath,274,69,205
spacewalk,274,274,0
formul,274,171,103
cum,274,38,236
wikipedia,274,246,28
vernooij,274,274,0
realloc,274,270,4
escapenumberlp,274,0,274
romp,274,4,270
graham,274,231,43
unto,274,32,242
foster,274,222,52
swat,274,267,7
reieas,273,0,273
discard,273,235,38
afghanistan,273,211,62
forgotten,273,93,180
stanley,273,250,23
hawk,273,82,191
destruct,273,108,165
basket,273,110,163
mitig,273,208,65
trap,273,112,161
inquir,273,168,105
shankman,272,272,0
ronniesahlberg,272,272,0
cynthia,272,248,24
grey,272,149,123
sescapenumberft,272,0,272
htdoc,272,272,0
anger,272,109,163
creatur,272,27,245
egm,272,271,1
ipvescapenumb,272,272,0
qualit,272,46,226
weapon,272,129,143
entr,271,138,133
subst,271,268,3
vaccin,271,246,25
telepathi,271,269,2
chamber,271,88,183
wolf,271,191,80
naturaslim,271,0,271
cart,271,68,203
hcrypto,271,271,0
enclos,271,211,60
beg,271,70,201
exhaust,270,133,137
prog,270,258,12
myspac,270,246,24
painter,270,27,243
cox,270,205,65
sacramento,270,258,12
kescapenumb,270,150,120
mitt,270,251,19
libdir,270,270,0
calif,270,208,62
oop,270,250,20
transmit,270,176,94
burden,270,202,68
quantit,270,256,14
dbi,270,267,3
carl,270,188,82
crabescapenumb,270,270,0
logger,269,263,6
compound,269,145,124
whisper,269,8,261
proport,269,213,56
undervalu,269,20,249
offshor,269,104,165
capitol,269,255,14
alik,269,82,187
switzerland,269,196,73
attn,269,30,239
cex,269,269,0
napster,268,265,3
factual,268,34,234
lmer,268,267,1
proyector,268,1,267
suse,268,249,19
reopen,268,251,17
frozen,268,133,135
indent,268,245,23
tiscali,268,5,263
biplot,268,268,0
afterward,268,127,141
enquiri,267,25,242
dwr,267,267,0
buri,267,89,178
sur,267,141,126
libbi,267,263,4
plc,267,121,146
enw,267,266,1
charm,267,84,183
oplock,267,267,0
boyfriend,267,54,213
idra,267,267,0
puc,267,264,3
chef,266,80,186
escapenumberftest,266,266,0
weath,266,263,3
neck,266,45,221
sweep,266,155,111
up,266,146,120
coef,266,266,0
diploma,266,19,247
valgrind,266,265,1
household,266,112,154
finest,266,31,235
lifetim,266,96,170
mkdir,266,261,5
vanish,266,82,184
neal,266,260,6
breast,266,118,148
ger,265,25,240
tenaska,265,265,0
montana,265,110,155
promin,265,166,99
hero,265,130,135
atlant,265,207,58
warrant,265,178,87
hollywood,265,213,52
consumpt,265,155,110
profess,265,63,202
inipars,265,265,0
activist,265,242,23
thr,265,29,236
impot,264,2,262
crucial,264,193,71
inner,264,142,122
unbeliev,264,37,227
michigan,264,177,87
proposit,264,55,209
wie,264,51,213
spite,264,58,206
arrow,264,203,61
worm,264,46,218
prix,264,253,11
tout,263,159,104
bread,263,37,226
fnum,263,263,0
politician,263,201,62
dpr,263,256,7
isol,263,147,116
decor,263,92,171
slapd,263,263,0
breakfast,263,142,121
homeown,263,29,234
ireland,263,155,108
nelson,262,233,29
mitchel,262,217,45
scream,262,75,187
dana,262,129,133
kirk,262,229,33
sharpli,262,140,122
recept,262,201,61
sail,262,69,193
swallow,262,35,227
milk,262,61,201
keen,262,113,149
accredit,261,23,238
suicid,261,223,38
cheat,261,80,181
webb,261,248,13
arial,261,28,233
empresa,261,26,235
wysk,261,0,261
innoc,261,87,174
aescapenumberpr,261,255,6
underground,261,50,211
brook,260,142,118
biostatist,260,259,1
bench,260,224,36
fate,260,145,115
refresh,260,185,75
ment,260,128,132
catalog,260,95,165
neighborhood,260,99,161
millennium,260,46,214
sacrific,260,52,208
absent,259,52,207
fifteen,259,33,226
hwescapenumb,259,255,4
eva,259,221,38
jackpot,259,9,250
colnam,259,259,0
occasion,259,176,83
censor,259,240,19
passport,259,80,179
harden,259,34,225
legaci,259,209,50
bachelor,258,46,212
jabber,258,162,96
wordoftheday,258,258,0
bullet,258,163,95
emir,258,16,242
webmast,258,152,106
costum,258,12,246
occup,258,67,191
priv,258,250,8
baker,258,161,97
offend,258,168,90
badli,258,149,109
pronunci,257,178,79
brush,257,49,208
recognit,257,151,106
spike,257,168,89
humbl,257,61,196
vgn,257,3,254
boom,257,123,134
lanc,257,222,35
horribl,257,96,161
bite,256,89,167
powder,256,35,221
idol,256,206,50
att,256,164,92
glm,256,255,1
sai,256,26,230
sweav,256,256,0
polish,256,89,167
rodriguez,256,237,19
pig,256,110,146
inconveni,256,122,134
bow,256,83,173
exploit,256,146,110
oju,255,0,255
reset,255,230,25
wet,255,62,193
clue,255,220,35
pl,255,195,60
australian,255,201,54
fludirect,255,255,0
unsubsrib,255,255,0
lex,255,244,11
forster,255,251,4
humidex,255,255,0
flaw,255,219,36
pollendirect,255,255,0
forma,255,98,157
wherea,255,177,78
hin,255,13,242
typedef,255,252,3
barrier,255,156,99
hydro,255,228,27
substanc,254,84,170
isp,254,133,121
ind,254,204,50
psycholog,254,179,75
viril,254,2,252
pleasant,254,69,185
sprintf,254,253,1
billi,254,149,105
plastic,254,128,126
darren,254,248,6
brlock,254,254,0
andmanyoth,254,0,254
architect,254,61,193
dimitri,253,234,19
multipart,253,179,74
ob,253,240,13
solo,253,42,211
wolfowitz,253,252,1
steadi,253,93,160
lawrenc,253,196,57
sind,253,70,183
uncl,253,30,223
nomad,253,4,249
summar,253,246,7
upset,252,124,128
elev,252,132,120
rustypromdress,252,0,252
sed,252,225,27
spin,252,154,98
pued,252,12,240
gratitud,252,12,240
deputi,252,216,36
ive,252,56,196
acid,252,45,207
eleg,252,141,111
nasti,252,126,126
easiest,251,90,161
escapenumberw,251,21,230
compos,251,166,85
builtin,251,227,24
doorstep,251,156,95
rien,251,20,231
allegheni,251,240,11
hyatt,251,247,4
belgium,251,197,54
wizard,251,96,155
tcase,251,251,0
knee,251,43,208
scarc,250,23,227
iwc,250,0,250
zealand,250,116,134
dialog,250,158,92
gamma,250,224,26
vinobl,250,0,250
ect,250,7,243
marvel,250,60,190
phil,250,233,17
notion,250,184,66
inclin,250,75,175
dispos,249,89,160
sigh,249,35,214
orig,249,248,1
hung,249,69,180
lockwait,249,249,0
dbh,249,248,1
debbi,249,209,40
enpow,249,249,0
parm,249,249,0
randomli,248,158,90
cater,248,47,201
presenceservic,248,248,0
cigarett,248,29,219
legislatur,248,240,8
patienc,248,129,119
getti,248,230,18
humor,248,66,182
swim,248,47,201
sbin,248,231,17
enlargeplu,248,0,248
canva,247,70,177
xlab,247,247,0
shipment,247,108,139
ere,247,80,167
ylab,247,247,0
ber,247,146,101
gore,247,238,9
escapenumberwin,247,0,247
pdx,247,247,0
forti,247,40,207
harsh,246,80,166
helper,246,217,29
ifels,246,246,0
emul,246,195,51
diplomat,246,96,150
sage,246,90,156
biotech,246,167,79
grdevic,246,246,0
hay,246,120,126
stuart,246,218,28
fiction,246,114,132
theta,246,226,20
sampass,246,246,0
persist,246,145,101
egypt,246,103,143
pa,246,139,107
shona,246,246,0
berlin,245,183,62
escapenumbero,245,14,231
sem,245,217,28
victor,245,211,34
slimmer,245,3,242
oregon,245,196,49
bruggemansolut,245,245,0
strcmp,245,245,0
customerservic,244,50,194
commission,244,213,31
fiscal,244,171,73
mpescapenumb,244,99,145
redund,244,122,122
redempt,244,28,216
discontinu,244,71,173
oliv,244,181,63
outsourc,244,172,72
perceiv,243,92,151
ural,243,25,218
saf,243,6,237
tex,243,224,19
midwest,243,220,23
corpul,243,0,243
ian,243,185,58
gambl,243,68,175
forgiv,243,86,157
tray,243,32,211
fastest,242,90,152
parliament,242,208,34
hammer,242,100,142
router,242,152,90
ess,242,131,111
overcom,242,144,98
admiss,242,110,132
xdgmime,242,242,0
reconfigur,242,237,5
samzenpu,242,242,0
grothendieck,242,242,0
purpl,242,24,218
prem,242,4,238
cygwin,242,238,4
proc,242,231,11
shield,241,176,65
revert,241,165,76
norma,241,182,59
spontan,241,8,233
glamor,241,9,232
threshold,241,183,58
fundrais,241,212,29
gulf,241,193,48
brave,241,52,189
simpler,241,218,23
pirat,241,182,59
deepli,240,135,105
twelv,240,61,179
pediatrician,240,3,237
mini,240,104,136
nail,240,76,164
bate,240,152,88
penetr,240,35,205
stm,240,203,37
roman,240,128,112
oklahoma,240,149,91
redhat,240,220,20
ult,240,8,232
counterfeit,240,96,144
harrel,240,239,1
infix,240,236,4
gender,239,184,55
unclear,239,230,9
tea,239,71,168
cjb,239,221,18
deliber,239,131,108
miliion,239,0,239
younger,239,73,166
lorikeet,239,239,0
zescapenumb,238,207,31
vnbl,238,0,238
adventur,238,59,179
telecom,238,115,123
wipe,238,94,144
prayer,238,93,145
buyout,238,226,12
contin,238,104,134
patrol,238,198,40
katherin,238,221,17
lectur,238,172,66
jill,238,135,103
shuffl,238,105,133
suffix,238,224,14
recap,238,233,5
mnei,238,3,235
prei,238,7,231
unlink,238,236,2
hurrican,238,208,30
libido,238,0,238
louisiana,238,152,86
traci,238,208,30
roi,238,191,47
willi,238,119,119
stroke,237,55,182
procur,237,147,90
vom,237,37,200
inexpens,237,37,200
cec,237,231,6
interpol,237,225,12
tent,237,156,81
spare,237,107,130
zum,237,50,187
stoneheng,237,231,6
pager,237,225,12
fertil,237,55,182
behav,236,164,72
hugh,236,182,54
goldman,236,209,27
haben,236,54,182
ping,236,171,65
squirrelmail,236,2,234
formerli,236,174,62
woe,236,209,27
expedit,236,132,104
fewer,236,184,52
diag,236,235,1
liz,236,222,14
sierra,236,86,150
goodby,236,77,159
norm,236,196,40
aquila,236,226,10
dik,235,7,228
devil,235,88,147
gaze,235,18,217
meaning,235,209,26
continent,235,191,44
unauthor,235,176,59
greta,235,220,15
mallow,235,0,235
nichola,235,196,39
toler,235,150,85
subpoena,235,227,8
nfl,235,173,62
reciev,235,39,196
wallet,234,31,203
stewart,234,209,25
suspens,234,103,131
stomach,234,27,207
tier,234,165,69
pinnacl,234,17,217
escapenumberview,234,0,234
elit,234,47,187
dawn,234,175,59
robin,234,186,48
colwel,234,234,0
ultra,234,62,172
contrari,234,129,105
didnt,233,32,201
escapenumberintuit,233,0,233
leap,233,98,135
bent,233,26,207
setgroup,233,233,0
productsmost,233,0,233
mirant,233,233,0
wage,233,168,65
tick,233,169,64
hail,233,168,65
thiev,233,201,32
seldon,233,1,232
pretend,233,78,155
doug,233,210,23
medica,233,6,227
caller,233,194,39
pri,233,63,170
onlinepharmaci,232,0,232
strongest,232,111,121
phi,232,213,19
hitch,232,43,189
loud,232,47,185
destructor,232,218,14
closur,232,192,40
invis,232,99,133
atmospher,232,104,128
armstrong,232,207,25
nytim,231,229,2
gavin,231,181,50
miilion,231,0,231
fmt,231,229,2
consensu,231,199,32
cartridg,231,35,196
cur,231,184,47
fade,231,55,176
ssh,231,217,14
dod,230,200,30
loader,230,221,9
mgr,230,39,191
ridg,230,89,141
hll,230,229,1
nbt,230,229,1
turkey,230,156,74
cop,229,182,47
anacreon,229,0,229
hist,229,212,17
ppin,229,0,229
ide,229,139,90
firefox,229,186,43
eme,229,14,215
banana,229,21,208
rfid,229,33,196
mcmahon,229,213,16
smallest,229,66,163
ward,229,180,49
causey,229,227,2
libmsrpc,228,228,0
chanel,228,5,223
ridicul,228,54,174
mpi,228,217,11
briefli,228,189,39
creek,228,171,57
deadli,228,158,70
threw,228,72,156
blanket,228,199,29
telnet,228,208,20
pile,228,51,177
ceil,228,84,144
imput,228,173,55
escapenumberh,227,26,201
ll,227,13,214
weissman,227,226,1
infus,227,196,31
newnam,227,227,0
espeak,227,227,0
jaeger,227,13,214
toxic,227,58,169
oracl,227,152,75
riaa,227,217,10
shanghai,226,82,144
alberta,226,100,126
mexican,226,127,99
iit,226,9,217
variant,226,145,81
glove,226,31,195
veteran,226,143,83
nba,226,197,29
prozac,226,5,221
immun,226,84,142
thomson,226,109,117
uniniti,226,226,0
timesheet,226,226,0
ylim,225,225,0
styescapenumb,225,225,0
metric,225,209,16
netflix,225,223,2
firewal,225,108,117
gtc,225,225,0
strptime,225,225,0
tale,225,112,113
robinson,225,199,26
russ,225,211,14
wayn,225,178,47
knife,225,42,183
asc,225,213,12
raven,225,9,216
srvid,224,224,0
ume,224,8,216
kst,224,2,222
silli,224,96,128
patti,224,203,21
diagnos,224,80,144
richter,224,206,18
freeli,224,106,118
greenhous,224,160,64
pubkey,224,224,0
reliev,224,90,134
mathew,224,198,26
whistl,224,15,209
angela,223,180,43
secondari,223,155,68
whale,223,184,39
absorb,223,89,134
cholesterol,223,21,202
thee,223,8,215
sehr,223,21,202
slam,223,159,64
swift,223,105,118
preciou,223,64,159
undu,223,23,200
hop,223,70,153
whitespac,223,222,1
tin,223,25,198
holtman,223,223,0
bobbi,223,144,79
lui,223,153,70
ross,223,193,30
lannou,223,223,0
toolbar,223,162,61
squeak,222,179,43
erectil,222,3,219
chm,222,199,23
gensec,222,222,0
ust,222,13,209
defeat,222,141,81
neutral,222,174,48
escapenumbernbsp,222,0,222
sanction,222,176,46
weaken,222,173,49
tommi,222,157,65
professionai,222,0,222
cpuc,222,222,0
singapor,222,175,47
cialescapenumb,221,0,221
messeng,221,131,90
beij,221,86,135
delainey,221,221,0
rod,221,94,127
oversight,221,216,5
sink,221,157,64
demokrito,221,0,221
neglect,221,93,128
perri,221,166,55
comb,221,72,149
baxter,221,209,12
playstat,221,29,192
pot,221,80,141
wynn,221,213,8
bitter,221,48,173
embrac,220,95,125
lynn,220,183,37
readabl,220,203,17
itec,220,0,220
cargo,220,95,125
gc,220,210,10
ame,220,87,133
mkt,220,203,17
uni,220,188,32
addresse,220,191,29
gdb,220,210,10
janina,220,220,0
trim,219,146,73
smbcli,219,219,0
redirect,219,144,75
theater,219,124,95
multipli,219,147,72
comedi,219,129,90
stipul,219,57,162
gaza,219,196,23
whip,219,37,182
liberti,219,124,95
gpf,219,217,2
texaco,219,206,13
righteous,219,0,219
jebel,219,0,219
schopp,218,218,0
ep,218,158,60
rumor,218,165,53
bronz,218,154,64
afp,218,75,143
crop,218,103,115
ethescapenumb,218,218,0
elabor,218,115,103
backward,218,149,69
mingwescapenumb,218,218,0
firework,218,34,184
testifi,217,194,23
ntlmssp,217,217,0
evolv,217,144,73
timepiec,217,2,215
reloc,217,168,49
ambiena,217,0,217
bypass,217,159,58
walker,217,187,30
unveil,217,172,45
deterior,217,160,57
carriag,217,24,193
xanaxa,217,0,217
chiun,217,0,217
rail,217,70,147
unbeat,217,1,216
simultan,217,158,59
cialisa,217,0,217
injur,217,146,71
complimentari,217,38,179
needl,217,92,125
trendi,217,9,208
valiuma,217,0,217
sullivan,217,163,54
workspac,216,192,24
championship,216,194,22
piper,216,202,14
distant,216,35,181
majordomo,216,41,175
revolut,216,79,137
intro,216,150,66
miami,216,144,72
peggi,216,187,29
cm,216,200,16
sandeep,216,213,3
kern,216,197,19
incomplet,216,175,41
scandal,216,179,37
prescrib,216,73,143
stefan,216,204,12
minu,216,190,26
earl,215,186,29
passeng,215,95,120
eim,215,202,13
protein,215,115,100
varadhan,215,215,0
ermx,215,0,215
disburs,215,26,189
mrha,215,215,0
to,215,90,125
recoverd,215,215,0
swell,215,110,105
steam,215,92,123
descriptor,215,194,21
sake,215,88,127
muslim,215,93,122
cincinnati,215,195,20
ihr,214,50,164
histogram,214,210,4
sto,214,28,186
tragedi,214,168,46
conform,214,107,107
dna,214,183,31
compris,214,101,113
enctyp,214,214,0
andr,214,170,44
arena,214,154,60
clive,214,7,207
fta,214,204,10
nervou,214,61,153
mmap,213,213,0
orbit,213,184,29
che,213,91,122
pelosi,213,176,37
gra,213,19,194
unwarr,213,8,205
enthusiast,213,95,118
drove,213,72,141
steff,213,213,0
dividend,213,120,93
shade,213,65,148
cheryl,213,196,17
nut,213,40,173
dalgaard,213,213,0
christin,213,187,26
putin,213,167,46
mcafe,212,5,207
dato,212,14,198
gam,212,204,8
acquaint,212,27,185
tamarchenko,212,212,0
tackl,212,169,43
masson,212,212,0
deficit,212,82,130
hazard,212,85,127
arab,212,83,129
mcconnel,212,201,11
emit,212,163,49
clever,212,82,130
characterist,212,143,69
sophist,212,161,51
spencer,212,195,17
incompat,212,203,9
merci,212,54,158
joel,212,192,20
parcel,211,48,163
seventh,211,74,137
meat,211,64,147
reportedli,211,201,10
vessel,211,68,143
een,211,104,107
eager,211,75,136
interfer,211,73,138
alot,211,52,159
asvp,211,0,211
gentlemen,211,66,145
no,211,41,170
ephedra,210,0,210
auch,210,67,143
idx,210,208,2
hast,210,53,157
grammar,210,178,32
suspici,210,89,121
scratch,210,112,98
xtrasiz,210,0,210
polli,210,1,209
vladimir,210,176,34
disord,210,73,137
vulner,210,165,45
logfil,210,210,0
bpa,209,208,1
justin,209,174,35
alec,209,58,151
tennesse,209,185,24
kennedi,209,159,50
etern,209,19,190
interior,209,100,109
rove,209,161,48
nach,209,59,150
elton,209,5,204
wird,209,33,176
vain,209,14,195
gro,209,100,109
alexandria,209,136,73
mandatori,209,162,47
utah,209,133,76
miracl,209,35,174
classifi,209,125,84
jenni,209,154,55
reed,208,171,37
floppi,208,124,84
jewel,208,45,163
rage,208,96,112
freed,208,136,72
soap,208,81,127
earliest,208,123,85
tyler,208,186,22
fprintf,208,208,0
pursuit,208,83,125
artifici,208,112,96
rocki,208,173,35
affiiiat,208,0,208
shrink,208,125,83
testsuit,208,208,0
cough,208,22,186
fiber,208,113,95
brl,208,207,1
gco,207,205,2
nobl,207,39,168
of,207,204,3
tactic,207,142,65
openldap,207,207,0
vanguard,207,9,198
duran,207,203,4
jit,207,188,19
ore,207,66,141
ich,207,50,157
troy,207,184,23
anniversari,207,151,56
expenditur,207,120,87
emac,207,198,9
mejor,207,10,197
delimit,207,190,17
saav,207,0,207
sempra,207,207,0
azurix,207,207,0
dowjon,206,206,0
noch,206,34,172
glori,206,32,174
monkey,206,109,97
cheapflight,206,206,0
squeez,206,72,134
aescapenumbera,206,7,199
straightforward,206,178,28
fernley,206,206,0
buzz,206,62,144
chen,206,150,56
territori,205,125,80
pardon,205,100,105
episod,205,105,100
disgust,205,42,163
bonus,205,83,122
rat,205,37,168
bowl,205,115,90
heap,205,56,149
piraci,205,179,26
tickler,205,0,205
fantasi,205,132,73
deprec,205,197,8
bat,205,114,91
acc,205,121,84
quota,205,135,70
manifest,205,171,34
birgit,205,198,7
maii,205,0,205
aunt,204,11,193
mason,204,173,31
islam,204,122,82
centeri,204,203,1
patricia,204,188,16
wont,204,39,165
religi,204,103,101
roy,204,142,62
ubsw,204,204,0
endur,204,79,125
surv,204,201,3
indiana,204,107,97
withstand,204,23,181
fhm,204,0,204
isa,204,171,33
portal,204,99,105
coin,204,122,82
an,203,170,33
pagemak,203,2,201
phentermin,203,0,203
eagl,203,94,109
creator,203,100,103
merit,203,146,57
keenan,203,193,10
bootstrap,203,173,30
lesser,203,178,25
collector,203,149,54
cumul,203,173,30
zipcod,203,194,9
denn,203,184,19
buthelezi,203,3,200
promo,203,16,187
cursor,203,153,50
escapenumberpt,203,1,202
peru,202,183,19
reimburs,202,154,48
crush,202,57,145
parker,202,172,30
irvin,202,105,97
repeatedli,202,134,68
ceremoni,202,120,82
liblicens,202,202,0
whoever,202,122,80
lag,202,174,28
insan,202,57,145
dumper,202,201,1
orlando,202,106,96
exeext,201,201,0
restrain,201,36,165
utmost,201,11,190
vaio,201,33,168
walton,201,184,17
payrol,201,153,48
stun,201,119,82
brokerag,201,101,100
fran,201,172,29
cochran,201,172,29
franklin,201,99,102
stir,201,68,133
throat,200,18,182
pef,200,198,2
drift,200,75,125
radioshack,200,200,0
thinner,200,23,177
epm,200,193,7
brick,200,54,146
ddescapenumb,200,187,13
donor,200,159,41
lodg,200,65,135
weston,200,19,181
aov,200,199,1
shortag,200,170,30
sandcar,200,0,200
dimension,200,171,29
horn,200,84,116
tha,200,81,119
municip,199,155,44
strive,199,32,167
wallac,199,168,31
handheld,199,159,40
retent,199,167,32
widespread,199,141,58
escapenumbermb,199,175,24
scanner,199,51,148
comm,199,149,50
qui,199,93,106
henderson,199,117,82
prlce,199,0,199
pobj,199,199,0
danni,199,165,34
ranch,199,174,25
variat,199,155,44
insurg,198,83,115
airfar,198,140,58
wurd,198,36,162
webhelp,198,198,0
thiru,198,198,0
internship,198,196,2
natura,198,6,192
investorplac,198,0,198
cho,198,179,19
hassl,197,50,147
cnt,197,195,2
spnego,197,197,0
monopoli,197,165,32
encyclopedia,197,11,186
arnold,197,170,27
laser,197,48,149
hormon,197,49,148
mileston,197,113,84
amelia,197,53,144
desd,197,35,162
shiip,197,0,197
symptom,197,77,120
gentl,197,44,153
amsterdam,197,63,134
altogeth,197,96,101
kbuf,197,197,0
caiso,197,197,0
prev,196,180,16
krishnarao,196,196,0
chan,196,171,25
marketwir,196,0,196
sigil,196,194,2
dragon,196,21,175
costo,196,2,194
unavail,196,172,24
weird,196,156,40
citibank,196,85,111
herod,196,192,4
gfdl,196,196,0
confront,196,129,67
cake,196,39,157
awk,196,194,2
cousin,195,49,146
pearl,195,59,136
intranet,195,152,43
pathway,195,17,178
cleaner,195,129,66
additiona,195,1,194
mclaren,195,193,2
toner,195,9,186
postcard,195,7,188
assort,195,22,173
sav,195,32,163
wir,195,50,145
thumb,195,75,120
asvpcurr,195,0,195
verizon,195,112,83
sqrt,195,195,0
madison,195,146,49
baron,195,106,89
remaind,195,168,27
lyon,194,51,143
gmbh,194,106,88
fragment,194,108,86
simpson,194,160,34
guardian,194,120,74
rhythm,194,21,173
qaeda,194,192,2
strerror,194,194,0
vor,194,47,147
drain,194,51,143
arescapenumb,194,188,6
cmp,193,187,6
vault,193,76,117
ruin,193,85,108
jess,193,155,38
in,193,120,73
proudli,193,25,168
ttsynth,193,193,0
profii,193,0,193
installperm,193,193,0
fixm,193,193,0
co,193,154,39
slope,193,76,117
cam,193,65,128
manchest,193,175,18
emphas,192,138,54
adf,192,2,190
priest,192,55,137
cautiou,192,83,109
rpcclient,192,192,0
raid,192,171,21
forbid,192,89,103
ont,192,89,103
evolut,192,112,80
hike,192,172,20
waha,192,192,0
alien,192,138,54
guenther,191,185,6
astound,191,16,175
ration,191,127,64
tina,191,156,35
koch,191,179,12
anni,191,60,131
safeguard,191,114,77
exam,191,131,60
gang,191,122,69
monetari,191,141,50
se,191,84,107
pca,191,189,2
lazi,191,136,55
netbiosnam,191,191,0
condemn,191,83,108
dhanoa,191,0,191
deb,191,185,6
beer,191,89,102
aiso,191,0,191
samdb,191,191,0
albrecht,191,178,13
pkt,191,191,0
sein,191,56,135
substr,190,186,4
pfizer,190,89,101
franci,190,127,63
shout,190,49,141
smash,190,59,131
fossil,190,123,67
bellebold,190,0,190
chocol,190,73,117
clikrbescapenumb,190,190,0
memset,190,190,0
sensat,190,30,160
kay,190,165,25
streamlin,190,82,108
spoil,190,31,159
tarrytown,190,0,190
mixtur,190,60,130
flush,190,122,68
bubbl,190,108,82
pencil,189,24,165
frighten,189,23,166
conjunct,189,106,83
knot,189,68,121
ast,189,59,130
junior,189,90,99
eei,189,187,2
affirm,189,97,92
bennett,189,170,19
hplo,189,189,0
petdanc,189,189,0
tornado,189,153,36
schneider,189,179,10
cst,189,174,15
percept,189,119,70
xga,189,0,189
umbrella,189,45,144
optimist,189,133,56
informaci,189,22,167
blaze,189,89,100
bust,189,123,66
marathon,189,181,8
corinna,189,188,1
franchis,189,88,101
audrey,189,164,25
leaf,189,59,130
aic,189,184,5
isra,188,145,43
fstring,188,188,0
akti,188,5,183
ciick,188,0,188
wherev,188,57,131
blade,188,51,137
cliff,188,110,78
reev,188,170,18
xlim,188,188,0
coo,188,138,50
multimedia,188,57,131
potato,188,60,128
milit,188,160,28
avg,188,144,44
intescapenumb,188,185,3
dailyemail,188,188,0
eel,188,174,14
rome,187,132,55
gym,187,19,168
thrown,187,75,112
programa,187,15,172
chi,187,145,42
nyc,187,156,31
buyback,187,186,1
tescapenumberb,187,11,176
custodi,187,100,87
samuel,187,106,81
riski,187,104,83
predictor,187,180,7
ercot,187,187,0
pakistan,187,123,64
sourceforg,187,171,16
snap,187,82,105
passag,186,92,94
delhi,186,150,36
emperor,186,26,160
nutrit,186,27,159
powerpoint,186,106,80
daylight,186,138,48
microcap,186,0,186
recycl,186,134,52
feasibl,186,141,45
avcoop,186,180,6
tadalafil,186,0,186
sheep,186,21,165
react,186,115,71
skeptic,186,123,63
similarli,186,165,21
specui,186,0,186
slr,186,2,184
unequal,186,2,184
pcap,186,181,5
trash,186,66,120
washingtonpost,186,182,4
espa,186,61,125
aspir,186,111,75
headescapenumb,186,186,0
dominion,185,100,85
unternehmen,185,11,174
mph,185,148,37
pdata,185,185,0
wisconsin,185,130,55
monster,185,51,134
outrag,185,123,62
pole,185,95,90
eof,185,183,2
bucket,185,80,105
juri,185,155,30
swig,185,175,10
bang,185,75,110
furnish,185,39,146
apc,185,5,180
monica,185,119,66
abb,185,109,76
wondercum,184,1,183
importantli,184,123,61
procid,184,184,0
mead,184,173,11
delic,184,59,125
nationa,184,2,182
codi,184,171,13
elsif,184,184,0
bi,184,65,119
usatoday,184,51,133
ose,184,50,134
colon,184,122,62
chomp,184,174,10
interim,184,164,20
statistician,184,179,5
binomi,184,174,10
nero,184,5,179
hunk,184,175,9
rabbit,184,26,158
silvia,184,43,141
darrel,184,163,21
lat,184,168,16
cling,184,16,168
broader,184,163,21
geograph,184,113,71
arbitrari,184,156,28
srvstr,184,184,0
votr,184,10,174
warehous,184,75,109
counterpart,183,112,71
cristo,183,15,168
lorrain,183,173,10
trivial,183,172,11
merchandis,183,71,112
nonsens,183,22,161
ostg,183,183,0
nodemap,183,183,0
coalit,183,150,33
mensaj,183,33,150
timothi,183,169,14
xorg,183,178,5
payabl,183,149,34
caffein,183,13,170
tenni,183,87,96
hr,183,52,131
kane,183,153,30
oasi,183,156,27
elaps,183,163,20
hopkin,183,170,13
cabinet,183,140,43
hama,183,163,20
cialisescapenumb,183,0,183
rap,182,140,42
sessionid,182,182,0
tube,182,141,41
ter,182,69,113
philosophi,182,96,86
stout,182,4,178
pope,182,90,92
infinit,182,92,90
cage,182,157,25
eastran,182,182,0
analog,182,112,70
ronald,182,138,44
hardon,182,0,182
manuel,182,142,40
ethanol,182,145,37
fortran,182,169,13
slave,182,83,99
rosi,181,147,34
lecoultr,181,0,181
megas,181,0,181
shelf,181,50,131
occupi,181,87,94
persuad,181,108,73
eve,181,68,113
dock,181,126,55
vwv,181,181,0
acer,181,30,151
dth,181,179,2
megadlk,181,0,181
abat,181,19,162
iferc,181,181,0
herebi,181,128,53
workaround,181,172,9
lincoln,181,95,86
yell,180,90,90
msk,180,1,179
congest,180,132,48
entremetrix,180,0,180
piddir,180,180,0
pierc,180,112,68
doll,180,15,165
nevertheless,180,117,63
dsdb,180,180,0
boolean,180,159,21
offens,180,121,59
betray,180,31,149
burbon,180,0,180
barplot,180,180,0
olymp,180,134,46
fame,180,109,71
wade,180,151,29
hplno,180,180,0
zombi,180,157,23
gentleman,180,49,131
firstcal,180,107,73
mou,180,160,20
biostat,180,180,0
sigma,179,161,18
vigor,179,37,142
fabric,179,47,132
korean,179,133,46
clay,179,137,42
rig,179,69,110
usabl,179,145,34
iomega,179,6,173
maya,179,37,142
lnk,179,160,19
sander,179,134,45
caribbean,179,101,78
cherri,179,93,86
pstring,179,178,1
benjamin,179,137,42
oder,179,64,115
reboot,179,135,44
endeavor,179,55,124
heir,179,92,87
truste,179,115,64
subclass,179,174,5
organiz,179,158,21
scroll,178,100,78
truescapenumb,178,178,0
foolish,178,14,164
memcpi,178,178,0
hess,178,165,13
viewson,178,0,178
afx,178,176,2
aopen,178,0,178
amongst,178,38,140
upsid,178,105,73
porter,178,82,96
vagu,178,123,55
stale,178,13,165
rebuild,178,152,26
pythonescapenumb,178,178,0
ala,177,75,102
wescapenumb,177,93,84
fisher,177,147,30
wander,177,29,148
pch,177,174,3
gasolin,177,147,30
horror,177,33,144
refil,177,19,158
unwant,177,59,118
grati,177,28,149
basedn,177,177,0
bestsel,177,9,168
oro,177,29,148
rubber,177,39,138
pixel,177,111,66
smbdotconf,177,177,0
ack,177,144,33
hasta,177,30,147
nuestra,177,10,167
carolin,176,78,98
ldshflag,176,176,0
envelop,176,44,132
readytravel,176,0,176
charter,176,137,39
reagan,176,151,25
randi,176,152,24
immens,176,43,133
milnthorp,176,176,0
splendid,176,5,171
cartescapenumber,176,0,176
chemist,176,1,175
oak,176,78,98
vescapenumberagra,176,0,176
lmeescapenumb,176,176,0
likewis,176,114,62
satisfactori,176,97,79
retract,176,160,16
toe,176,33,143
expr,176,160,16
pearson,176,169,7
lusia,176,0,176
rtool,175,175,0
basketbal,175,128,47
widget,175,156,19
interchang,175,163,12
hybrid,175,133,42
pierr,175,139,36
cope,175,127,48
segfault,175,175,0
interst,175,160,15
hodg,175,160,15
relay,175,93,82
lea,175,74,101
jefferson,175,154,21
recurs,175,170,5
unicod,175,162,13
kean,175,174,1
werden,175,40,135
sherriff,175,175,0
brec,175,0,175
boca,175,16,159
glide,175,12,163
unc,175,161,14
overse,175,148,27
weiwei,175,175,0
grip,175,39,136
webpag,174,113,61
gilbert,174,133,41
tumbl,174,116,58
bfg,174,173,1
clash,174,132,42
toda,174,40,134
brett,174,154,20
durat,174,131,43
fro,174,38,136
honour,174,59,115
stair,174,19,155
survivor,174,154,20
cabotwealth,174,174,0
pension,174,147,27
trillion,174,74,100
holm,174,150,24
shane,174,157,17
mob,174,119,55
targu,174,0,174
palac,174,44,130
audemar,174,0,174
piguet,174,0,174
crec,174,173,1
gentli,174,17,157
cara,174,144,30
imperi,174,80,94
saint,174,65,109
idder,174,174,0
verisign,173,13,160
burton,173,149,24
dorothi,173,57,116
hungri,173,39,134
intellinet,173,0,173
shortcut,173,118,55
catherin,173,87,86
refuge,173,94,79
chees,173,45,128
civilian,173,87,86
shmuel,173,169,4
hea,173,145,28
fond,173,36,137
knightley,173,1,172
authoris,173,155,18
hacker,173,120,53
millionair,173,37,136
endless,173,21,152
leppard,172,172,0
horizon,172,104,68
curri,172,152,20
underway,172,96,76
uae,172,5,167
merril,172,153,19
ash,172,67,105
constrain,172,145,27
slight,172,111,61
nerv,172,29,143
wendi,172,71,101
concert,172,113,59
gregnescapenumb,172,172,0
inevit,172,90,82
fin,172,91,81
reviv,172,149,23
spiritu,172,32,140
seu,171,19,152
dupont,171,142,29
wildfir,171,152,19
exampi,171,0,171
herald,171,149,22
ae,171,157,14
einem,171,55,116
leon,171,77,94
ecard,171,0,171
rnd,171,13,158
clair,171,145,26
impuls,171,13,158
kent,171,142,29
sherlyn,171,171,0
hypothesi,171,165,6
sensibl,171,100,71
reilli,171,160,11
linkto,171,171,0
rental,171,104,67
dissolv,170,32,138
drm,170,149,21
spywar,170,54,116
earthlink,170,83,87
revel,170,116,54
notch,170,154,16
actress,170,121,49
sheri,170,161,9
trelli,170,165,5
chest,170,41,129
intersect,170,140,30
luce,170,162,8
aescapenumberth,170,14,156
jami,170,93,77
blond,170,24,146
ghost,170,41,129
persona,170,45,125
spiela,169,157,12
weoffer,169,0,169
bernard,169,118,51
sudo,169,168,1
censorship,169,160,9
miser,169,10,159
divin,169,16,153
butter,169,38,131
actua,169,1,168
sentiment,169,103,66
calc,169,163,6
gamecent,169,169,0
lha,169,167,2
charley,169,5,164
prosecut,169,107,62
yourpeni,169,0,169
brake,169,42,127
favourit,169,58,111
casa,169,66,103
jetzt,169,16,153
compliant,169,93,76
trustworthi,169,10,159
gaal,169,6,163
mist,169,13,156
enlargementpil,169,0,169
forpenisenlarg,169,0,169
chr,169,166,3
harderect,169,0,169
rand,169,110,59
gina,169,70,99
selfish,169,15,154
mogi,168,0,168
notabl,168,109,59
capsul,168,36,132
exxon,168,160,8
timer,168,138,30
dataescapenumb,168,158,10
rhel,168,166,2
xmp,168,168,0
irrit,168,34,134
cherish,168,11,157
poster,168,119,49
scrutini,168,146,22
drama,168,90,78
sha,168,61,107
bla,168,163,5
anxiou,168,39,129
spamassassin,168,63,105
muy,168,22,146
obsolet,168,92,76
dcescapenumb,168,156,12
concret,167,107,60
har,167,103,64
bowen,167,152,15
saudi,167,137,30
homepag,167,86,81
leather,167,18,149
liabl,167,90,77
unser,167,21,146
maryland,167,118,49
hansen,167,143,24
midday,167,41,126
reactor,167,106,61
legalrxmed,167,0,167
cond,167,160,7
midnight,167,53,114
zimbabw,167,21,146
olson,167,155,12
sandi,167,131,36
clem,166,166,0
therebi,166,93,73
gunman,166,161,5
rikki,166,0,166
corei,166,0,166
decent,166,105,61
compliment,166,26,140
mercuri,166,132,34
reorgan,166,158,8
landscap,166,83,83
magnifi,166,39,127
scsi,166,70,96
tess,166,160,6
theoret,166,139,27
otro,166,62,104
delici,166,25,141
coloni,166,103,63
barney,166,146,20
plaintiff,166,144,22
esteem,166,20,146
virtu,166,27,139
ini,165,150,15
bel,165,20,145
turner,165,148,17
decod,165,135,30
pccmethod,165,165,0
bounti,165,23,142
hmm,165,155,10
radic,165,97,68
drown,165,37,128
aerofoam,165,0,165
krishna,165,162,3
undertak,165,88,77
typo,165,154,11
currentiy,165,0,165
lin,165,133,32
speechd,165,165,0
anymailonlin,165,0,165
robo,164,144,20
consortium,164,124,40
veget,164,67,97
sweepstak,164,27,137
tension,164,97,67
ptolemi,164,0,164
warburg,164,164,0
urgenc,164,86,78
flu,164,128,36
haedick,164,164,0
aber,164,37,127
escapenumberff,164,49,115
suck,164,73,91
contractu,164,121,43
dougla,164,137,27
transescapenumb,164,164,0
wax,164,25,139
disrupt,164,123,41
stitch,164,16,148
spieherti,164,161,3
wrist,164,19,145
bennet,164,1,163
obscur,164,96,68
rescapenumberlex,164,0,164
marcu,164,121,43
realis,164,117,47
pow,164,126,38
wsj,164,161,3
frontier,163,96,67
dive,163,58,105
viciou,163,30,133
throughput,163,120,43
timet,163,137,26
tuck,163,22,141
tescapenumberg,163,0,163
recreat,163,92,71
karl,163,119,44
quark,163,12,151
thermal,163,128,35
clariti,163,101,62
woodhous,163,1,162
dietrich,163,150,13
debut,163,126,37
envvar,163,163,0
harmoni,163,23,140
luca,163,111,52
ngo,163,152,11
bitwis,163,153,10
winston,162,78,84
amateur,162,62,100
ambien,162,1,161
chevron,162,133,29
vanderbilt,162,155,7
banner,162,63,99
lion,162,54,108
nowher,162,91,71
stark,162,78,84
taxat,162,18,144
collar,162,51,111
shopper,162,22,140
webmail,162,30,132
diskret,162,0,162
poverti,162,101,61
wal,162,99,63
myth,162,130,32
uma,162,35,127
annex,162,132,30
benin,162,81,81
sistema,162,8,154
implicit,162,154,8
lan,162,76,86
cdrw,162,0,162
advocaci,162,148,14
monument,162,110,52
ypil,162,0,162
neat,162,63,99
nazi,161,145,16
alsa,161,156,5
netbio,161,161,0
intim,161,41,120
shapiro,161,151,10
geographi,161,94,67
accident,161,102,59
escapenumbern,161,28,133
nl,161,159,2
pda,161,75,86
copyleft,161,156,5
ambigu,161,131,30
glenn,161,125,36
ferrari,161,145,16
ralph,161,114,47
aboard,161,132,29
kuleuven,161,161,0
pan,161,111,50
comma,161,144,17
basil,161,9,152
reqid,161,161,0
mcdonald,161,134,27
onl,161,65,96
sacrif,161,16,145
zack,161,158,3
promptli,161,63,98
sensor,161,76,85
producto,161,6,155
arescapenumber,161,0,161
inlin,161,122,39
lutt,161,161,0
charlen,161,156,5
oust,160,146,14
gordon,160,139,21
glow,160,20,140
uncov,160,106,54
elliott,160,140,20
diminish,160,108,52
completo,160,3,157
loo,160,6,154
crore,160,160,0
outlet,160,88,72
dictat,160,69,91
cole,160,98,62
ronn,160,92,68
doran,160,151,9
vest,160,83,77
connecticut,160,134,26
sov,160,0,160
installcmd,160,160,0
beam,160,38,122
stern,159,119,40
fragrant,159,3,156
lebanon,159,138,21
fenc,159,102,57
asham,159,15,144
memdup,159,159,0
ite,159,19,140
recibir,159,5,154
classif,159,138,21
valor,159,82,77
irish,159,79,80
erhaelt,159,5,154
nearbi,159,107,52
butterfli,159,12,147
samu,159,150,9
voluntari,159,122,37
galaxi,159,28,131
readyget,159,0,159
utexa,159,159,0
confisc,159,31,128
sonameflag,159,159,0
mesur,159,150,9
hannah,158,90,68
permset,158,158,0
enc,158,142,16
fii,158,0,158
democraci,158,127,31
plaza,158,93,65
petroieum,158,0,158
discrimin,158,131,27
awak,158,48,110
prevail,158,112,46
datastor,158,158,0
nuevo,158,20,138
juic,158,60,98
hari,158,77,81
nomem,158,158,0
idescapenumb,158,155,3
redeliveri,158,158,0
lalli,158,158,0
detroit,158,117,41
informationen,158,12,146
hier,158,16,142
feng,158,49,109
intermedi,158,147,11
dislik,157,61,96
acton,157,143,14
litvinenko,157,18,139
recur,157,49,108
insuffici,157,121,36
prod,157,131,26
tunabl,157,157,0
pete,157,118,39
aaa,157,120,37
enumer,157,133,24
evok,157,20,137
twin,157,89,68
enrj,157,157,0
vocalscap,157,0,157
embassi,157,67,90
navi,157,75,82
hostnam,157,151,6
genet,157,113,44
fierc,157,53,104
tenet,157,148,9
mesh,157,129,28
reproduct,157,68,89
codingstd,157,157,0
perlman,157,157,0
silk,157,7,150
devour,157,3,154
jessica,157,121,36
forthcom,157,85,72
disciplin,157,87,70
placement,157,84,73
boast,157,49,108
heck,157,64,93
crunch,157,131,26
byhour,156,156,0
kei,156,155,1
brilliant,156,76,80
staf,156,126,30
dyson,156,152,4
lester,156,127,29
prestig,156,24,132
tooltip,156,151,5
reluct,156,105,51
ustr,156,156,0
revamp,156,34,122
rgb,156,151,5
scotland,156,84,72
nigerian,156,26,130
greedili,156,3,153
ipr,156,156,0
postfix,156,96,60
solmonson,156,156,0
parson,156,131,25
licensor,156,144,12
ssize,156,156,0
bookcross,156,156,0
vicodin,156,2,154
rh,156,156,0
hoid,156,0,156
amdescapenumb,156,149,7
ppp,155,118,37
villarr,155,151,4
dreamwav,155,0,155
mailwisconsin,155,0,155
wickham,155,122,33
trailer,155,70,85
glover,155,147,8
superti,155,155,0
sperm,155,18,137
herm,155,8,147
hector,155,144,11
oren,155,155,0
rem,155,20,135
huang,155,145,10
ebl,155,150,5
srea,155,4,151
dsl,155,29,126
cosmet,155,42,113
tappli,155,155,0
rketer,155,155,0
meth,155,147,8
whatsnew,155,151,4
ablin,155,155,0
zonedubai,155,0,155
cathol,155,126,29
emb,155,129,26
firma,155,15,140
carson,155,131,24
southeast,155,124,31
mil,155,103,52
cooki,155,50,105
vow,155,123,32
bracket,155,134,21
nuke,155,79,76
fescapenumbern,155,15,140
utter,155,43,112
nok,155,151,4
parkway,155,46,109
spici,155,3,152
deeper,154,95,59
flip,154,93,61
candl,154,19,135
overwhelm,154,88,66
i,154,109,45
curtain,154,22,132
johann,154,129,25
steer,154,88,66
irc,154,144,10
falkag,154,154,0
paperwork,154,48,106
vers,154,35,119
incept,154,77,77
pieza,154,136,18
bacula,154,153,1
wealthi,154,62,92
aeor,154,0,154
firefight,154,131,23
roland,154,127,27
exclaim,154,6,148
raton,154,15,139
consecut,154,117,37
pinnamaneni,154,154,0
bridgelin,154,154,0
exot,154,110,44
fue,154,77,77
gradient,154,143,11
off,154,118,36
costli,154,103,51
pediatr,154,27,127
campbel,154,103,51
rubi,154,110,44
nttime,153,153,0
ip,153,127,26
secondli,153,101,52
tan,153,52,101
travlock,153,153,0
svc,153,141,12
oss,153,109,44
reiter,153,137,16
birthday,153,91,62
cathi,153,90,63
helen,153,89,64
beliz,153,6,147
knight,153,100,53
ngroup,153,153,0
startl,153,41,112
barclay,153,90,63
guru,153,108,45
xtreme,153,1,152
erin,153,138,15
viabl,153,94,59
postscript,153,130,23
ashley,153,121,32
jacobi,153,148,5
kyle,153,140,13
categor,153,115,38
modal,153,31,122
javascript,152,113,39
unistrescapenumb,152,152,0
complementari,152,62,90
rpart,152,152,0
nowaday,152,28,124
oppon,152,113,39
chicken,152,74,78
escapenumberfldb,152,152,0
missil,152,135,17
unpack,152,125,27
nashvil,152,126,26
tysdomain,152,152,0
gut,152,88,64
ballet,152,14,138
what,152,26,126
nguyen,152,140,12
lendeck,152,152,0
langley,152,3,149
htmland,152,151,1
ther,152,80,72
nich,152,28,124
madrid,152,54,98
glib,152,144,8
msf,152,149,3
rebat,152,61,91
tweak,152,114,38
harvey,152,98,54
kidescapenumb,152,152,0
costa,151,61,90
tile,151,116,35
creativecommon,151,151,0
eta,151,130,21
xanaax,151,0,151
furnitur,151,84,67
lipitor,151,6,145
brasil,151,116,35
ifac,151,151,0
antitrust,151,141,10
verbal,151,109,42
eddi,151,100,51
sharehoid,151,0,151
nuestro,151,12,139
brace,151,127,24
reload,151,139,12
waiv,151,135,16
martha,151,110,41
nineti,151,9,142
refactor,151,150,1
itun,151,113,38
ggplotescapenumb,151,151,0
wright,151,115,36
shorter,151,115,36
erstellt,150,5,145
newsgroup,150,116,34
reinforc,150,95,55
rebel,150,33,117
seqnum,150,150,0
nur,150,43,107
greec,150,92,58
sorrow,150,17,133
stride,150,36,114
alvncurr,150,0,150
bankrupt,150,101,49
zhiyong,150,150,0
crow,150,72,78
freshli,150,15,135
terrif,150,44,106
cactu,150,5,145
soil,150,80,70
baltimor,150,118,32
entex,150,150,0
reggi,150,26,124
lust,149,6,143
fitzpatrick,149,142,7
princess,149,82,67
thereof,149,80,69
colombia,149,122,27
lotu,149,128,21
suzann,149,135,14
distress,149,81,68
restitut,149,142,7
ctype,149,149,0
alonso,149,149,0
drench,149,5,144
parametr,149,147,2
theresa,149,138,11
leo,149,102,47
uwe,149,145,4
garbag,149,105,44
outdoor,149,40,109
invers,149,108,41
oxygen,149,75,74
slate,149,121,28
casinno,149,0,149
diana,149,123,26
allegedli,149,134,15
confiict,149,0,149
sevil,149,144,5
ass,149,56,93
heidi,149,142,7
awhil,149,30,119
grml,149,149,0
workgroup,148,127,21
biank,148,0,148
garp,148,148,0
atleast,148,12,136
blib,148,148,0
ventura,148,111,37
inconsist,148,136,12
bait,148,21,127
pentagon,148,125,23
cream,148,57,91
hydrogen,148,87,61
attain,148,34,114
uniform,148,83,65
myer,148,133,15
tarbal,148,143,5
prematur,148,50,98
rmpi,148,148,0
shaft,148,9,139
skirt,148,17,131
lit,148,28,120
mage,148,124,24
mongkol,148,148,0
mgmt,148,146,2
umbol,148,0,148
emphasi,148,94,54
bradley,148,116,32
spider,148,101,47
adschai,148,148,0
objescapenumb,148,148,0
soup,148,29,119
temper,148,39,109
superflu,148,32,116
chao,148,79,69
tulsa,148,119,29
stadium,148,123,25
metabol,148,2,146
teeth,148,45,103
compact,148,76,72
calibr,148,74,74
diagon,147,132,15
libc,147,142,5
sbuf,147,147,0
dublin,147,104,43
abund,147,65,82
bike,147,80,67
backlog,147,56,91
archaeolog,147,136,11
slower,147,118,29
aescapenumberh,147,1,146
nocach,147,143,4
chive,147,0,147
decim,147,108,39
descapenumbero,147,0,147
sixth,147,108,39
forbidden,147,74,73
bend,147,57,90
indo,147,0,147
harrison,147,109,38
entranc,147,67,80
fn,147,146,1
alabama,147,91,56
flew,147,36,111
modest,147,102,45
chin,147,13,134
potent,147,22,125
teenag,147,84,63
empfohlenen,147,5,142
escapenumberffic,147,1,146
libmain,147,147,0
pit,147,85,62
marktueblich,147,5,142
contemporari,146,23,123
ach,146,47,99
deorbit,146,146,0
fuller,146,81,65
firmwar,146,134,12
pedido,146,9,137
wili,146,4,142
inabl,146,99,47
lar,146,105,41
soiution,146,0,146
unstabl,146,106,40
wang,146,106,40
duvel,146,146,0
jen,146,116,30
verbos,146,132,14
snatch,146,40,106
grundlag,146,6,140
ornament,146,12,134
instanti,146,136,10
stall,146,105,41
sweeney,146,140,6
pregnant,146,100,46
libgpo,146,146,0
nearest,146,64,82
henwood,146,146,0
flack,146,5,141
damn,146,43,103
desjardin,146,2,144
cocktail,146,104,42
tomb,146,84,62
gidset,146,146,0
nile,146,81,65
quant,146,142,4
sticker,146,28,118
fontfont,146,0,146
scrap,146,93,53
listhttp,146,146,0
malaysia,146,82,64
tema,145,10,135
regali,145,0,145
damian,145,143,2
anlageempfehlung,145,5,140
intact,145,75,70
bien,145,85,60
bangkok,145,121,24
freeman,145,71,74
invas,145,75,70
taiwan,145,89,56
teresa,145,133,12
cleveland,145,117,28
dbinfo,145,145,0
pragma,145,145,0
piti,145,31,114
handi,145,67,78
deer,145,68,77
rjava,145,145,0
inact,145,89,56
zugaenglichen,145,5,140
disposit,145,110,35
overlook,145,95,50
gpgfin,145,145,0
toss,145,60,85
cellular,145,80,65
oeffentlich,145,5,140
lindberg,145,136,9
commut,145,94,51
falsif,145,1,144
forrest,145,89,56
compressor,145,139,6
rmysql,144,144,0
tien,144,44,100
overhaul,144,132,12
unchang,144,124,20
sneak,144,79,65
scholar,144,90,54
stan,144,128,16
mourn,144,72,72
depict,144,64,80
bipartisan,144,133,11
sysconfig,144,142,2
duck,144,71,73
ibw,144,143,1
grin,144,18,126
overlap,144,127,17
conscious,144,22,122
sharon,144,120,24
contamin,144,98,46
sessioninfo,144,144,0
deviat,144,124,20
gsub,144,144,0
demon,144,65,79
portrait,144,94,50
introductori,144,94,50
helppleas,144,144,0
iti,143,70,73
loyal,143,51,92
dip,143,90,53
setenv,143,140,3
bach,143,127,16
strain,143,93,50
unlist,143,133,10
issuanc,143,131,12
eog,143,139,4
exponenti,143,79,64
hpux,143,141,2
stuf,143,18,125
infanc,143,5,138
incorrectli,143,135,8
nombr,143,16,127
mhz,143,43,100
murray,143,132,11
widow,143,30,113
bytecod,143,137,6
mikkey,143,0,143
fingerprint,143,101,42
taxpay,143,138,5
vaiue,143,0,143
misunderstand,142,111,31
spectrum,142,102,40
quicken,142,9,133
resp,142,136,6
needless,142,31,111
biotechnolog,142,60,82
bcc,142,127,15
jodi,142,83,59
scari,142,54,88
npr,142,48,94
intval,142,142,0
lago,142,8,134
bump,142,97,45
dilut,142,96,46
libaddn,142,142,0
grasp,142,65,77
lucr,142,60,82
itc,142,67,75
llp,142,141,1
herehttp,142,0,142
sach,142,129,13
earnest,142,82,60
setlen,142,142,0
mistaken,142,55,87
shrug,142,27,115
discrep,142,119,23
gorg,142,4,138
ral,142,64,78
miseri,142,8,134
entwicklung,142,3,139
colin,141,105,36
thanksgiv,141,113,28
horizont,141,108,33
traceback,141,141,0
prom,141,25,116
divorc,141,73,68
calori,141,29,112
fletcher,141,84,57
elif,141,140,1
danglar,141,0,141
escapenumberfscript,141,141,0
updatel,141,141,0
zoom,141,87,54
annuiti,141,66,75
spill,141,67,74
harass,141,47,94
mucho,141,25,116
guitar,141,29,112
eleven,141,47,94
bioconductor,141,141,0
stanc,141,125,16
spotlight,141,69,72
malici,141,56,85
barn,141,57,84
enni,141,8,133
eras,141,62,79
lobbyist,141,139,2
asvppric,141,0,141
tissu,141,43,98
joshua,141,113,28
bloodi,141,39,102
wither,141,111,30
freq,141,141,0
occurr,141,90,51
mdescapenumb,141,137,4
localhost,141,110,31
thuraisingham,141,141,0
imp,141,69,72
equistar,141,141,0
elicit,141,33,108
valero,141,138,3
isc,141,140,1
minnesota,141,96,45
massacr,141,128,13
levi,140,99,41
urm,140,17,123
preschool,140,4,136
gabriel,140,85,55
assassin,140,46,94
poland,140,89,51
rsvp,140,131,9
picker,140,130,10
loom,140,83,57
ruth,140,78,62
blew,140,45,95
lemck,140,140,0
wsea,140,0,140
vlt,140,136,4
willing,140,91,49
smbpass,140,140,0
feather,140,29,111
snake,140,25,115
overflow,140,95,45
dfescapenumb,140,135,5
embattl,140,133,7
scrambl,140,105,35
kal,140,139,1
casual,140,65,75
ubiqx,140,140,0
escal,140,98,42
dian,140,108,32
evp,140,134,6
cada,140,10,130
hover,140,52,88
indict,139,100,39
conceal,139,39,100
apollo,139,111,28
virgin,139,32,107
rica,139,44,95
risen,139,52,87
literatur,139,85,54
witer,139,0,139
treati,139,88,51
regf,139,139,0
fragil,139,79,60
spa,139,100,39
sarg,139,137,2
gallon,139,114,25
flock,139,74,65
dispers,139,61,78
rdata,139,139,0
poo,139,0,139
truss,139,138,1
fluctuat,139,75,64
er,139,93,46
tricki,139,129,10
showcas,139,62,77
sip,139,68,71
caderouss,139,0,139
longest,139,72,67
dish,139,47,92
qualif,139,80,59
judith,139,87,52
firstli,138,56,82
boa,138,104,34
bizarr,138,106,32
omaha,138,121,17
zyban,138,1,137
zwei,138,24,114
stole,138,85,53
zahn,138,120,18
slid,138,50,88
aireadi,138,0,138
bilater,138,120,18
overschedul,138,3,135
tcltk,138,138,0
racial,138,78,60
rachel,138,79,59
midcon,138,138,0
orlean,138,117,21
suspicion,138,71,67
einen,138,47,91
rack,138,40,98
oven,138,9,129
celest,138,127,11
ble,138,36,102
sasescapenumberbdat,138,138,0
confin,137,67,70
aescapenumberand,137,0,137
sta,137,84,53
obra,137,105,32
offroad,137,0,137
kerri,137,96,41
lung,137,48,89
ado,137,6,131
curb,137,88,49
salomon,137,137,0
geniu,137,41,96
delux,137,14,123
uncertain,137,102,35
descend,137,41,96
ong,137,41,96
hcl,137,36,101
aircraft,137,80,57
spray,137,38,99
fled,137,38,99
caso,137,58,79
li,137,34,103
puls,137,94,43
elder,137,29,108
fernando,137,120,17
discern,137,16,121
pale,136,23,113
dha,136,128,8
enlighten,136,68,68
consign,136,12,124
vioxx,136,18,118
triangl,136,93,43
esmtp,136,72,64
methanol,136,123,13
eaten,136,24,112
nt,136,86,50
killen,136,135,1
edgar,136,21,115
fla,136,48,88
sorc,136,136,0
easter,136,109,27
changelog,136,136,0
pittsburgh,136,116,20
ounc,136,26,110
blackston,136,123,13
chainlock,136,136,0
aix,136,130,6
arbitr,136,118,18
consciou,136,22,114
nacion,136,91,45
repress,136,13,123
newlin,136,133,3
lad,136,55,81
castro,136,121,15
seduct,136,0,136
reno,136,11,125
discourag,136,121,15
contempl,136,79,57
outgo,136,86,50
dumb,136,71,65
transplant,136,57,79
sandra,135,116,19
zeit,135,25,110
geek,135,57,78
aqui,135,7,128
wherebi,135,74,61
chonawe,135,135,0
fileinfo,135,135,0
tokyo,135,113,22
forg,135,69,66
darci,135,18,117
jinbaek,135,135,0
klox,135,135,0
swiftli,135,29,106
xdgmimecach,135,135,0
dfr,135,132,3
amnesti,135,131,4
reassur,135,101,34
defect,135,82,53
intrigu,135,71,64
devast,135,107,28
rgl,135,135,0
singer,135,84,51
withhold,135,93,42
friendship,135,28,107
escapenumberfgssapi,135,135,0
ehud,135,135,0
webescapenumb,135,15,120
impair,135,94,41
peek,135,83,52
curios,135,33,102
duffi,135,126,9
bracelet,135,9,126
rico,134,86,48
derrel,134,134,0
mi,134,96,38
premis,134,76,58
escapenumberkb,134,92,42
handsom,134,19,115
corn,134,73,61
overm,134,134,0
sunset,134,70,64
ecuador,134,24,110
yanke,134,80,54
jam,134,62,72
soccer,134,72,62
howto,134,103,31
rahil,134,134,0
hora,134,13,121
xpress,134,69,65
carr,134,109,25
ineffici,134,120,14
syme,134,134,0
possibleinferior,134,134,0
bidder,134,113,21
tipo,134,16,118
campo,134,79,55
zur,134,48,86
thrill,134,55,79
bailout,134,132,2
ecommerc,134,68,66
bulb,134,46,88
pant,134,53,81
feisti,134,131,3
luncheon,134,119,15
carthag,134,124,10
probat,134,66,68
conceiv,134,60,74
synapt,133,129,4
devon,133,121,12
ape,133,43,90
inappropri,133,111,22
thur,133,91,42
voicemail,133,121,12
uno,133,42,91
shive,133,133,0
touchpad,133,131,2
symlink,133,132,1
grupo,133,74,59
fam,133,119,14
missouri,133,105,28
depot,133,52,81
goat,133,4,129
undermin,133,122,11
snyder,133,126,7
sandwich,133,36,97
mall,133,60,73
opera,133,68,65
loi,133,39,94
drawer,133,22,111
thief,133,104,29
coral,133,103,30
ultram,133,1,132
uint,133,133,0
arr,133,125,8
tia,133,126,7
handset,133,41,92
adher,133,80,53
fiv,133,1,132
tendenc,132,24,108
fpic,132,132,0
homework,132,98,34
ibuyit,132,132,0
rutger,132,126,6
chronic,132,52,80
userinfo,132,132,0
cooler,132,49,83
serviceptr,132,132,0
alphabet,132,88,44
escapenumberv,132,26,106
conoco,132,119,13
bst,132,130,2
peopi,132,0,132
alg,132,119,13
luong,132,130,2
breakdown,132,90,42
theinsid,132,131,1
slap,132,50,82
astronom,132,31,101
mastercard,132,19,113
sieg,132,14,118
schumack,132,132,0
czech,132,93,39
tdbsa,132,132,0
nlme,132,132,0
austria,132,70,62
seper,132,109,23
xpp,132,0,132
unfair,132,93,39
terminu,132,1,131
prudenti,132,119,13
problemat,132,127,5
cyber,132,51,81
applaud,132,62,70
coleda,132,132,0
energ,131,60,71
turnaround,131,55,76
automobil,131,40,91
bvyh,131,0,131
ana,131,79,52
alongsid,131,70,61
nugget,131,30,101
captiv,131,54,77
kann,131,28,103
tourist,131,91,40
gradual,131,65,66
rear,131,32,99
indesign,131,1,130
norway,131,109,22
pallier,131,131,0
connor,131,90,41
ambiti,131,93,38
smoothli,131,75,56
judi,131,119,12
ual,131,18,113
barchart,131,131,0
crap,131,89,42
fidel,131,84,47
referr,131,99,32
drunk,131,68,63
pci,131,86,45
lacross,131,125,6
offsit,131,130,1
cushion,131,22,109
plaintext,131,131,0
whatsoev,131,67,64
sponsorship,131,81,50
urban,131,89,42
consumm,131,22,109
donni,131,120,11
statd,130,130,0
brennan,130,117,13
down,130,77,53
epa,130,97,33
fabul,130,45,85
papa,130,9,121
envnam,130,130,0
privatedir,130,130,0
blogger,130,98,32
blown,130,41,89
viiagra,130,0,130
reign,130,28,102
pitt,130,101,29
derek,130,108,22
gratuit,130,18,112
gamepad,130,126,4
wore,130,25,105
rsescapenumb,130,117,13
strap,130,54,76
bailey,130,115,15
belov,130,14,116
escapenumberoo,130,0,130
bln,130,129,1
printabl,130,50,80
erm,130,108,22
mortgagebrok,130,0,130
sour,130,53,77
lexic,130,116,14
supervis,130,87,43
wilmett,130,0,130
keynot,130,119,11
beaumont,130,119,11
stiff,130,24,106
nou,130,38,92
reiat,130,0,130
insect,129,18,111
luke,129,95,34
fedex,129,50,79
cellpad,129,0,129
escapenumberp,129,37,92
reinhardt,129,129,0
tok,129,126,3
alumni,129,69,60
lamp,129,34,95
oldest,129,82,47
afaik,129,129,0
lumen,129,0,129
jimmi,129,86,43
rodham,129,129,0
kindal,129,129,0
me,129,34,95
tarragon,129,0,129
aluminum,129,77,52
jaim,129,104,25
mumbai,129,101,28
shelli,128,125,3
nesa,128,128,0
mario,128,94,34
watt,128,64,64
plummet,128,123,5
riley,128,116,12
infer,128,94,34
postpon,128,111,17
curs,128,46,82
heim,128,124,4
napsal,128,128,0
css,128,82,46
splash,128,78,50
ation,128,49,79
disney,128,67,61
esto,128,30,98
ginsburg,128,2,126
subj,128,111,17
sprint,128,79,49
gdp,128,120,8
collis,128,97,31
hancock,128,115,13
ot,128,122,6
kde,128,116,12
moritz,128,128,0
frown,128,14,114
vicker,128,125,3
essenc,128,57,71
ord,128,41,87
tidi,128,94,34
judiciari,128,121,7
sutherland,128,116,12
augment,128,64,64
rejoic,128,18,110
lindsay,127,110,17
warren,127,94,33
ipo,127,59,68
piquant,127,1,126
bescapenumberq,127,0,127
distributorjebel,127,0,127
rainbow,127,46,81
vitamin,127,35,92
becki,127,104,23
catalogu,127,57,70
dnl,127,125,2
ander,127,82,45
punch,127,71,56
fought,127,44,83
abruptli,127,35,92
pulp,127,109,18
valentin,127,28,99
doha,127,127,0
curtail,127,117,10
magnet,127,42,85
magnitud,127,65,62
ruinou,127,4,123
stagger,127,31,96
administ,127,70,57
singular,127,88,39
conffil,127,127,0
wii,127,103,24
tide,127,61,66
dieser,127,24,103
fright,127,4,123
franz,126,18,108
biospher,126,0,126
bueno,126,45,81
alp,126,91,35
levitraa,126,0,126
sth,126,126,0
ahmad,126,119,7
bryce,126,108,18
cordial,126,55,71
professiona,126,1,125
bail,126,92,34
mice,126,89,37
amitava,126,126,0
pyobject,126,126,0
despair,126,16,110
envi,126,24,102
plump,126,2,124
footprint,126,75,51
headach,126,57,69
bingley,126,0,126
commonli,126,73,53
dine,126,41,85
eshop,126,0,126
bewar,126,64,62
cuba,126,103,23
glen,126,87,39
swamp,126,71,55
conquer,126,15,111
baldwin,126,98,28
cock,126,15,111
diffus,125,59,66
utevcurr,125,0,125
plea,125,78,47
helo,125,9,116
reservoir,125,46,79
ellen,125,106,19
cute,125,25,100
lim,125,101,24
shark,125,80,45
finney,125,125,0
mesa,125,70,55
celebrex,125,1,124
frx,125,125,0
notwithstand,125,80,45
rubbish,125,6,119
xbox,125,73,52
bmxg,125,0,125
vienna,125,74,51
imo,125,118,7
rivotrila,125,0,125
regdb,125,125,0
lsk,125,119,6
celebrexa,125,0,125
arcamax,125,125,0
contempt,125,63,62
lineup,125,114,11
ativana,125,0,125
deffner,125,125,0
td,125,123,2
bitmap,125,108,17
recognis,125,93,32
reconcil,124,93,31
ambassador,124,89,35
immer,124,15,109
honestli,124,53,71
rider,124,90,34
einer,124,57,67
brass,124,18,106
swept,124,55,69
systemwork,124,0,124
headcount,124,124,0
nowchoos,124,0,124
multin,124,93,31
tobacco,124,44,80
skeleton,124,100,24
fd,124,123,1
nmc,124,0,124
brutal,124,76,48
trabajo,124,15,109
biometr,124,44,80
doesnt,124,55,69
frenzi,124,16,108
mann,124,85,39
rcescapenumb,124,117,7
dialogu,124,86,38
notat,124,105,19
etcdir,124,124,0
oral,124,54,70
ligg,124,124,0
uncondit,124,25,99
evacu,124,83,41
wale,124,93,31
prone,124,51,73
laughter,124,25,99
etoy,124,121,3
eteleon,124,0,124
stella,124,113,11
downstream,124,104,20
shlpplng,124,0,124
clickthru,124,0,124
smbtortur,124,124,0
pidfil,124,124,0
creg,124,123,1
papayoti,124,124,0
seml,123,1,122
inaccuraci,123,31,92
deutsch,123,76,47
your,123,5,118
spawn,123,106,17
exil,123,14,109
symescapenumberol,123,0,123
all,123,44,79
cppflag,123,123,0
wider,123,93,30
checksum,123,89,34
derid,123,8,115
standalon,123,81,42
lamphier,123,123,0
blah,123,118,5
zukunft,123,6,117
lwd,123,121,2
coder,123,117,6
detach,123,79,44
elena,123,99,24
tunnel,123,62,61
fwd,123,112,11
depriv,123,57,66
injunct,123,109,14
setback,123,67,56
jenda,123,123,0
decenc,123,9,114
sudan,123,103,20
unscrupul,123,4,119
ethernet,123,86,37
alto,123,92,31
groupmem,123,123,0
timid,123,4,119
ati,123,104,19
stockhold,123,84,39
redeem,123,56,67
entrega,123,6,117
kline,123,116,7
mcmaster,123,122,1
groceri,123,48,75
rape,122,100,22
invari,122,96,26
marijuana,122,98,24
quartz,122,93,29
nico,122,35,87
psych,122,104,18
basedir,122,122,0
noweb,122,122,0
gonzalez,122,101,21
particl,122,90,32
molecular,122,71,51
linker,122,113,9
readdir,122,122,0
gase,122,66,56
fiz,122,4,118
dlr,122,121,1
noun,122,68,54
choke,122,62,60
rdn,122,120,2
quantifi,122,106,16
unam,122,122,0
csi,122,120,2
agra,122,3,119
broadway,122,96,26
coincid,122,79,43
carnegi,122,98,24
lediglich,122,9,113
nathan,122,104,18
jewish,122,87,35
clearer,122,112,10
stakehold,122,120,2
doliar,122,0,122
btu,122,111,11
abiiiti,122,0,122
anshuman,122,122,0
smoketst,122,122,0
techlit,122,0,122
undeclar,122,119,3
thoroughli,122,58,64
sundar,122,122,0
gi,122,87,35
surveil,122,102,20
escapenumberz,122,87,35
bolt,122,49,73
industrialist,122,1,121
lnche,122,0,122
dirk,122,103,19
iaagra,121,0,121
soiicit,121,0,121
gtv,121,121,0
afghan,121,97,24
soldworldwid,121,0,121
direcci,121,14,107
vocabulari,121,110,11
trantor,121,0,121
twa,121,10,111
destnod,121,121,0
ramp,121,77,44
wari,121,85,36
textconnect,121,121,0
loc,121,112,9
mainstream,121,78,43
ambient,121,77,44
egyptian,121,74,47
roar,121,33,88
indi,121,98,23
fescapenumberb,121,115,6
bibl,121,32,89
curriculum,121,85,36
mundo,121,37,84
tobi,121,95,26
jid,121,121,0
superb,121,21,100
politico,121,111,10
thereaft,121,62,59
collat,121,95,26
cont,121,90,31
pandem,121,117,4
rodbc,121,121,0
destini,121,33,88
dyndn,121,66,55
nttran,121,121,0
reap,121,73,48
imagen,121,19,102
apostl,121,4,117
sanctif,121,0,121
mild,121,31,90
terrifi,121,23,98
botan,121,11,110
covet,120,34,86
tycholiz,120,120,0
chad,120,103,17
marlin,120,109,11
hostil,120,43,77
coke,120,91,29
myfunc,120,120,0
morninggrind,120,120,0
uniti,120,48,72
allur,120,8,112
aign,120,0,120
boe,120,89,31
kirste,120,120,0
peso,120,40,80
gwyn,120,115,5
coven,120,50,70
workflow,120,32,88
hype,120,58,62
honesti,120,18,102
crook,120,51,69
diagram,120,87,33
rhoescapenumb,120,120,0
donnel,120,110,10
tropic,120,85,35
msnbc,120,80,40
dope,120,93,27
jitter,120,73,47
kidnap,120,96,24
carv,120,48,72
bufsiz,120,120,0
ticketwrit,120,0,120
synopsi,120,111,9
goai,120,0,120
deceiv,120,24,96
tre,120,55,65
vo,120,69,51
deck,120,66,54
peaker,120,120,0
strata,120,115,5
ivan,120,73,47
wrk,120,120,0
devianc,120,119,1
kentucki,120,86,34
overst,120,117,3
bal,120,110,10
schon,120,16,104
brazelton,120,0,120
ano,119,66,53
syndic,119,79,40
zoloft,119,7,112
coxph,119,119,0
reut,119,118,1
mitch,119,110,9
lehman,119,112,7
pero,119,49,70
unsuit,119,14,105
kilogramm,119,2,117
mlm,119,38,81
wei,119,106,13
specimen,119,15,104
chop,119,45,74
dso,119,117,2
bugzilla,119,117,2
surrend,119,84,35
stain,119,31,88
meredith,119,107,12
swung,119,11,108
alek,119,119,0
rnw,119,119,0
runner,119,100,19
hotlist,119,44,75
julia,119,97,22
moin,119,111,8
kaplan,119,108,11
vger,119,0,119
presario,119,8,111
instructor,119,81,38
rebound,119,104,15
jessi,119,85,34
obstacl,119,85,34
chess,119,28,91
crit,119,117,2
compart,119,2,117
baumbach,119,119,0
soda,119,22,97
steep,119,65,54
erik,119,101,18
lauderdal,119,70,49
hood,119,74,45
powel,119,95,24
dodd,119,102,17
instinct,119,39,80
symbo,119,1,118
coerc,119,98,21
mud,119,29,90
merri,118,32,86
ell,118,54,64
meridia,118,1,117
erreur,118,105,13
smuggl,118,84,34
thrusunshin,118,0,118
sixti,118,19,99
sval,118,118,0
envoy,118,79,39
perez,118,104,14
tribe,118,81,37
mosey,118,3,115
agress,118,11,107
garcia,118,95,23
worid,118,0,118
dectalk,118,118,0
hplnl,118,118,0
grandfath,118,29,89
sival,118,118,0
servicio,118,8,110
mortal,118,36,82
weari,118,22,96
rch,118,8,110
mcf,118,113,5
cohen,118,89,29
sideback,118,0,118
cio,118,81,37
bane,118,33,85
successor,118,91,27
newpow,118,118,0
larryk,118,118,0
squad,118,88,30
stumbl,118,81,37
valnam,117,117,0
nikon,117,1,116
modular,117,20,97
insul,117,89,28
hip,117,54,63
juego,117,1,116
labour,117,70,47
barrett,117,99,18
zachari,117,110,7
schultz,117,73,44
omiss,117,88,29
vkaminski,117,117,0
paradigm,117,91,26
webapp,117,111,6
sysiync,117,0,117
morrow,117,36,81
ambit,117,35,82
mckay,117,111,6
allergi,117,37,80
ndx,117,116,1
indirect,117,103,14
pil,117,2,115
enthusiasm,117,57,60
sicko,117,117,0
morph,117,112,5
playoff,117,88,29
delphi,117,30,87
panda,117,56,61
imho,117,114,3
workplac,117,82,35
logan,117,92,25
pact,117,98,19
whilst,117,91,26
expressli,117,92,25
spline,117,105,12
henrik,117,116,1
distort,117,65,52
pentium,117,57,60
cartoon,117,29,88
indianapoli,116,74,42
bestellen,116,0,116
lien,116,43,73
txp,116,0,116
taliban,116,102,14
fowl,116,0,116
reshap,116,102,14
vcsc,116,0,116
coup,116,68,48
chile,116,61,55
widen,116,87,29
argescapenumb,116,116,0
eml,116,78,38
hiya,116,102,14
nodescapenumb,116,115,1
doctrin,116,43,73
unixinfo,116,116,0
ccc,116,77,39
anon,116,110,6
cheek,116,8,108
entergi,116,116,0
eigen,116,65,51
fiduciari,116,39,77
pang,116,98,18
seemingli,116,76,40
depars,116,116,0
esp,116,71,45
montreal,116,79,37
cola,116,65,51
onward,116,30,86
symb,116,0,116
sci,116,96,20
seldom,116,27,89
officin,116,0,116
nerc,116,116,0
hernandez,116,112,4
rhd,116,115,1
recollect,116,20,96
shave,116,31,85
dakota,116,40,76
geoff,116,92,24
indonesia,116,89,27
tempt,116,45,71
replay,116,107,9
concess,116,69,47
suiss,116,115,1
frontend,116,103,13
nascar,115,66,49
truncat,115,100,15
wpa,115,113,2
contradict,115,86,29
primit,115,90,25
ponder,115,77,38
jest,115,42,73
nueva,115,18,97
abacha,115,0,115
sho,115,8,107
escrow,115,69,46
conni,115,96,19
carrol,115,82,33
nci,115,106,9
mjr,115,114,1
highiy,115,0,115
shannon,115,89,26
grill,115,83,32
sitio,115,31,84
reme,115,4,111
showdown,115,102,13
tagen,115,8,107
excerpt,115,90,25
liu,115,97,18
pursuant,115,76,39
lengthi,115,73,42
fighter,115,63,52
shalesh,115,115,0
nameescapenumb,115,114,1
jedi,115,115,0
spong,115,11,104
xico,115,69,46
sheriff,115,75,40
scholarship,115,87,28
be,115,24,91
thaw,115,49,66
quantum,115,78,37
wieni,115,0,115
myfil,115,115,0
ign,115,23,92
stoc,115,2,113
impetu,115,17,98
qf,115,115,0
fsa,115,39,76
fur,114,13,101
longhorn,114,46,68
ttingen,114,114,0
netson,114,114,0
fpr,114,114,0
fcfescapenumb,114,114,0
courtesi,114,48,66
witch,114,40,74
simplest,114,92,22
ead,114,31,83
mln,114,109,5
piay,114,0,114
happier,114,26,88
syslync,114,0,114
sting,114,46,68
arkansa,114,55,59
ddescapenumberd,114,114,0
kai,114,100,14
bmw,114,55,59
toolbox,114,97,17
ower,114,90,24
cpr,114,110,4
dlopen,114,114,0
patriot,114,60,54
nie,114,50,64
bvyhcurr,114,0,114
amber,114,85,29
rfcescapenumb,114,105,9
trtescapenumb,114,114,0
blackout,114,88,26
ruud,114,113,1
notori,114,46,68
dens,114,73,41
wrinkl,114,7,107
avi,114,53,61
xph,114,0,114
fuck,114,14,100
skyrocket,114,41,73
albani,114,70,44
nanodoc,114,114,0
newsroom,114,107,7
tpescapenumb,114,111,3
eileen,114,100,14
linger,114,53,61
closest,114,87,27
sess,114,113,1
faint,114,15,99
issler,113,113,0
univ,113,102,11
financia,113,6,107
regkey,113,113,0
smbclient,113,113,0
joann,113,92,21
gossett,113,113,0
worthwhil,113,72,41
retroact,113,111,2
hick,113,61,52
shortfal,113,92,21
concord,113,30,83
blake,113,68,45
ambiien,113,0,113
surprisingli,113,70,43
darl,113,56,57
influenti,113,64,49
lara,113,107,6
intra,113,113,0
wrongfu,113,0,113
noaa,113,107,6
vicki,113,73,40
richmond,113,99,14
mellon,113,97,16
unrel,113,103,10
presentiy,113,0,113
centro,113,43,70
sesssetup,113,113,0
accru,113,43,70
knit,113,9,104
ggplot,113,113,0
bellami,113,92,21
bono,113,21,92
sheridan,113,95,18
dvt,113,0,113
cualquier,113,14,99
poi,113,88,25
elementari,113,53,60
surgic,113,27,86
cruel,112,34,78
concur,112,79,33
serverplugin,112,112,0
awkward,112,59,53
simplic,112,44,68
abba,112,66,46
sane,112,64,48
degrad,112,43,69
crawl,112,31,81
refinanc,112,21,91
runit,112,112,0
forgeri,112,59,53
klein,112,66,46
fanni,112,41,71
octet,112,103,9
eli,112,55,57
dfarmer,112,112,0
infil,112,110,2
shah,112,99,13
middletown,112,3,109
sco,112,97,15
spous,112,55,57
tica,112,26,86
strickland,112,105,7
awaken,112,21,91
oscar,112,62,50
revolv,112,67,45
neue,112,17,95
abraham,112,56,56
poke,112,52,60
cialii,112,0,112
jeev,112,103,9
alfr,112,24,88
edata,112,108,4
ciiali,112,0,112
tooth,112,16,96
sword,112,29,83
surbey,112,112,0
discreetli,112,2,110
freehand,112,0,112
myweight,112,112,0
gestur,112,21,91
hermann,112,99,13
calor,112,0,112
canam,112,0,112
kaufen,112,7,105
aton,112,68,44
cunningham,112,85,27
listescapenumb,112,112,0
fea,112,96,16
rserv,112,112,0
exotica,112,105,7
bland,112,79,33
scalabl,112,60,52
spoon,112,6,106
centrinol,111,0,111
lev,111,89,22
martinez,111,83,28
refineri,111,80,31
vnnmap,111,111,0
sutton,111,103,8
shlpp,111,0,111
documentari,111,90,21
latim,111,104,7
tage,111,15,96
moscow,111,75,36
uninstal,111,98,13
herramienta,111,0,111
bnp,111,88,23
sweden,111,87,24
thinkgeek,111,0,111
bariton,111,1,110
sociolog,111,94,17
footag,111,76,35
ucsd,111,111,0
dc,111,86,25
sol,111,38,73
secretli,111,28,83
bookstor,111,76,35
wink,111,14,97
contrib,111,107,4
dynpmc,111,111,0
dynoplib,111,111,0
cuenta,111,22,89
nake,111,22,89
rdwr,111,111,0
incident,111,73,38
ipp,111,109,2
waco,111,108,3
loser,111,75,36
essay,111,80,31
revisit,111,104,7
ricki,111,88,23
aluvia,111,111,0
kdl,111,1,110
hav,111,24,87
trouser,111,9,102
mentor,110,35,75
sherri,110,88,22
throne,110,12,98
defi,110,57,53
arp,110,99,11
sneez,110,2,108
usenet,110,94,16
svg,110,102,8
dull,110,26,84
idaho,110,46,64
arthriti,110,29,81
aqu,110,5,105
linen,110,5,105
astro,110,108,2
morrel,110,15,95
unsatisfi,110,13,97
repo,110,104,6
denial,110,79,31
coffey,110,95,15
shui,110,1,109
worksheet,110,101,9
ilook,110,0,110
imgescapenumb,110,21,89
semicolon,110,109,1
loqo,110,0,110
unsightli,110,3,107
uncensor,110,75,35
webcam,110,24,86
deepankar,110,110,0
roster,110,53,57
breakout,110,43,67
hawaii,110,57,53
gandi,110,110,0
richest,110,38,72
eugenio,110,104,6
poorman,110,110,0
mayo,110,76,34
bruno,110,89,21
filehandl,110,110,0
jewelri,110,27,83
microclim,110,0,110
lohan,110,110,0
frevert,110,110,0
disqualif,110,1,109
thwart,110,63,47
strand,110,92,18
devis,110,66,44
groupdb,110,110,0
hart,110,101,9
coleman,110,78,32
infin,110,69,41
fallston,110,0,110
dioxid,110,95,15
tambi,110,53,57
stochast,110,103,7
valign,110,0,110
kidney,110,51,59
opaqu,110,105,5
obey,110,29,81
arnoud,110,110,0
iranian,110,86,24
mimeol,109,8,101
predefin,109,104,5
penal,109,99,10
almighti,109,72,37
marku,109,101,8
intl,109,91,18
localtim,109,108,1
marker,109,86,23
sequestr,109,103,6
felix,109,92,17
divert,109,50,59
iconv,109,109,0
dosag,109,28,81
ari,109,56,53
taetigkeit,109,2,107
lopez,109,67,42
ignit,109,46,63
forb,109,89,20
epe,109,106,3
manhattan,109,58,51
haunt,109,35,74
vnd,109,18,91
het,109,22,87
escapenumberq,109,38,71
gail,109,100,9
oth,109,16,93
corzin,109,109,0
gran,109,44,65
lent,109,39,70
farther,109,26,83
plagu,109,65,44
whet,109,2,107
violin,109,91,18
fcescapenumb,109,102,7
sox,109,94,15
libr,109,37,72
winxp,109,103,6
schannel,109,109,0
certainti,109,55,54
doe,109,60,49
vernon,109,93,16
savvi,109,28,81
wreck,109,53,56
irpc,109,109,0
precio,109,9,100
chelsea,109,84,25
marbl,109,83,26
kauf,109,5,104
harwood,109,108,1
chron,109,109,0
expedia,109,102,7
multivari,108,107,1
materialiy,108,0,108
bolster,108,88,20
christina,108,77,31
frankli,108,81,27
archaeologist,108,103,5
baselin,108,84,24
autogen,108,107,1
katrina,108,99,9
discios,108,0,108
giro,108,91,17
irrelev,108,81,27
blackbox,108,106,2
bald,108,43,65
barrist,108,11,97
mara,108,89,19
historica,108,0,108
etmo,108,0,108
computerworld,108,106,2
watcher,108,46,62
dword,108,102,6
helpless,108,6,102
johnni,108,55,53
travi,108,94,14
endang,108,87,21
patterson,108,91,17
lsp,108,105,3
abidjan,108,0,108
stoke,108,93,15
wouid,108,0,108
princeton,108,77,31
dise,108,3,105
butler,108,80,28
abel,108,66,42
pcescapenumb,108,100,8
bbci,108,108,0
fiddl,108,46,62
darfur,108,94,14
monterrey,108,87,21
trembl,108,3,105
pruiss,108,0,108
titan,108,63,45
tailor,107,54,53
justif,107,81,26
cron,107,102,5
ponyet,107,0,107
langasek,107,107,0
breezi,107,65,42
drum,107,23,84
bud,107,23,84
gbescapenumb,107,17,90
cleopatra,107,1,106
pga,107,64,43
philosoph,107,46,61
spatial,107,96,11
revolt,107,39,68
dam,107,64,43
pesenti,107,107,0
erang,107,107,0
din,107,26,81
tiffani,107,18,89
conspiraci,107,76,31
envis,107,88,19
unattract,107,8,99
edinburgh,107,87,20
servicenam,107,107,0
cad,107,58,49
murmur,107,1,106
asleep,107,22,85
savag,107,52,55
darwinescapenumb,107,107,0
libxmlescapenumb,107,107,0
ciall,107,0,107
tee,107,86,21
piil,107,0,107
agreeabl,107,21,86
garag,107,79,28
debuglevel,107,107,0
pred,107,98,9
wooden,107,29,78
rhode,107,58,49
hen,107,34,73
synthet,107,77,30
shawn,107,71,36
tuberculosi,107,103,4
grief,107,30,77
downward,107,79,28
foul,107,40,67
impeach,107,93,14
scarecrow,107,6,101
chalk,107,10,97
leach,106,76,30
retval,106,106,0
gabbl,106,101,5
inod,106,100,6
cstring,106,103,3
fastli,106,0,106
sce,106,103,3
adrenalin,106,2,104
smbldap,106,106,0
manuscript,106,69,37
contour,106,86,20
harmless,106,34,72
wheat,106,36,70
bomber,106,92,14
blockbust,106,87,19
champ,106,76,30
catchal,106,1,105
nath,106,105,1
ning,106,35,71
colonel,106,23,83
lindi,106,105,1
wcard,106,106,0
musician,106,70,36
seil,106,0,106
burlington,106,93,13
cork,106,10,96
antiretrovir,106,106,0
dongeno,106,106,0
kettl,106,2,104
panama,106,86,20
pizza,106,25,81
strategist,106,96,10
blush,106,4,102
cernosek,106,106,0
vlagra,106,0,106
maneuv,106,91,15
tsx,106,74,32
frazier,106,98,8
unanim,106,81,25
sexi,106,40,66
yen,106,83,23
lsarpc,106,106,0
kristen,106,104,2
metro,106,80,26
barrei,106,0,106
deed,106,20,86
authorit,106,91,15
salem,106,97,9
athen,106,78,28
inadequ,106,84,22
sharpton,106,68,38
myformula,106,106,0
standpoint,106,63,43
iirc,106,104,2
kommen,105,2,103
capita,105,25,80
verb,105,56,49
unstructur,105,6,99
regain,105,54,51
indefinit,105,62,43
aescapenumberj,105,0,105
arsen,105,65,40
errdo,105,105,0
lightn,105,58,47
fleet,105,55,50
personalis,105,102,3
harvest,105,55,50
sanford,105,25,80
enercast,105,105,0
cring,105,24,81
allevi,105,51,54
dirt,105,29,76
intrast,105,105,0
aye,105,46,59
compass,105,30,75
tem,105,31,74
windescapenumberw,105,0,105
lew,105,67,38
matterescapenumb,105,0,105
ren,105,82,23
exportedgobject,105,105,0
freight,105,71,34
viagraescapenumb,105,1,104
balasubramaniam,105,105,0
peculiar,105,30,75
aux,105,84,21
sunk,105,23,82
mismo,105,25,80
permian,105,95,10
setupdir,105,105,0
gunter,105,104,1
eur,105,41,64
utilipoint,105,105,0
wrongfuili,105,0,105
poetri,105,34,71
desea,105,3,102
iverson,105,30,75
leuven,105,105,0
mktexpertis,105,0,105
beast,105,32,73
evergreen,105,95,10
resembl,105,43,62
thrust,105,22,83
plop,105,2,103
reus,104,94,10
centrino,104,9,95
ned,104,37,67
unreason,104,95,9
klark,104,0,104
markup,104,94,10
ppt,104,71,33
nhl,104,87,17
combust,104,71,33
bazaar,104,40,64
contenido,104,10,94
masterpiec,104,66,38
nal,104,73,31
colspan,104,0,104
oft,104,19,85
primetim,104,99,5
della,104,72,32
ldc,104,104,0
hull,104,92,12
dcesrv,104,104,0
revok,104,80,24
chmod,104,103,1
roxio,104,0,104
un,104,30,74
poker,104,26,78
aka,104,82,22
iss,104,87,17
adjac,104,59,45
ski,104,38,66
vlsta,104,0,104
ham,104,62,42
ucl,104,102,2
exct,104,104,0
allan,104,82,22
kavri,104,0,104
tightli,104,22,82
nic,104,36,68
intensifi,104,59,45
sturdi,104,5,99
pheromon,104,7,97
wive,104,16,88
dolphin,104,77,27
libescapenumb,104,104,0
subnet,104,98,6
sympathi,104,36,68
tobia,104,101,3
contra,103,55,48
userdata,103,103,0
insult,103,55,48
wanda,103,96,7
tva,103,96,7
qescapenumbera,103,97,6
phenomenon,103,53,50
geriatr,103,80,23
sarkozi,103,84,19
kathryn,103,99,4
judici,103,67,36
plll,103,0,103
disadvantag,103,92,11
hardi,103,84,19
herrera,103,100,3
foam,103,54,49
duan,103,84,19
prepared,103,101,2
hispan,103,60,43
mmd,103,102,1
buiider,103,0,103
emin,103,36,67
igwg,103,103,0
sailor,103,26,77
prereq,103,103,0
tooi,103,0,103
landmark,103,75,28
pvf,103,102,1
premiumperk,103,0,103
huh,103,46,57
sidsescapenumb,103,103,0
felip,103,101,2
frost,103,41,62
rational,103,97,6
galact,103,7,96
hurdl,103,91,12
distract,103,73,30
dormant,103,7,96
lista,103,9,94
applianc,103,51,52
treme,103,0,103
boulevard,103,13,90
sch,103,50,53
mend,103,31,72
rollout,103,89,14
wesley,103,50,53
pariba,102,102,0
falcon,102,70,32
theatr,102,64,38
subsidi,102,76,26
dbwrap,102,102,0
fourteen,102,21,81
trump,102,78,24
deepen,102,54,48
ling,102,46,56
envir,102,100,2
bernhard,102,92,10
nce,102,45,57
flee,102,53,49
rangel,102,99,3
farewel,102,62,40
conced,102,64,38
lap,102,36,66
beiief,102,0,102
webcast,102,63,39
stink,102,23,79
funer,102,40,62
crypt,102,94,8
subsid,102,69,33
immin,102,64,38
jahr,102,29,73
couch,102,47,55
laughabl,102,2,100
cddl,102,102,0
vh,102,81,21
moo,102,60,42
camino,102,56,46
trmediaescapenumb,102,0,102
kitti,102,24,78
ley,102,41,61
julian,102,88,14
thx,102,87,15
secreci,102,42,60
catastroph,102,62,40
character,102,82,20
ghz,102,45,57
overwrit,102,90,12
chick,101,22,79
disregard,101,78,23
elem,101,100,1
koehler,101,96,5
laden,101,83,18
otra,101,26,75
resent,101,39,62
vike,101,11,90
incluy,101,1,100
lynx,101,88,13
slump,101,87,14
butt,101,64,37
bulki,101,7,94
debra,101,80,21
levelescapenumb,101,101,0
debri,101,86,15
nova,101,35,66
lydia,101,36,65
rm,101,70,31
ca,101,74,27
hinder,101,54,47
arti,101,16,85
includedir,101,101,0
kathleen,101,76,25
dodg,101,35,66
hester,101,5,96
unsubscript,101,0,101
wordpress,101,97,4
ladder,101,75,26
subtract,101,73,28
kpi,101,6,95
hsb,101,101,0
cassandra,101,90,11
mmc,101,86,15
dunn,101,83,18
retali,101,85,16
arctic,101,34,67
longtim,101,82,19
rude,101,41,60
soprano,101,96,5
thecreat,101,101,0
mistress,101,3,98
wap,101,93,8
enserch,101,101,0
latenc,101,91,10
handbook,101,56,45
rdm,101,100,1
herndon,101,91,10
amt,101,95,6
qemu,101,101,0
digg,101,74,27
diari,101,80,21
shallow,101,34,67
concurr,101,67,34
jefferi,101,93,8
pedro,101,77,24
walli,101,96,5
ith,101,38,63
inning,100,94,6
beef,100,65,35
sparkl,100,6,94
rever,100,18,82
shaw,100,56,44
crear,100,4,96
pamh,100,100,0
josey,100,100,0
zurich,100,82,18
propag,100,60,40
ight,100,25,75
dilemma,100,56,44
cigar,100,8,92
snack,100,54,46
sensual,100,5,95
josh,100,71,29
exagger,100,29,71
bleed,100,28,72
flgescapenumb,100,100,0
judgement,100,83,17
wer,100,32,68
sixteen,100,19,81
balloon,100,45,55
seit,100,22,78
availabi,100,0,100
sack,100,50,50
bericht,100,57,43
gust,100,64,36
pseudo,100,80,20
lagrasta,100,100,0
brackett,100,100,0
indulg,100,17,83
hierarchi,100,85,15
toyota,100,93,7
vi,100,70,30
imper,100,48,52
newsbrief,100,100,0
vent,100,53,47
cypress,100,76,24
sic,100,84,16
valueescapenumb,100,100,0
adventag,100,0,100
swanson,100,88,12
ntsvc,100,100,0
tara,100,88,12
adrian,100,71,29
courier,100,24,76
invalu,100,32,68
castillo,100,13,87
undergo,100,57,43
plough,100,18,82
cmu,100,98,2
jpeg,100,80,20
indiffer,100,7,93
encarta,100,0,100
recharg,100,16,84
zdnet,100,79,21
jare,100,80,20
propel,99,53,46
foto,99,18,81
jacket,99,29,70
aescapenumberpow,99,99,0
nowak,99,99,0
nklelectron,99,0,99
venezuela,99,70,29
decre,99,63,36
safari,99,84,15
yaron,99,99,0
delawar,99,60,39
heel,99,52,47
xtabl,99,99,0
earthquak,99,44,55
curat,99,79,20
giovanni,99,91,8
kohli,99,99,0
parad,99,40,59
currentgl,99,99,0
dlfcn,99,99,0
fallout,99,89,10
shit,99,14,85
lick,99,17,82
spaceflightnow,99,99,0
gleam,99,9,90
avcavc,99,99,0
avccva,99,99,0
apparatu,99,8,91
haga,99,2,97
avaiiabl,99,0,99
chescapenumb,99,21,78
newbi,99,93,6
spoof,99,55,44
infant,99,56,43
plasma,99,70,29
smbconf,99,99,0
enact,99,82,17
relic,99,79,20
redefin,99,90,9
ferri,99,72,27
arabia,99,60,39
overload,99,77,22
wmb,99,26,73
fallon,99,97,2
kenya,99,59,40
dwell,99,7,92
pirenn,99,0,99
escapenumbercbr,99,0,99
joey,99,39,60
massey,99,70,29
hanson,99,77,22
geom,99,99,0
esac,99,99,0
flare,98,29,69
tod,98,70,28
gregg,98,90,8
appendix,98,72,26
zombieii,98,1,97
buffett,98,64,34
mainlin,98,95,3
filthi,98,8,90
adress,98,40,58
alvn,98,0,98
gotta,98,45,53
positron,98,2,96
deutschland,98,27,71
clara,98,63,35
naiv,98,88,10
machineri,98,28,70
alium,98,0,98
hid,98,41,57
retreat,98,57,41
waiver,98,95,3
escapenumberviagra,98,0,98
congressman,98,76,22
doilar,98,0,98
yale,98,62,36
behold,98,15,83
optout,98,4,94
caucu,98,85,13
ove,98,18,80
intak,98,14,84
emili,98,83,15
garbig,98,0,98
squid,98,79,19
synthes,98,87,11
parenthes,98,85,13
toma,98,78,20
iain,98,68,30
government,98,56,42
pal,98,36,62
aegicaplc,98,0,98
excius,97,0,97
horac,97,83,14
dnsname,97,97,0
seventi,97,7,90
lugar,97,35,62
meld,97,88,9
libro,97,18,79
aepin,97,97,0
mich,97,58,39
nebraska,97,70,27
norman,97,80,17
perpetu,97,38,59
balian,97,97,0
msgescapenumb,97,97,0
woodland,97,67,30
frantic,97,24,73
prose,97,5,92
ise,97,20,77
cberri,97,97,0
mor,97,16,81
krynicki,97,97,0
therapist,97,14,83
baz,97,94,3
magnific,97,15,82
cleanli,97,90,7
xlib,97,96,1
broaden,97,65,32
reinstal,97,80,17
soc,97,85,12
eagerli,97,11,86
osescapenumb,97,94,3
dhclient,97,97,0
workforc,97,74,23
lenni,97,90,7
salut,97,45,52
paycheck,97,47,50
hawkin,97,79,18
iali,97,0,97
rope,97,29,68
mop,97,85,12
descapenumbera,97,3,94
tilt,97,36,61
pnm,97,96,1
articleid,96,95,1
flatten,96,79,17
hedstrom,96,96,0
warrior,96,54,42
rue,96,69,27
invinc,96,1,95
johnston,96,90,6
dal,96,72,24
avec,96,35,61
barcelona,96,74,22
flpati,96,0,96
fraudul,96,20,76
spars,96,81,15
fico,96,30,66
rural,96,69,27
successful,96,11,85
straw,96,70,26
spit,96,26,70
surplu,96,67,29
polar,96,55,41
bake,96,47,49
hereaft,96,38,58
hxpncurrent,96,0,96
dond,96,33,63
exceedingli,96,11,85
lid,96,65,31
repl,96,60,36
zhang,96,93,3
ega,96,31,65
intrus,96,42,54
mic,96,25,71
nmblookup,96,96,0
cuando,96,19,77
invoc,96,79,17
xdgmimemag,96,96,0
malaria,96,89,7
sitz,96,18,78
alison,96,81,15
nicknam,96,77,19
scooter,96,92,4
cazescapenumb,96,96,0
rethink,96,89,7
escapenumberhr,96,27,69
doubletalk,96,96,0
automot,96,55,41
hereto,96,71,25
wcach,96,96,0
flick,96,30,66
cowboy,96,64,32
bacteria,96,28,68
leno,96,95,1
mississippi,96,78,18
shelter,96,26,70
baseescapenumb,96,88,8
slept,96,10,86
preach,96,21,75
sibl,95,70,25
pasm,95,95,0
underneath,95,64,31
devin,95,11,84
eott,95,95,0
benoit,95,86,9
booster,95,32,63
opec,95,69,26
citat,95,60,35
genera,95,13,82
rgdb,95,95,0
hoc,95,86,9
prov,95,86,9
zf,95,88,7
shelv,95,77,18
perkin,95,81,14
fre,95,4,91
secdesc,95,95,0
reverend,95,9,86
netr,95,95,0
undervaiu,95,0,95
bonanza,95,12,83
venabl,95,95,0
mia,95,14,81
autumn,95,36,59
antidot,95,3,92
questionnair,95,71,24
thierri,95,89,6
subtl,95,53,42
opendir,95,95,0
rcsid,95,95,0
unwil,95,69,26
yourseif,95,0,95
escapenumberoffic,95,0,95
eben,95,82,13
stahl,95,86,9
giusepp,95,89,6
flake,95,7,88
juno,95,52,43
hibern,95,82,13
regval,95,95,0
wick,95,9,86
genentech,95,94,1
byron,95,75,20
gome,95,93,2
springer,95,51,44
weekday,95,73,22
activest,95,95,0
clerk,95,51,44
haid,95,0,95
iaescapenumb,95,91,4
duo,95,68,27
mustapha,95,87,8
qual,95,90,5
mugab,95,9,86
katz,95,83,12
synchron,95,55,40
resiz,95,81,14
brant,95,81,14
powerquest,95,0,95
joyc,95,73,22
obedi,95,6,89
snowflak,95,4,91
reconcili,94,88,6
nickel,94,27,67
suffic,94,64,30
drought,94,79,15
betaescapenumb,94,92,2
inn,94,55,39
nrg,94,89,5
shove,94,25,69
cameron,94,63,31
newcastl,94,82,12
exxonmobil,94,31,63
grad,94,74,20
nope,94,80,14
stein,94,83,11
avila,94,90,4
westminst,94,54,40
jeani,94,91,3
teas,94,30,64
leed,94,84,10
denounc,94,37,57
pastor,94,37,57
subdirectori,94,88,6
sasprog,94,94,0
lamadrid,94,94,0
psid,94,94,0
sutt,94,0,94
fist,94,16,78
syria,94,64,30
iescapenumberf,94,89,5
blunt,94,64,30
shquot,94,94,0
outperform,94,33,61
wxga,94,2,92
resend,94,75,19
direccion,94,1,93
detain,94,52,42
poorli,94,56,38
tor,94,51,43
dubiou,94,79,15
hickerson,94,94,0
xbreak,94,94,0
mutter,94,8,86
overlay,94,87,7
chandler,94,77,17
eclips,94,36,58
debacl,94,61,33
unaccept,94,86,8
garner,94,66,28
suv,94,79,15
skew,94,88,6
hastili,94,15,79
tragic,94,57,37
osman,94,93,1
cbc,94,84,10
unlaw,94,75,19
durch,94,32,62
melbourn,94,73,21
alright,94,33,61
miliennium,94,0,94
arrog,94,34,60
lesley,94,88,6
invert,94,82,12
fitescapenumb,94,94,0
dub,94,56,38
tudor,94,17,77
seg,94,73,21
kenni,94,79,15
portray,93,57,36
modprob,93,93,0
endeavour,93,37,56
psi,93,76,17
pronounc,93,37,56
hostag,93,61,32
millenium,93,11,82
lilli,93,71,22
bean,93,52,41
uchar,93,93,0
stud,93,20,73
holland,93,55,38
patrimonio,93,84,9
keycod,93,93,0
trait,93,70,23
pastoria,93,91,2
thesi,93,83,10
wireshark,93,93,0
famiiiar,93,0,93
embargo,93,33,60
portli,93,0,93
nato,93,60,33
mccoy,93,82,11
poisson,93,89,4
nigel,93,92,1
rot,93,48,45
dug,93,36,57
dove,93,13,80
loyalti,93,44,49
decept,93,55,38
grub,93,80,13
wscc,93,93,0
xavier,93,60,33
breed,93,31,62
gerontolog,93,90,3
smbc,93,93,0
aros,93,29,64
uncomfort,93,49,44
spectacular,93,54,39
daybook,93,93,0
posixct,93,93,0
whirl,93,5,88
seiect,93,0,93
miilennium,93,0,93
aaron,93,63,30
fawcett,93,93,0
lohman,93,93,0
bayesian,93,78,15
signifi,93,24,69
littlefield,93,93,0
pyxpcom,93,93,0
landi,93,78,15
testprog,93,93,0
aig,93,90,3
johannesburg,93,5,88
miiiion,93,0,93
jacquelin,93,52,41
coca,93,33,60
jafri,93,93,0
openpgp,93,93,0
primer,93,28,65
tot,93,66,27
baa,93,89,4
uauthor,93,0,93
listserv,93,88,5
radiotv,93,93,0
asylum,93,12,81
flyer,93,41,52
nread,93,93,0
diesel,93,54,39
rng,92,91,1
eprofil,92,92,0
condens,92,61,31
sleepi,92,11,81
unemploy,92,65,27
ratifi,92,28,64
wagner,92,78,14
zfsacl,92,92,0
cialissofttabsa,92,0,92
schweiz,92,8,84
thunderstorm,92,71,21
domaindn,92,92,0
infam,92,35,57
mania,92,6,86
dbname,92,92,0
birkhead,92,92,0
euci,92,92,0
typeof,92,90,2
dissatisfi,92,7,85
outfil,92,92,0
diverg,92,48,44
whiie,92,0,92
mylist,92,92,0
ici,92,13,79
messi,92,77,15
freewar,92,14,78
binescapenumb,92,92,0
seth,92,85,7
pbx,92,8,84
prerequisit,92,72,20
tani,92,91,1
ejemplo,92,14,78
geehrt,92,7,85
sgxi,92,0,92
murrel,92,92,0
hewitt,92,79,13
cnet,92,48,44
curl,92,22,70
abe,92,20,72
motorola,92,42,50
anyhow,92,53,39
regexp,92,91,1
wiii,92,0,92
starv,92,31,61
ori,92,39,53
backslash,92,90,2
expior,92,0,92
burner,92,36,56
wilcoxon,92,92,0
diiigenc,92,0,92
tramadola,92,0,92
habe,92,52,40
vuser,92,92,0
moham,92,15,77
steadfast,92,8,84
snippet,92,76,16
ksc,92,92,0
aescapenumberm,92,23,69
vida,92,21,71
donoho,92,91,1
pst,92,56,36
fifo,92,84,8
eighteen,92,19,73
libtalloc,92,92,0
dirnam,92,92,0
flickr,92,83,9
viagrasofttabsa,92,0,92
midst,92,36,56
plgescapenumb,91,0,91
annot,91,77,14
walsh,91,82,9
conv,91,80,11
mdescapenumbersum,91,91,0
xerox,91,41,50
telefon,91,6,85
notr,91,26,65
portcalc,91,91,0
sm,91,23,68
miguel,91,69,22
venta,91,19,72
shtml,91,67,24
enddat,91,91,0
valv,91,77,14
vat,91,18,73
petrochem,91,59,32
misus,91,67,24
jazz,91,41,50
auckland,91,82,9
ador,91,21,70
govt,91,80,11
liberia,91,3,88
ecom,91,84,7
marti,91,78,13
flavor,91,43,48
sajka,91,91,0
bot,91,69,22
sarkar,91,90,1
supposedli,91,78,13
missionari,91,15,76
gua,91,1,90
webcrawl,91,89,2
guaranti,91,66,25
kumar,91,91,0
idiot,91,38,53
imceanot,91,91,0
jvm,91,88,3
cape,91,49,42
ocat,91,2,89
wool,91,3,88
biilion,91,0,91
belli,91,34,57
queensland,91,78,13
ipodsweepstak,91,91,0
debugg,91,77,14
movabl,91,6,85
aviat,91,46,45
ness,91,36,55
jolli,91,45,46
materiaili,91,0,91
swear,91,28,63
villefort,91,0,91
wee,91,21,70
donovan,91,71,20
yuchen,91,91,0
libsmbsharemod,91,91,0
nvidia,91,69,22
byer,91,66,25
mp,91,71,20
sei,91,45,46
trevino,90,87,3
getdcnam,90,90,0
preschedul,90,90,0
fono,90,6,84
cote,90,10,80
bitt,90,18,72
cline,90,88,2
utd,90,76,14
sica,90,1,89
surpass,90,41,49
alok,90,90,0
stamina,90,5,85
vera,90,53,37
flex,90,74,16
cac,90,74,16
handwrit,90,14,76
tagg,90,90,0
sequenti,90,78,12
voor,90,42,48
charit,90,45,45
geoffrey,90,27,63
fountain,90,29,61
eprm,90,90,0
shelley,90,72,18
precautionari,90,10,80
nica,90,34,56
flagsescapenumb,90,90,0
induc,90,44,46
bod,90,74,16
tame,90,15,75
hakemack,90,90,0
mein,90,13,77
acheiv,90,4,86
salvag,90,84,6
dieter,90,87,3
impati,90,26,64
freedesktop,90,90,0
ding,90,63,27
deng,90,87,3
bolivia,90,68,22
wenn,90,27,63
schmitt,90,84,6
rode,90,36,54
ivori,90,22,68
themuso,90,90,0
asunto,90,15,75
universit,90,86,4
eaescapenumb,90,79,11
qualitystock,90,0,90
piazz,90,90,0
levin,90,68,22
cnnmoney,90,80,10
constitu,90,58,32
synergi,90,54,36
osprey,90,74,16
fad,90,12,78
unreach,90,85,5
outdat,90,78,12
newton,90,70,20
ssl,90,64,26
solair,90,90,0
dynexp,90,90,0
repurchas,89,54,35
rtr,89,88,1
quo,89,36,53
summudl,89,85,4
martinj,89,89,0
eng,89,50,39
msdf,89,89,0
yearli,89,35,54
coescapenumb,89,72,17
sidtyp,89,89,0
hug,89,28,61
shootout,89,88,1
provincia,89,23,66
conferenc,89,45,44
drank,89,16,73
esa,89,72,17
denmark,89,70,19
sharewar,89,15,74
blaster,89,6,83
fazit,89,1,88
troubleshoot,89,80,9
pave,89,59,30
reliantenergi,89,89,0
debit,89,28,61
ioqo,89,0,89
practition,89,58,31
durabl,89,20,69
prostat,89,39,50
oxnard,89,64,25
sua,89,15,74
yaman,89,88,1
conway,89,77,12
pct,89,87,2
churchil,89,12,77
reconnect,89,78,11
htmlimg,89,0,89
hdd,89,44,45
oat,89,75,14
ware,89,26,63
rfc,89,72,17
medallion,89,9,80
meaningless,89,71,18
superpos,89,85,4
sadli,89,41,48
porch,89,6,83
unfold,89,57,32
footnot,89,75,14
nng,89,88,1
iptabl,89,86,3
expiod,89,0,89
riverdeep,89,0,89
npt,89,89,0
betti,89,27,62
janeiro,89,62,27
smoker,89,26,63
jescapenumb,89,30,59
topock,89,89,0
roth,88,67,21
dpl,88,83,5
zipper,88,74,14
soften,88,24,64
cultiv,88,39,49
burnt,88,27,61
hoy,88,39,49
vec,88,83,5
apparel,88,21,67
nomine,88,79,9
easttexa,88,88,0
verkauf,88,6,82
inst,88,67,21
edi,88,75,13
spl,88,72,16
unter,88,23,65
envio,88,2,86
paxil,88,0,88
letzten,88,5,83
commemor,88,66,22
randomforest,88,88,0
bjorn,88,85,3
escapenumbernzx,88,88,0
cliescapenumb,88,88,0
adv,88,32,56
pdc,88,84,4
cbm,88,14,74
lti,88,84,4
casualti,88,58,30
einfach,88,8,80
punto,88,23,65
holocaust,88,73,15
potter,88,65,23
footer,88,51,37
joli,88,79,9
serg,88,0,88
dotplot,88,88,0
guilt,88,23,65
derbi,88,70,18
nitrid,88,0,88
aiway,88,0,88
bulgaria,88,43,45
bori,88,54,34
comcast,88,60,28
postconfigur,88,88,0
oba,88,85,3
noneedl,88,0,88
nutrisystem,88,3,85
license,88,67,21
unparallel,88,10,78
tramadol,88,1,87
sanchez,88,70,18
ambieen,88,0,88
logit,88,87,1
xanescapenumberx,88,0,88
outfit,88,40,48
siguient,88,12,76
ciudad,88,21,67
curt,88,48,40
hockey,88,37,51
griffin,88,75,13
eia,88,83,5
cdc,88,74,14
expo,88,47,41
drsuapi,88,88,0
vilno,88,88,0
ambescapenumberen,88,0,88
sido,88,63,25
finit,88,60,28
glisan,88,88,0
gladli,88,21,67
mauric,88,38,50
valescapenumberum,88,0,88
herren,87,6,81
dit,87,42,45
carolyn,87,69,18
lexi,87,86,1
bic,87,87,0
pcg,87,45,42
yitzl,87,87,0
mute,87,32,55
lawn,87,57,30
denomin,87,66,21
sabra,87,75,12
claudia,87,69,18
lorna,87,82,5
ciso,87,87,0
beleagu,87,87,0
aloud,87,5,82
concaten,87,76,11
unsur,87,83,4
spear,87,51,36
builddir,87,87,0
drastic,87,46,41
peril,87,44,43
fsctl,87,87,0
plantest,87,87,0
arcor,87,87,0
optimum,87,45,42
hebron,87,87,0
tester,87,59,28
daisi,87,12,75
mover,87,42,45
erhalten,87,14,73
mister,87,66,21
kurt,87,66,21
compra,87,3,84
podr,87,17,70
chapman,87,68,19
pcmcia,87,58,29
unrecogn,87,57,30
heut,87,10,77
pond,87,58,29
systemat,87,64,23
softtab,87,0,87
philippin,87,55,32
wigg,87,87,0
firmli,87,35,52
shepherd,87,62,25
daw,87,77,10
sticki,87,17,70
smbcontrol,87,87,0
elyakhlifi,87,87,0
candi,87,31,56
flynn,87,72,15
avon,87,65,22
fusion,87,61,26
catescapenumb,87,87,0
sokolov,87,87,0
macrmedia,87,0,87
ascend,87,31,56
glastonburi,87,87,0
monteiro,87,87,0
inventor,87,51,36
bystr,87,87,0
moscoso,87,87,0
disolv,87,0,87
sprang,87,4,83
configfil,87,87,0
bibi,87,86,1
pwc,87,86,1
vanessa,87,54,33
countriesw,87,0,87
backtrac,87,87,0
engr,86,11,75
afflict,86,16,70
creep,86,23,63
copier,86,64,22
roundtabl,86,81,5
samlogon,86,86,0
italia,86,71,15
cantekin,86,86,0
here,86,7,79
scribner,86,81,5
chal,86,85,1
bvyhpric,86,0,86
tdbtool,86,86,0
cheaap,86,0,86
fetchescapenumb,86,86,0
gingrich,86,83,3
southwestern,86,34,52
prudent,86,52,34
cascad,86,47,39
metzmach,86,86,0
dann,86,28,58
syntact,86,78,8
rattl,86,44,42
hush,86,7,79
realbin,86,86,0
communist,86,67,19
unwind,86,81,5
undisclos,86,72,14
simiiar,86,0,86
foss,86,69,17
diaz,86,78,8
lnterest,86,0,86
wheelchair,86,44,42
checker,86,72,14
spun,86,31,55
cett,86,40,46
xom,86,11,75
buiid,86,0,86
autoconf,86,85,1
drawback,86,66,20
bathroom,86,30,56
haul,86,63,23
weli,86,0,86
marlow,86,7,79
repetit,86,39,47
epsilon,86,81,5
colleen,86,82,4
rodney,86,66,20
melinda,86,77,9
gaug,86,71,15
confidentiai,86,0,86
sup,86,26,60
gasp,86,8,78
fcc,86,54,32
strchr,86,86,0
methan,86,21,65
hwi,86,34,52
oram,86,0,86
smescapenumberli,86,86,0
lightli,86,24,62
whitney,86,65,21
nintendo,86,58,28
conceptu,86,61,25
dori,86,67,19
romeo,86,62,24
ffcfescapenumb,86,86,0
illescapenumb,86,0,86
downsid,86,68,18
amor,86,10,76
woridwid,86,0,86
energet,86,13,73
jar,86,38,48
hui,86,77,9
mulligan,86,31,55
stunt,86,28,58
olsen,86,78,8
startdat,85,85,0
flung,85,5,80
mtg,85,66,19
desiqn,85,0,85
mug,85,39,46
damen,85,5,80
breaker,85,76,9
supplic,85,77,8
oooo,85,81,4
withdrawn,85,62,23
pragu,85,80,5
starter,85,48,37
dixon,85,70,15
lash,85,26,59
blanco,85,66,19
filesi,85,85,0
purport,85,47,38
heighten,85,65,20
koepk,85,85,0
swirl,85,44,41
tonn,85,22,63
viabil,85,74,11
heartwarm,85,3,82
cwtd,85,0,85
subvers,85,71,14
daddi,85,38,47
copenhagen,85,57,28
sharad,85,85,0
osc,85,82,3
honey,85,19,66
valeur,85,74,11
underscor,85,79,6
tribut,85,62,23
hobbi,85,29,56
itinerari,85,69,16
uso,85,12,73
multitud,85,24,61
lockdir,85,85,0
savita,85,85,0
jerk,85,25,60
soak,85,24,61
encompass,85,40,45
fallback,85,77,8
yvett,85,78,7
svk,85,85,0
hgh,85,2,83
durant,85,35,50
charleston,85,76,9
joan,85,59,26
amex,85,38,47
nuy,85,2,83
tougher,85,83,2
pkgconfig,85,85,0
holli,85,62,23
succe,85,73,12
pepper,85,14,71
utterli,85,22,63
viel,85,26,59
barr,85,24,61
inv,85,38,47
sober,85,8,77
baumann,85,81,4
wheeler,85,51,34
fingertip,85,8,77
mercado,85,24,61
mcloughlin,85,85,0
lowri,85,75,10
pinpoint,85,28,57
pescapenumberp,85,81,4
genego,84,84,0
prob,84,76,8
glasgow,84,76,8
jeffpang,84,84,0
esther,84,74,10
avaiiabi,84,0,84
unexpectedli,84,56,28
removido,84,0,84
purg,84,53,31
isda,84,84,0
cescapenumbero,84,2,82
rsn,84,83,1
weep,84,8,76
shatter,84,33,51
mischiev,84,1,83
undiscov,84,7,77
hanov,84,82,2
goddard,84,54,30
romanc,84,22,62
dabei,84,10,74
pmb,84,2,82
cnyoemdv,84,0,84
unsetenv,84,82,2
mkversion,84,84,0
sank,84,37,47
zocor,84,9,75
wha,84,44,40
accent,84,29,55
ieor,84,84,0
eleph,84,46,38
worthington,84,78,6
brooklyn,84,49,35
denot,84,47,37
combo,84,26,58
fluid,84,55,29
mingw,84,84,0
crippl,84,61,23
eiectric,84,0,84
vaughn,84,64,20
installdir,84,84,0
romant,84,27,57
doserr,84,84,0
tmpdir,84,84,0
wildcard,84,68,16
perlcrit,84,84,0
negat,84,59,25
influenza,84,50,34
placebo,84,75,9
berni,84,63,21
tiempo,84,13,71
oneself,84,18,66
natali,84,62,22
scissor,84,3,81
naveen,84,84,0
thinkpad,84,71,13
dismal,84,18,66
ruler,84,13,71
bluetooth,84,30,54
delray,84,0,84
complement,84,47,37
fruitless,84,19,65
hatch,84,68,16
avert,84,24,60
countless,84,47,37
keller,84,68,16
sampi,84,0,84
idlelib,84,84,0
bulg,84,7,77
worsen,84,75,9
provoc,83,60,23
closet,83,37,46
sew,83,17,66
miscellan,83,34,49
overli,83,71,12
indirectli,83,65,18
rosa,83,43,40
rcmdr,83,83,0
cert,83,74,9
fasb,83,83,0
getpid,83,83,0
aescapenumberto,83,0,83
isnt,83,23,60
mnss,83,82,1
bravo,83,61,22
shiit,83,78,5
armor,83,45,38
maliki,83,32,51
atp,83,2,81
nokia,83,34,49
jung,83,51,32
tt,83,83,0
mediat,83,55,28
bradi,83,56,27
eda,83,20,63
bzrignor,83,83,0
wertpapi,83,5,78
scrape,83,28,55
icc,83,82,1
yep,83,80,3
newsw,83,82,1
emi,83,55,28
gritti,83,79,4
certificado,83,1,82
cafe,83,54,29
irregular,83,38,45
iheimd,83,83,0
museo,83,81,2
inkjet,83,20,63
som,83,18,65
engi,83,82,1
factua,83,0,83
cab,83,40,43
ike,83,12,71
effectu,83,9,74
weaker,83,66,17
britney,83,70,13
sma,83,15,68
obsess,83,55,28
manifesto,83,80,3
trainer,83,46,37
msd,83,80,3
brussel,83,61,22
important,83,13,70
kinda,83,76,7
walt,83,45,38
strncmp,83,83,0
ego,83,29,54
demi,83,5,78
dienen,83,6,77
dubai,83,29,54
catalyst,83,44,39
cet,83,69,14
rafal,83,82,1
capillz,83,0,83
partak,83,5,78
junction,83,64,19
rolf,83,81,2
angelina,83,66,17
shar,83,72,11
rusti,83,55,28
buggi,83,48,35
diephous,83,83,0
nicola,82,70,12
groan,82,3,79
phenterminea,82,0,82
linkag,82,68,14
upheld,82,42,40
brink,82,58,24
ghana,82,11,71
jealou,82,13,69
smack,82,56,26
constantcontact,82,74,8
lmp,82,82,0
objeto,82,68,14
shorten,82,61,21
comtex,82,8,74
tstescapenumb,82,79,3
energybiz,82,82,0
smbmount,82,82,0
visuai,82,0,82
liverpool,82,55,27
ehronlin,82,82,0
hudson,82,48,34
breez,82,50,32
blink,82,29,53
impass,82,34,48
squnixxescapenumb,82,82,0
renown,82,48,34
outdon,82,0,82
sob,82,12,70
bristol,82,75,7
chdir,82,81,1
readonli,82,80,2
grove,82,54,28
verstehen,82,6,76
pread,82,79,3
reconsid,82,71,11
workfromhomemethod,82,0,82
versa,82,51,31
cave,82,47,35
nonsmbd,82,82,0
unpaid,82,44,38
who,82,6,76
davidson,82,73,9
dent,82,37,45
memorandum,82,70,12
defici,82,67,15
blur,82,20,62
newdata,82,82,0
flore,82,73,9
ltype,82,82,0
pnorm,82,82,0
tinn,82,82,0
undoubtedli,82,28,54
locl,82,82,0
bdescapenumbera,82,82,0
libj,82,82,0
mfrow,82,82,0
getgroup,82,82,0
clase,82,3,79
levelplot,82,82,0
gettimeofday,82,82,0
stunden,82,2,80
prooven,82,0,82
cornel,82,53,29
necesario,82,14,68
symposium,82,71,11
smarter,82,51,31
terrain,82,27,55
blu,82,74,8
newco,82,82,0
cryobank,82,0,82
adsl,82,14,68
ba,82,51,31
gzo,82,0,82
norri,82,45,37
griev,82,22,60
biden,82,82,0
tomcat,82,76,6
miningnew,82,0,82
mbrtowc,82,82,0
ybreak,82,82,0
maechler,82,81,1
avatar,82,76,6
there,82,3,79
mtm,82,80,2
storey,82,80,2
roulett,81,0,81
upfront,81,52,29
pinch,81,25,56
ohn,81,26,55
sore,81,31,50
maid,81,8,73
spammer,81,68,13
kennen,81,2,79
idr,81,81,0
ct,81,50,31
wstat,81,81,0
nline,81,54,27
railroad,81,33,48
glare,81,17,64
predecessor,81,58,23
sapphir,81,1,80
thorn,81,52,29
unknownescapenumb,81,81,0
curit,81,4,77
mer,81,41,40
jacqu,81,56,25
mio,81,7,74
runop,81,81,0
mumia,81,81,0
aiert,81,0,81
albeit,81,63,18
progra,81,80,1
orphan,81,48,33
honda,81,62,19
wessex,81,81,0
reschedul,81,80,1
villa,81,53,28
insecur,81,20,61
plotescapenumb,81,81,0
jungl,81,38,43
ree,81,18,63
cloak,81,20,61
mutat,81,64,17
mir,81,57,24
subcommitte,81,77,4
jana,81,71,10
mccarti,81,78,3
sectionl,81,0,81
wbflag,81,81,0
sheer,81,20,61
lori,81,64,17
tens,81,30,51
donahu,81,65,16
escapenumberdemail,81,81,0
lamb,81,52,29
smbsrv,81,81,0
chavez,81,76,5
cob,81,71,10
panelist,81,73,8
abbrevi,81,63,18
embryon,81,70,11
maci,81,8,73
wsnight,81,81,0
schreef,81,80,1
miniparrot,81,81,0
dancer,81,52,29
teja,81,81,0
gloom,81,6,75
ro,81,2,79
portug,81,45,36
softli,81,4,77
apprais,81,36,45
classnam,81,81,0
markov,81,76,5
hollow,81,9,72
grescapenumb,81,68,13
estado,81,56,25
reel,81,47,34
mu,80,59,21
biliion,80,0,80
poder,80,20,60
torment,80,3,77
timelimit,80,79,1
worthless,80,31,49
aufforderung,80,5,75
soyuz,80,79,1
mhi,80,79,1
wildli,80,28,52
glitch,80,71,9
fairfax,80,16,64
pai,80,23,57
acuerdo,80,34,46
baseload,80,80,0
uphold,80,55,25
gopar,80,0,80
atm,80,43,37
godbol,80,80,0
reef,80,30,50
gline,80,80,0
layoff,80,71,9
getlin,80,80,0
ivoir,80,1,79
helicopt,80,48,32
bo,80,77,3
diebold,80,65,15
incluido,80,6,74
agreeput,80,2,78
countdown,80,68,12
uber,80,7,73
bhaer,80,0,80
hydroelectr,80,73,7
capabii,80,0,80
alin,80,75,5
adipren,80,0,80
stoxo,80,0,80
kc,80,79,1
puerto,80,43,37
scre,80,0,80
alma,80,67,13
powermarket,80,80,0
endow,80,22,58
submarin,80,15,65
chequ,80,14,66
sebastian,80,63,17
alain,80,42,38
tge,80,79,1
verifiziert,80,0,80
molecul,80,46,34
slone,80,80,0
cour,80,68,12
corridor,80,33,47
coron,80,18,62
rpoi,80,80,0
nay,80,25,55
perch,80,18,62
columbu,80,58,22
eyewear,80,0,80
keinesfal,80,5,75
getopt,80,80,0
lemon,80,56,24
medley,80,3,77
quantil,80,75,5
ripe,80,23,57
tickl,80,35,45
letterman,80,73,7
bestmortgagemethod,80,0,80
helpdesk,80,65,15
kevorkian,80,80,0
cabotmail,80,80,0
oom,80,40,40
grandmoth,80,22,58
detent,80,29,51
copd,80,0,80
ahm,80,23,57
carpet,80,22,58
tso,80,73,7
bass,80,43,37
hydrocodon,80,0,80
ple,80,32,48
homer,80,69,11
artefact,80,79,1
interoper,79,64,15
tti,79,57,22
samer,79,79,0
jointli,79,62,17
qfileinfo,79,79,0
tori,79,59,20
lapack,79,79,0
cdnow,79,79,0
ingmar,79,15,64
sara,79,36,43
compiianc,79,0,79
falwel,79,79,0
edf,79,78,1
neighbour,79,38,41
anno,79,68,11
warmest,79,9,70
hesco,79,79,0
interven,79,62,17
deshmukh,79,79,0
kari,79,71,8
cda,79,58,21
conglomer,79,19,60
cldap,79,79,0
cve,79,67,12
conscienc,79,17,62
tangibl,79,54,25
broadli,79,64,15
xyz,79,75,4
jaw,79,55,24
det,79,45,34
halfway,79,40,39
genesearch,79,79,0
leopold,79,56,23
aescapenumberb,79,14,65
oca,79,56,23
datescapenumb,79,76,3
kerr,79,63,16
constructor,79,47,32
deborah,79,57,22
hel,79,64,15
cinergi,79,79,0
irix,79,78,1
casey,79,55,24
acceso,79,21,58
spade,79,4,75
hackensack,79,3,76
jhsph,79,79,0
shone,79,2,77
elbow,79,28,51
woo,79,58,21
dlist,79,79,0
leonard,79,21,58
webspher,79,66,13
hierarch,79,66,13
nfslock,79,79,0
deliver,79,57,22
contriv,79,20,59
profound,79,22,57
fatah,79,61,18
speclal,79,0,79
liver,79,51,28
conspir,79,33,46
reqard,79,0,79
cbt,79,76,3
concis,79,53,26
petro,79,31,48
fer,79,38,41
sanofi,79,65,14
bambo,79,79,0
framemak,79,0,79
rafael,79,65,14
ottawa,79,73,6
wretch,79,1,78
onshor,79,28,51
leisur,79,16,63
maco,79,76,3
stwbom,79,79,0
practis,79,8,71
torch,79,44,35
transco,79,79,0
gratifi,79,24,55
openbsd,78,72,6
smop,78,78,0
curli,78,29,49
lisp,78,68,10
obnoxi,78,22,56
prcomp,78,78,0
flourish,78,21,57
dhcp,78,73,5
gckqr,78,23,55
ppl,78,71,7
youngman,78,75,3
magick,78,39,39
elderli,78,33,45
onlineshop,78,0,78
fitzgerald,78,40,38
sear,78,35,43
vertigo,78,76,2
nee,78,8,70
autogener,78,78,0
ansi,78,58,20
globalretailonlin,78,0,78
solomon,78,48,30
oslo,78,71,7
wgr,78,6,72
savior,78,9,69
escapenumberfpidl,78,78,0
nscd,78,77,1
castl,78,28,50
jake,78,67,11
cibc,78,36,42
ratepay,78,70,8
lda,78,76,2
escapenumberfd,78,71,7
pkinit,78,78,0
preis,78,1,77
stab,78,45,33
escapenumbermm,78,53,25
gloriou,78,7,71
toolkit,78,47,31
pearc,78,64,14
nonlinear,78,77,1
voyag,78,49,29
regent,78,10,68
xara,78,0,78
glue,78,44,34
pinion,78,66,12
locker,78,43,35
lmaster,78,78,0
retrofit,78,12,66
mudl,78,44,34
gibson,78,46,32
outlaw,78,25,53
wong,78,58,20
boo,78,36,42
viaqra,78,0,78
connolli,78,72,6
nathaniel,78,42,36
eigenvalu,78,70,8
kur,78,1,77
dispens,78,20,58
sang,78,23,55
te,78,30,48
powerhous,78,46,32
extractor,78,50,28
recours,78,67,11
keter,78,78,0
lament,78,22,56
bon,78,58,20
spector,77,73,4
patron,77,39,38
slack,77,53,24
arstechnica,77,77,0
burk,77,52,25
ieee,77,46,31
airplan,77,32,45
gracia,77,24,53
pseudorandom,77,77,0
barker,77,71,6
bombay,77,66,11
parquet,77,74,3
lousi,77,58,19
openoffic,77,74,3
rectangl,77,58,19
plow,77,24,53
emc,77,43,34
miniatur,77,19,58
quickset,77,0,77
litti,77,0,77
ipescapenumb,77,75,2
wrestl,77,30,47
allot,77,27,50
tata,77,76,1
kurz,77,7,70
welch,77,64,13
sager,77,76,1
cricket,77,56,21
brighter,77,17,60
fatescapenumb,77,77,0
tisdal,77,75,2
nixon,77,55,22
roller,77,23,54
involuntari,77,72,5
pamela,77,63,14
loglik,77,77,0
unset,77,75,2
ntf,77,68,9
highland,77,26,51
dsvdi,77,77,0
unaccount,77,72,5
ftc,77,70,7
klasterecki,77,77,0
horario,77,0,77
xfmail,77,77,0
capillari,77,1,76
evalq,77,77,0
ragga,77,1,76
sweat,77,23,54
eiement,77,0,77
dum,77,76,1
intermountainmail,77,77,0
initgroup,77,77,0
marina,77,22,55
vermont,77,39,38
camel,77,25,52
freak,77,44,33
pertin,77,49,28
mfc,77,2,75
unravel,77,69,8
sectarian,77,52,25
derefer,77,66,11
forehead,77,6,71
floyd,77,63,14
boers,77,6,71
chipset,77,70,7
citizenship,77,65,12
kosten,77,2,75
fiona,77,72,5
cannon,77,55,22
homehealthcapit,77,0,77
piano,77,26,51
mangl,77,64,13
beset,77,8,69
babe,77,6,71
eth,77,65,12
repatri,77,51,26
usescapenumb,77,42,35
tenur,77,38,39
ponton,77,77,0
hare,77,40,37
someday,77,28,49
hallo,77,59,18
on,76,41,35
verdict,76,63,13
dedalu,76,0,76
ira,76,57,19
gig,76,54,22
gel,76,22,54
lighter,76,39,37
improperli,76,65,11
santo,76,42,34
vener,76,20,56
prejudic,76,29,47
jorg,76,64,12
severson,76,75,1
turmoil,76,59,17
sway,76,26,50
lsu,76,74,2
incompar,76,20,56
pdfserver,76,76,0
ener,76,68,8
gustavo,76,71,5
amanda,76,64,12
kadmescapenumb,76,76,0
tore,76,21,55
kinder,76,58,18
dhash,76,76,0
bsp,76,9,67
resurrect,76,26,50
ting,76,25,51
rex,76,61,15
bestow,76,5,71
bakersfield,76,18,58
genom,76,58,18
planner,76,62,14
dazzl,76,23,53
circular,76,47,29
objid,76,76,0
realtim,76,63,13
yum,76,73,3
ole,76,51,25
propon,76,54,22
spiehera,76,76,0
elli,76,54,22
jumper,76,74,2
hardcor,76,11,65
etter,76,9,67
strequal,76,76,0
terra,76,26,50
excav,76,57,19
creas,76,6,70
cbckd,76,0,76
karpenkov,76,0,76
rotterdam,76,71,5
hound,76,59,17
whitelist,76,50,26
clasp,76,4,72
hrb,76,76,0
heya,76,23,53
epidem,76,50,26
cnbc,76,68,8
furi,76,22,54
weld,76,14,62
nxb,76,76,0
hilari,76,36,40
torrent,76,26,50
supatgiat,76,76,0
valeri,76,58,18
initshutdown,76,76,0
blot,76,8,68
onnod,76,76,0
vier,76,10,66
enymex,76,76,0
beurteilung,76,1,75
leth,76,1,75
bishop,76,35,41
roberto,76,62,14
tal,76,25,51
limb,76,26,50
elongview,76,0,76
rugbi,76,62,14
pleasantview,76,0,76
hace,76,35,41
unregul,76,51,25
grigsbi,76,76,0
biker,76,2,74
dagga,76,0,76
documento,76,10,66
reiianc,76,0,76
redesign,76,54,22
glimps,76,43,33
jhmi,76,76,0
eid,76,58,18
hol,76,69,7
blackjack,75,9,66
surgeon,75,41,34
gerri,75,67,8
imprison,75,25,50
msc,75,48,27
emil,75,9,66
scatterplot,75,75,0
initialis,75,75,0
invad,75,34,41
milwauke,75,61,14
coher,75,35,40
moistur,75,14,61
greedi,75,41,34
alguno,75,10,65
talbot,75,66,9
pcda,75,75,0
derail,75,57,18
convini,75,4,71
surcharg,75,69,6
tdom,75,0,75
everytim,75,47,28
comedian,75,41,34
weblog,75,48,27
luther,75,49,26
hing,75,27,48
ilan,75,8,67
lydeck,75,75,0
mbol,75,0,75
coop,75,55,20
textil,75,13,62
triumph,75,31,44
huntington,75,53,22
congo,75,15,60
mccarthi,75,56,19
ele,75,60,15
proactiv,75,57,18
geociti,75,4,71
argentino,75,6,69
offsetof,75,75,0
meltdown,75,61,14
refrain,75,51,24
monet,75,68,7
aescapenumberf,75,7,68
glut,75,11,64
taint,75,49,26
dimnam,75,75,0
utev,75,0,75
backer,75,67,8
mtime,75,75,0
rigor,75,61,14
stub,75,67,8
unesco,75,52,23
intermountain,75,75,0
carabinieri,75,75,0
cocoa,75,40,35
magnfic,75,0,75
packfil,75,75,0
abid,75,37,38
timespec,75,75,0
peterson,75,34,41
princomp,75,75,0
unsuitabi,75,0,75
cdt,75,67,8
booth,75,34,41
inquisit,75,2,73
ffffff,75,2,73
sophi,75,65,10
elsa,75,68,7
oma,75,55,20
howl,75,9,66
snd,75,72,3
llu,75,69,6
wallpap,75,30,45
sash,75,4,71
evento,75,7,68
genco,75,75,0
robberi,75,66,9
geologist,75,25,50
dharshana,75,75,0
lafayett,75,60,15
lune,75,13,62
beard,75,22,53
optoneupd,75,0,75
terminolog,75,65,10
rho,74,69,5
baughman,74,74,0
pcx,74,73,1
unheard,74,11,63
desarrollo,74,22,52
nonprofit,74,56,18
hamper,74,57,17
dissect,74,70,4
latitud,74,52,22
janu,74,62,12
hmmm,74,70,4
accrual,74,60,14
mechanizim,74,0,74
bse,74,67,7
liaw,74,74,0
benedict,74,56,18
cescapenumberi,74,5,69
dome,74,36,38
outlier,74,74,0
inspector,74,39,35
unriv,74,7,67
muse,74,31,43
pton,74,74,0
thicker,74,4,70
gutierrez,74,69,5
improp,74,62,12
bev,74,24,50
restrictmat,74,74,0
tux,74,11,63
dental,74,25,49
acadia,74,1,73
psa,74,46,28
distcc,74,74,0
aftermath,74,50,24
exterior,74,20,54
vet,74,59,15
acni,74,0,74
conc,74,61,13
dali,74,53,21
renov,74,18,56
ianal,74,74,0
deplet,74,34,40
homesit,74,0,74
rabi,74,72,2
subjescapenumb,74,74,0
guatemala,74,53,21
bammel,74,74,0
semiconductor,74,48,26
goliad,74,57,17
cali,74,23,51
monaco,74,70,4
jog,74,24,50
garland,74,57,17
schwab,74,70,4
bookmark,74,40,34
imm,74,4,70
legendari,74,63,11
alzheim,74,49,25
wiretap,74,61,13
penguin,74,59,15
paolo,74,61,13
ennium,74,0,74
kinit,74,74,0
zufferli,74,74,0
aescapenumberof,74,0,74
deter,74,39,35
prettier,74,10,64
grayescapenumb,74,65,9
hamil,74,74,0
out,74,55,19
gcompri,74,74,0
zenith,74,4,70
forens,74,40,34
connector,74,43,31
cmdstr,74,74,0
retailguidesit,74,0,74
flatter,74,22,52
expiri,74,61,13
arous,74,8,66
engelfriet,74,74,0
ranger,74,70,4
ssval,74,74,0
deloitt,74,70,4
crypto,74,70,4
procmail,74,70,4
vez,74,11,63
erupt,74,50,24
scriptur,74,4,70
fatigu,74,29,45
peep,74,14,60
dup,74,69,5
titman,74,74,0
pelley,74,74,0
lcfltd,74,74,0
happyguy,74,74,0
fir,74,32,42
marketinq,74,0,74
rvaradhan,74,74,0
brownback,74,74,0
swarm,74,44,30
sharma,73,73,0
bedarf,73,1,72
rearrang,73,62,11
rtescapenumb,73,70,3
antalescapenumb,73,73,0
warwick,73,48,25
mast,73,56,17
stump,73,49,24
crept,73,4,69
lyric,73,41,32
silva,73,64,9
jo,73,52,21
demis,73,47,26
mazhari,73,73,0
spice,73,27,46
veronica,73,58,15
ght,73,24,49
shal,73,0,73
ziel,73,3,70
voltag,73,52,21
depreci,73,52,21
ramon,73,60,13
reynold,73,37,36
dyer,73,43,30
cdrom,73,43,30
diann,73,53,20
apprehens,73,11,62
gloria,73,46,27
isl,73,20,53
orrin,73,4,69
cabin,73,24,49
mold,73,19,54
discomfort,73,12,61
gisb,73,73,0
hath,73,21,52
finder,73,34,39
muohio,73,73,0
nea,73,23,50
moopid,73,0,73
chew,73,17,56
paradis,73,21,52
cylind,73,21,52
aventi,73,59,14
shiver,73,11,62
ribbon,73,22,51
wrought,73,6,67
equit,73,60,13
carisoprodol,73,0,73
sockaddr,73,73,0
amic,73,27,46
vonag,73,64,9
mal,73,17,56
photographi,73,44,29
dichotom,73,47,26
nind,73,73,0
sou,73,48,25
schule,73,41,32
scire,73,72,1
fuzzi,73,38,35
nesbitt,73,67,6
leopard,73,60,13
torn,73,31,42
convolut,73,55,18
mankind,73,9,64
trave,73,4,69
deli,73,12,61
regener,73,42,31
yea,73,26,47
testparm,73,73,0
nommensen,73,73,0
incumb,73,40,33
ronaldo,73,73,0
ninth,73,59,14
drvg,73,0,73
exce,73,46,27
escapenumberdc,73,60,13
konkurrenz,73,0,73
linu,73,55,18
sketch,73,36,37
erp,73,5,68
proverb,73,5,68
scar,73,15,58
julio,73,14,59
penn,73,60,13
checklist,73,43,30
popup,73,24,49
riqht,73,0,73
vietnam,73,55,18
nam,73,50,23
nastasia,73,0,73
foremost,73,22,51
aforement,73,42,31
hilli,73,51,22
tug,73,16,57
forefront,73,25,48
toggl,73,64,9
isbn,73,49,24
poem,73,18,55
cass,73,73,0
permut,73,62,11
tol,73,43,30
prolong,72,39,33
telegraph,72,49,23
quiz,72,46,26
woke,72,15,57
decay,72,13,59
escapenumbermega,72,0,72
tval,72,72,0
lpx,72,1,71
oval,72,37,35
acp,72,23,49
interchg,72,72,0
camden,72,26,46
siemen,72,27,45
mosqu,72,44,28
sono,72,55,17
inmat,72,66,6
hoffman,72,53,19
badg,72,39,33
gil,72,62,10
pio,72,71,1
marketpoint,72,72,0
humour,72,7,65
norwegian,72,63,9
contr,72,68,4
paw,72,12,60
hardest,72,38,34
salad,72,27,45
sacr,72,32,40
discharg,72,43,29
wept,72,4,68
gsm,72,11,61
slay,72,41,31
plavix,72,60,12
prepay,72,71,1
doi,72,51,21
ghqd,72,0,72
fgt,72,72,0
clobber,72,41,31
malwar,72,46,26
angrili,72,9,63
ncalrpcdir,72,72,0
nasd,72,15,57
lure,72,52,20
twain,72,37,35
hut,72,6,66
dwarf,72,26,46
harbour,72,16,56
nlist,72,72,0
unescap,72,71,1
nec,72,25,47
freshstor,72,0,72
aborigin,72,44,28
newcom,72,54,18
tediou,72,50,22
equipo,72,6,66
bark,72,23,49
ammunit,72,15,57
darial,72,0,72
hhc,72,71,1
adr,72,62,10
creditworthi,72,69,3
syslog,72,69,3
matti,72,70,2
trot,72,14,58
mkproto,72,72,0
muga,72,72,0
absurd,72,37,35
lal,72,48,24
doom,72,34,38
agingandhealth,72,72,0
nifong,72,72,0
metropolitan,72,58,14
seung,72,72,0
bivari,72,67,5
seventeen,72,10,62
yang,72,52,20
eri,72,26,46
ignacio,72,66,6
ase,72,49,23
wilk,72,48,24
ppcescapenumb,72,72,0
innerhalb,72,1,71
cual,72,30,42
abi,72,27,45
refug,72,12,60
quebec,72,48,24
humidit,72,72,0
memor,72,31,41
heatmap,72,72,0
mansion,72,44,28
ajax,72,40,32
microwav,72,27,45
ozzi,72,67,5
cypru,72,45,27
pablo,72,57,15
airmail,72,37,35
produkt,72,7,65
instabl,72,28,44
sturm,71,58,13
paramount,71,21,50
lassen,71,18,53
altreg,71,71,0
sleev,71,33,38
postmast,71,28,43
blanc,71,9,62
griebl,71,71,0
illus,71,21,50
callout,71,71,0
misiead,71,0,71
carefui,71,0,71
vivekv,71,71,0
lookupsid,71,71,0
affin,71,24,47
bentley,71,35,36
sheehan,71,69,2
tow,71,24,47
ditch,71,39,32
skinni,71,21,50
wasnt,71,5,66
ravag,71,35,36
repuls,71,1,70
wrongfuliy,71,0,71
sectionescapenumb,71,71,0
guangdong,71,20,51
rein,71,30,41
dusti,71,12,59
dhar,71,70,1
bilder,71,12,59
coord,71,70,1
reaffirm,71,71,0
suburb,71,41,30
soviet,71,39,32
wat,71,18,53
airwav,71,21,50
cognit,71,9,62
eso,71,25,46
fadvis,71,71,0
pavel,71,70,1
candidaci,71,57,14
exploratori,71,56,15
preclud,71,46,25
ibwrapp,71,71,0
ster,71,67,4
schemadn,71,71,0
hrgovcic,71,71,0
rcmd,71,70,1
bonni,71,49,22
divestitur,71,60,11
tehran,71,51,20
abo,71,21,50
wieder,71,22,49
roch,71,64,7
erol,71,58,13
contenti,71,61,10
windfal,71,42,29
fqdn,71,71,0
reconstruct,71,53,18
eco,71,31,40
meerschwein,71,41,30
wincenti,71,71,0
freelist,71,71,0
uuid,71,65,6
potenc,71,6,65
infecti,71,42,29
docket,71,62,9
sovereign,71,42,29
filmmak,71,48,23
decrypt,71,36,35
matescapenumb,71,71,0
fieri,71,45,26
constel,71,65,6
gallagh,71,10,61
myop,71,71,0
swt,71,1,70
disp,71,70,1
hugo,71,49,22
vacuum,71,17,54
lillian,71,32,39
deposito,71,0,71
nbench,71,71,0
sylvan,71,3,68
fa,71,62,9
decl,71,71,0
sqnc,71,0,71
hacer,71,9,62
manescapenumb,71,67,4
pernici,71,3,68
biographi,71,38,33
fac,71,50,21
bleach,71,10,61
misti,70,26,44
baltic,70,10,60
cliqu,70,3,67
toilet,70,31,39
sasl,70,65,5
inhabit,70,9,61
shlib,70,70,0
flg,70,68,2
telefono,70,10,60
prolif,70,15,55
vinyl,70,36,34
turkish,70,53,17
eugen,70,41,29
diagnosi,70,46,24
quaiiti,70,0,70
daffin,70,70,0
madera,70,7,63
lizzi,70,3,67
caf,70,43,27
gnuescapenumb,70,70,0
subsist,70,1,69
flavour,70,53,17
aescapenumberk,70,25,45
baht,70,58,12
miktex,70,70,0
wrlck,70,70,0
madelein,70,30,40
cynic,70,30,40
urn,70,7,63
resultado,70,12,58
rug,70,27,43
businessman,70,42,28
eescapenumberbado,70,0,70
pistol,70,22,48
lanman,70,70,0
hypocrit,70,12,58
shooter,70,62,8
kbp,70,13,57
oxid,70,20,50
abn,70,47,23
napa,70,43,27
loophol,70,49,21
ceram,70,34,36
akin,70,45,25
arbitrag,70,62,8
curti,70,52,18
ihat,70,70,0
geronimo,70,66,4
mcgregor,70,69,1
tock,70,2,68
eduardo,70,51,19
vein,70,17,53
unk,70,69,1
wtpp,70,70,0
elisabeth,70,56,14
rag,70,23,47
wrepl,70,70,0
scuttl,70,24,46
enrico,70,66,4
substant,70,67,3
coda,70,63,7
aga,70,50,20
bezel,70,2,68
prank,70,21,49
crawford,70,51,19
welfar,70,32,38
cpa,70,43,27
optonlin,70,62,8
consulta,70,2,68
rgenoud,70,70,0
launchd,70,70,0
saga,70,57,13
hbo,70,34,36
mgusa,70,70,0
gico,70,26,44
bernstein,70,58,12
escapenumberxff,70,69,1
arithmet,70,40,30
usp,70,41,29
ghostscript,70,67,3
hyde,70,48,22
sof,70,4,66
lf,70,70,0
commdor,70,0,70
neural,70,50,20
guarantee,70,0,70
ahora,70,18,52
semest,70,67,3
getgrnam,70,70,0
mcvitti,69,69,0
operand,69,47,22
dei,69,50,19
cornfield,69,60,9
herbert,69,37,32
priic,69,0,69
tumor,69,59,10
rizopoulo,69,69,0
crm,69,27,42
postbu,69,61,8
physcon,69,0,69
objet,69,58,11
bounceemail,69,0,69
csfb,69,69,0
preval,69,52,17
syndrom,69,22,47
learnt,69,23,46
ea,69,52,17
weit,69,2,67
wildlif,69,37,32
accomod,69,61,8
rim,69,21,48
whitak,69,62,7
rhetor,69,60,9
formato,69,1,68
icq,69,49,20
kara,69,61,8
pipermail,69,69,0
wolv,69,8,61
bechtel,69,62,7
petti,69,47,22
zach,69,68,1
organicconsum,69,69,0
cedar,69,52,17
bellow,69,19,50
dame,69,39,30
lstat,69,69,0
rgtkescapenumb,69,69,0
europa,69,30,39
hijack,69,42,27
skinner,69,57,12
completa,69,6,63
marilyn,69,44,25
edw,69,65,4
intercours,69,0,69
netbsd,69,66,3
until,69,19,50
belgian,69,47,22
enclo,69,69,0
tauzin,69,69,0
withdrew,69,41,28
signup,69,12,57
tempor,69,41,28
sprung,69,4,65
successfu,69,1,68
ldl,69,61,8
seyfri,69,69,0
publicidad,69,0,69
raptor,69,60,9
amigo,69,13,56
eighti,69,19,50
pickup,69,29,40
slain,69,26,43
gobbl,69,12,57
sri,69,33,36
umsonst,69,0,69
sow,69,9,60
curr,69,21,48
geolog,69,11,58
neglig,69,43,26
mult,69,5,64
numb,69,10,59
intergovernment,69,66,3
marta,69,62,7
verdana,69,8,61
saniti,69,60,9
adem,69,32,37
imageshack,69,10,59
earmark,69,45,24
lessen,69,32,37
bufstart,69,69,0
intercontinent,69,56,13
automak,69,68,1
minuto,69,2,67
cov,69,68,1
tread,69,32,37
cann,69,59,10
tft,69,4,65
madelyn,69,1,68
flap,69,22,47
lauren,69,54,15
jahren,69,22,47
errormap,69,69,0
cube,69,51,18
monatsziel,69,1,68
smbcall,69,69,0
commerzbank,69,69,0
finland,68,49,19
adovcurr,68,0,68
approximateiy,68,0,68
hab,68,64,4
brandon,68,48,20
celia,68,3,65
xenic,68,1,67
brendan,68,38,30
carniv,68,31,37
ino,68,60,8
sbescapenumb,68,65,3
fma,68,68,0
svelt,68,0,68
beauchamp,68,0,68
yurchikhin,68,68,0
obsf,68,68,0
archangel,68,1,67
decrement,68,55,13
wrath,68,10,58
gsw,68,39,29
dire,68,44,24
ciaii,68,0,68
crumbl,68,38,30
moss,68,38,30
beli,68,11,57
lumber,68,41,27
canal,68,19,49
mirth,68,2,66
errrectlon,68,0,68
unawar,68,49,19
acut,68,45,23
nonetheless,68,52,16
brazo,68,66,2
cultura,68,56,12
dolor,68,51,17
decomposit,68,53,15
texto,68,15,53
psychic,68,10,58
ubswenergi,68,68,0
everlast,68,1,67
ganz,68,6,62
ort,68,23,45
fret,68,43,25
arguabl,68,63,5
caption,68,51,17
csiro,68,68,0
harmon,68,49,19
sito,68,12,56
forego,68,26,42
tcon,68,68,0
sidescapenumb,68,68,0
boycott,68,58,10
dentist,68,21,47
escapenumberex,68,0,68
peg,68,33,35
fargo,68,31,37
vignett,68,65,3
schoolcraft,68,68,0
roam,68,34,34
laguna,68,8,60
rave,68,22,46
provok,68,47,21
culo,68,29,39
kahlia,68,0,68
canin,68,3,65
cl,68,62,6
muddi,68,20,48
greed,68,37,31
ether,68,43,25
erod,68,52,16
aft,68,42,26
igor,68,56,12
saber,68,25,43
abril,68,18,50
businessweek,68,54,14
columnist,68,53,15
georgeann,68,68,0
ello,68,21,47
outdata,68,68,0
shail,68,5,63
beacon,68,15,53
freundlichen,68,15,53
mccaa,68,0,68
kahanovitch,68,68,0
santiago,68,37,31
bosto,68,68,0
pkcsescapenumb,68,68,0
unload,68,46,22
csiko,68,68,0
traffick,68,50,18
clap,68,2,66
steigen,68,3,65
stype,68,68,0
zinc,68,21,47
munich,68,56,12
nude,68,19,49
motorcycl,68,14,54
nsa,68,65,3
elliot,68,35,33
undercollect,68,68,0
bolton,68,51,17
ftpmaster,68,68,0
dudley,68,55,13
rect,68,42,26
lagattuta,68,68,0
connel,68,54,14
avant,68,22,46
kostenlos,68,3,65
tdbbackup,67,67,0
naughti,67,10,57
ukn,67,66,1
favorabi,67,0,67
acf,67,60,7
forfeit,67,17,50
sdk,67,51,16
thema,67,13,54
tetco,67,67,0
disguis,67,30,37
unalia,67,66,1
shrek,67,57,10
resurgex,67,0,67
hal,67,38,29
airlock,67,57,10
conven,67,49,18
dusk,67,4,63
solver,67,48,19
epsc,67,67,0
dar,67,16,51
keynam,67,67,0
pelo,67,14,53
herba,67,0,67
modelo,67,8,59
installmodul,67,67,0
slit,67,2,65
escapenumberfconfig,67,67,0
berger,67,56,11
evapor,67,37,30
refescapenumb,67,59,8
statur,67,17,50
insta,67,10,57
warten,67,0,67
sendfil,67,67,0
microphon,67,49,18
rowsum,67,67,0
mktg,67,67,0
boulder,67,49,18
novelti,67,15,52
fap,67,67,0
patel,67,63,4
parrotobject,67,67,0
escapenumberget,67,3,64
openli,67,39,28
quien,67,21,46
dolc,67,56,11
cph,67,66,1
frailti,67,61,6
dsi,67,23,44
hutchinson,67,57,10
rpath,67,67,0
riot,67,41,26
wti,67,62,5
sera,67,27,40
nicer,67,58,9
icens,67,0,67
kotov,67,67,0
counselor,67,30,37
dashboard,67,27,40
darn,67,27,40
ppc,67,63,4
tampa,67,55,12
mcse,67,65,2
melani,67,46,21
ction,67,19,48
usedto,67,1,66
eloqu,67,13,54
kneel,67,2,65
computer,67,9,58
hdtv,67,18,49
tipp,67,13,54
myfun,67,67,0
getpwnam,67,67,0
ballroom,67,33,34
phenomen,67,20,47
byrow,67,67,0
transpos,67,54,13
risktrac,67,67,0
preston,67,32,35
mileag,67,52,15
heist,67,65,2
bergen,67,49,18
bpm,67,61,6
escapenumberj,67,15,52
technician,67,53,14
usda,67,58,9
lacima,67,67,0
manera,67,14,53
garven,67,67,0
pupil,67,25,42
seekercent,67,0,67
brighten,67,6,61
aescapenumbern,67,1,66
valadez,67,67,0
bro,66,27,39
lucent,66,64,2
flshey,66,0,66
ampl,66,24,42
avai,66,1,65
dairi,66,24,42
erni,66,43,23
copyescapenumb,66,66,0
psc,66,43,23
nondestruct,66,2,64
factan,66,66,0
lockal,66,66,0
roxxi,66,0,66
illumin,66,28,38
cornhusk,66,66,0
fpl,66,66,0
pogo,66,61,5
raikkonen,66,66,0
lieuten,66,16,50
busin,66,20,46
wintest,66,66,0
cavern,66,19,47
stubborn,66,12,54
burglari,66,56,10
numescapenumb,66,66,0
huckabe,66,66,0
watchdog,66,62,4
weightloss,66,0,66
squeal,66,5,61
calvin,66,19,47
labguard,66,0,66
wdate,66,66,0
garrett,66,50,16
robbo,66,66,0
therapeut,66,42,24
steroid,66,52,14
esq,66,17,49
timeescapenumb,66,65,1
southampton,66,58,8
shaken,66,21,45
shelbi,66,53,13
guantanamo,66,66,0
ntop,66,66,0
spacer,66,5,61
wcl,66,66,0
assail,66,19,47
subtest,66,66,0
peachtre,66,60,6
karla,66,63,3
rifl,66,20,46
cios,66,0,66
lame,66,24,42
italiano,66,24,42
pillow,66,4,62
mpg,66,51,15
prick,66,4,62
classmat,66,41,25
chabotd,66,66,0
ramona,66,56,10
dnsdomain,66,66,0
bitten,66,16,50
gioba,66,0,66
benson,66,37,29
venturato,66,66,0
meadow,66,18,48
timber,66,18,48
wescapenumberc,66,48,18
moi,66,14,52
weiss,66,26,40
judit,66,65,1
neuweil,66,66,0
oliva,66,64,2
crest,66,12,54
montag,66,31,35
dicom,66,2,64
lambert,66,31,35
withheld,66,21,45
bandanestr,66,0,66
twer,66,0,66
picasso,66,63,3
nourish,66,11,55
ihrer,66,11,55
spiral,66,45,21
gmx,66,51,15
ibrahim,66,7,59
primezon,66,5,61
fioricet,66,0,66
bahama,66,40,26
certicom,66,0,66
poescapenumb,66,64,2
gewoon,66,65,1
finalist,66,47,19
comeback,66,49,17
kilowatt,66,53,13
mpc,66,63,3
enerfin,66,66,0
horton,66,59,7
millon,66,17,49
readx,66,66,0
elast,66,9,57
interestingli,66,61,5
giveaway,66,22,44
sultan,66,12,54
comprehend,66,10,56
ject,66,31,35
greif,66,66,0
teachingdemo,66,66,0
priorit,66,51,15
nowyour,66,0,66
montgomeri,66,40,26
doyl,66,55,11
preambl,65,46,19
payn,65,54,11
dvr,65,23,42
nmodel,65,65,0
fleme,65,57,8
memosono,65,65,0
trifl,65,2,63
snare,65,11,54
prodigi,65,18,47
pagan,65,49,16
lazili,65,35,30
reml,65,65,0
fore,65,20,45
dvdrw,65,0,65
alley,65,28,37
iam,65,9,56
ict,65,57,8
shari,65,45,20
cleland,65,65,0
lessig,65,63,2
tutor,65,33,32
hum,65,18,47
calmli,65,3,62
adipex,65,0,65
jgr,65,65,0
splu,65,65,0
billionair,65,43,22
greenfield,65,55,10
dea,65,19,46
fiduci,65,1,64
tijger,65,65,0
dsr,65,62,3
caida,65,65,0
pena,65,60,5
assimil,65,26,39
breguet,65,0,65
pikal,65,65,0
nestl,65,20,45
bluff,65,44,21
nel,65,55,10
michaud,65,64,1
hydrocarbon,65,51,14
futil,65,37,28
gsf,65,65,0
screenshot,65,42,23
sharenam,65,65,0
utilicorp,65,65,0
markt,65,8,57
splint,65,56,9
rainer,65,61,4
dmapi,65,65,0
environmenta,65,4,61
bias,65,62,3
vistaprint,65,0,65
sylvia,65,56,9
mimir,65,65,0
blacklist,65,39,26
immort,65,15,50
temptat,65,19,46
usuario,65,3,62
pueden,65,9,56
scent,65,21,44
beratung,65,1,64
fig,65,45,20
radiant,65,4,61
tenth,65,39,26
cruz,65,40,25
xterm,65,63,2
mtv,65,50,15
imttrack,65,0,65
croak,65,50,15
rejon,65,65,0
usar,65,2,63
cremer,65,65,0
snprintf,65,65,0
ejsnet,65,65,0
laurel,65,41,24
shult,65,65,0
psomogyi,65,65,0
milan,65,43,22
gower,65,65,0
adject,65,43,22
underlin,65,46,19
lmuell,65,65,0
idbi,65,65,0
odfweav,65,65,0
vigil,65,42,23
dingel,65,65,0
scout,65,30,35
msmedia,65,0,65
rehab,65,63,2
multilanguag,65,1,64
localidad,65,2,63
sion,65,48,17
kaiser,65,56,9
trt,65,65,0
lever,65,48,17
cid,65,40,25
ambul,65,6,59
ata,65,10,55
affijn,65,65,0
modelescapenumb,65,65,0
liquefi,65,54,11
exert,64,24,40
croatia,64,52,12
unmodifi,64,61,3
horni,64,0,64
cial,64,24,40
distil,64,53,11
arztbesuch,64,0,64
concius,64,0,64
ubswarburg,64,64,0
fglrx,64,64,0
shaki,64,24,40
bequem,64,0,64
alvin,64,13,51
nonclin,64,64,0
auslieferung,64,0,64
peinlich,64,0,64
marketwatch,64,51,13
spinnak,64,60,4
disagr,64,51,13
inequ,64,36,28
titannew,64,64,0
mainfram,64,55,9
laurenc,64,32,32
arztlich,64,0,64
brannan,64,64,0
exacttarget,64,64,0
muiti,64,0,64
smp,64,59,5
sont,64,49,15
bondhold,64,55,9
rescapenumberhtml,64,64,0
clutter,64,35,29
ngpl,64,63,1
jolla,64,54,10
winfre,64,64,0
gardner,64,42,22
verpackung,64,0,64
maggi,64,44,20
burglar,64,37,27
weed,64,28,36
botani,64,51,13
escapenumbercorel,64,0,64
malin,64,64,0
knle,64,0,64
nineteen,64,6,58
hayden,64,36,28
torrey,64,64,0
unresolv,64,54,10
unconsci,64,10,54
peanut,64,39,25
catchi,64,7,57
escapenumberit,64,1,63
anxious,64,9,55
gamescapenumb,64,64,0
cerebr,64,3,61
toc,64,57,7
lineescapenumb,64,57,7
hopeless,64,30,34
exampleescapenumb,64,64,0
adj,64,55,9
librarian,64,33,31
slowdown,64,57,7
checkin,64,63,1
ganjoo,64,64,0
teddi,64,13,51
yee,64,60,4
timept,64,64,0
debe,64,18,46
defun,64,64,0
pur,64,16,48
further,64,11,53
domicilio,64,5,59
egal,64,1,63
sebastien,64,64,0
beaver,64,29,35
lookupnam,64,64,0
noisi,64,10,54
mae,64,46,18
antibiot,64,18,46
lebanes,64,54,10
antenna,64,27,37
libreplaceobj,64,64,0
hass,64,57,7
florian,64,64,0
blancanal,64,0,64
ratchet,64,21,43
gamax,64,64,0
erforderlicht,64,0,64
appeas,64,16,48
possib,64,6,58
undock,64,64,0
earlyshow,64,64,0
beaten,64,37,27
bulli,64,42,22
appel,64,41,23
smyler,64,64,0
helvetica,64,14,50
hemispher,64,44,20
interrog,64,37,27
worship,64,21,43
dne,64,63,1
eeo,64,57,7
tirthankar,64,64,0
thenceforward,64,64,0
nloa,63,0,63
pma,63,61,2
dasovich,63,63,0
poet,63,18,45
ricardo,63,29,34
erst,63,23,40
tivo,63,57,6
cchost,63,63,0
hoodiawil,63,0,63
yr,63,36,27
delus,63,6,57
simmon,63,52,11
actividad,63,4,59
strsplit,63,63,0
quarrel,63,2,61
bribe,63,21,42
circumvent,63,47,16
xid,63,61,2
dbescapenumb,63,52,11
af,63,58,5
fever,63,16,47
vpl,63,0,63
gossip,63,34,29
libtdb,63,63,0
ferreira,63,51,12
mercantil,63,53,10
ancestor,63,17,46
calib,63,18,45
euclidean,63,55,8
haze,63,9,54
sherman,63,45,18
guzzl,63,5,58
escapenumberfxml,63,63,0
calper,63,63,0
arthurandersen,63,63,0
barbar,63,2,61
culprit,63,43,20
mgcv,63,62,1
vanilla,63,35,28
corey,63,51,12
lest,63,15,48
gauss,63,58,5
rampag,63,52,11
verd,63,49,14
shat,63,63,0
can,63,27,36
mosaic,63,58,5
freeness,63,63,0
daytona,63,10,53
ork,63,42,21
spokesperson,63,59,4
iogo,63,0,63
sanjay,63,63,0
scottish,63,46,17
econometr,63,54,9
dynergi,63,63,0
tu,63,6,57
personn,63,22,41
nike,63,19,44
disapprov,63,32,31
inferior,63,14,49
structp,63,63,0
perus,63,30,33
medit,63,7,56
elector,63,24,39
signif,63,57,6
exvg,63,0,63
rwescapenumb,63,59,4
discriminatori,63,49,14
inbuff,63,63,0
buflen,63,63,0
siglo,63,40,23
medal,63,39,24
sprout,63,7,56
historian,63,43,20
ghostli,63,2,61
waxman,63,63,0
wissen,63,9,54
escapenumberfmech,63,63,0
mccall,63,50,13
lace,63,22,41
clamav,63,3,60
yanowski,63,63,0
diesen,63,9,54
theillien,63,63,0
xdggloblist,63,63,0
buckley,63,56,7
feldman,63,55,8
acvertis,63,0,63
cea,63,22,41
halliburton,63,60,3
userid,63,56,7
motley,63,49,14
uzh,63,52,11
lexington,63,16,47
payback,63,57,6
sezgen,63,63,0
amoco,63,58,5
abu,63,40,23
vir,63,20,43
setlkw,63,63,0
restraint,63,49,14
cummin,63,50,13
initia,63,1,62
driil,63,0,63
ish,63,45,18
medlcat,63,0,63
rna,63,55,8
giggl,63,3,60
cdgt,63,0,63
defunct,63,48,15
rda,62,62,0
upstair,62,13,49
survivaltim,62,62,0
bogu,62,50,12
summaris,62,36,26
proxim,62,37,25
pedal,62,29,33
ceraweek,62,62,0
gown,62,20,42
aescapenumberin,62,0,62
trivia,62,35,27
pago,62,2,60
becker,62,48,14
acsa,62,62,0
eighth,62,54,8
genr,62,32,30
psd,62,55,7
imath,62,62,0
displac,62,50,12
mikhail,62,23,39
exxonmobii,62,0,62
rli,62,52,10
prolifer,62,46,16
aucoin,62,62,0
midi,62,48,14
rexp,62,62,0
gdvi,62,0,62
theodosia,62,0,62
circumv,62,36,26
maxwel,62,36,26
koenig,62,51,11
nix,62,55,7
rpcconn,62,62,0
deadlock,62,43,19
autr,62,29,33
gegen,62,19,43
basu,62,61,1
thirteen,62,19,43
rsitesearch,62,62,0
subplot,62,62,0
tai,62,33,29
careless,62,21,41
diplomaci,62,35,27
varga,62,26,36
tillman,62,59,3
outbound,62,18,44
sanjaya,62,54,8
dauphin,62,53,9
chuckl,62,15,47
collabora,62,62,0
bioinformat,62,54,8
edmund,62,21,41
clutch,62,19,43
runstep,62,62,0
clickathom,62,62,0
matthia,62,48,14
comer,62,6,56
specia,62,0,62
tat,62,32,30
imperson,62,24,38
aegiscapllc,62,0,62
inland,62,47,15
caddi,62,21,41
radioact,62,33,29
muss,62,9,53
fcntl,62,62,0
instituto,62,53,9
scrub,62,25,37
brag,62,12,50
wail,62,4,58
rakesh,62,62,0
projector,62,33,29
milton,62,29,33
patnaik,62,62,0
sysadmin,62,59,3
hometown,62,49,13
grapevin,62,26,36
strcat,62,62,0
loudobb,62,62,0
crisp,62,10,52
sturckow,62,62,0
breadth,62,33,29
staffer,62,56,6
strcpi,62,62,0
sbufescapenumb,62,62,0
rockvil,62,3,59
atop,62,23,39
vita,62,30,32
swedish,62,35,27
dsp,62,47,15
fra,62,48,14
macosx,62,58,4
iglesia,62,61,1
swerzbin,62,62,0
gcv,62,62,0
oferta,62,1,61
amiabl,62,1,61
couricandco,62,62,0
mnt,62,56,6
requestor,62,62,0
jmcd,62,62,0
rework,61,58,3
platt,61,52,9
chancellor,61,37,24
hatt,61,38,23
sino,61,14,47
bellsouth,61,15,46
windowssecret,61,13,48
keepal,61,58,3
richi,61,27,34
couldnt,61,8,53
cdo,61,13,48
io,61,58,3
nfsescapenumb,61,61,0
microsystem,61,54,7
chisq,61,61,0
templo,61,60,1
rei,61,53,8
floatingpoint,61,61,0
partisan,61,51,10
celeb,61,35,26
codepoint,61,61,0
cail,61,0,61
wag,61,33,28
escort,61,33,28
puget,61,58,3
hertzberg,61,61,0
sonam,61,61,0
franco,61,48,13
uplift,61,8,53
hitchcock,61,56,5
mystic,61,11,50
isv,61,0,61
rodrigo,61,57,4
podescapenumb,61,61,0
lli,61,10,51
teiecommun,61,0,61
freshwat,61,52,9
keypad,61,53,8
charlottesvil,61,51,10
williamson,61,44,17
bicycl,61,22,39
corr,61,48,13
mow,61,2,59
bergstrom,61,51,10
trtd,61,0,61
cdyvcurr,61,0,61
whichev,61,34,27
synthesi,61,47,14
lling,61,0,61
collid,61,41,20
jcc,61,61,0
clr,61,58,3
texmf,61,61,0
reveffo,61,61,0
nash,61,18,43
slaughter,61,38,23
dappllib,61,61,0
krbescapenumberlib,61,61,0
bupropion,61,0,61
batter,61,50,11
perfmgmt,61,61,0
bout,61,25,36
cement,61,30,31
fairi,61,11,50
seeker,61,6,55
mailscann,61,61,0
entail,61,40,21
cleburn,61,61,0
fischer,61,54,7
paranoid,61,56,5
feast,61,19,42
saddl,61,31,30
apologis,61,26,35
intimid,61,23,38
mmvi,61,61,0
cipher,61,49,12
ofth,61,2,59
symmetri,61,35,26
warmer,61,27,34
stalk,61,27,34
escapenumbercfont,61,0,61
fpsetmask,61,61,0
moan,61,4,57
tun,61,27,34
bsdpan,61,61,0
innocu,61,8,53
momento,61,18,43
aesthet,61,14,47
ortho,61,1,60
suburban,61,58,3
mcnulti,61,59,2
odbc,61,52,9
humanitarian,61,39,22
skull,61,28,33
ericsson,61,42,19
medio,61,12,49
jehiel,61,0,61
misconduct,61,16,45
solicitar,61,0,61
tufco,61,61,0
yeltsin,61,60,1
playback,61,44,17
hannib,61,3,58
ihnen,61,11,50
wittek,61,61,0
cardin,61,35,26
provinci,61,23,38
sidelin,61,49,12
polonium,61,2,59
ould,61,13,48
filler,61,16,45
alisav,60,0,60
shrine,60,44,16
stockholm,60,38,22
nowlan,60,60,0
cdpn,60,0,60
netcontentinc,60,60,0
luci,60,42,18
doubleclick,60,50,10
robbi,60,24,36
precaut,60,33,27
stsw,60,60,0
soll,60,18,42
demograph,60,32,28
ilug,60,0,60
deport,60,27,33
dalton,60,37,23
escapenumberflid,60,60,0
ajdlinux,60,60,0
renewabi,60,0,60
novic,60,35,25
afloat,60,30,30
geht,60,8,52
imagereadi,60,0,60
saddam,60,46,14
gatekeep,60,15,45
cwd,60,54,6
feat,60,40,20
vocaiscap,60,0,60
pstrcpi,60,60,0
davison,60,3,57
conjectur,60,27,33
swspeak,60,60,0
taho,60,50,10
toncrem,60,60,0
fisheri,60,57,3
coolest,60,12,48
bella,60,10,50
streak,60,34,26
misspel,60,20,40
escapenumberhd,60,0,60
vastli,60,31,29
finzi,60,60,0
crane,60,21,39
xdgglobhashnod,60,60,0
spacecraft,60,47,13
blockparti,60,60,0
riu,60,60,0
tdbdump,60,60,0
leve,60,24,36
phish,60,28,32
supposedto,60,0,60
romano,60,46,14
psutil,60,60,0
imagingescapenumb,60,0,60
hsbc,60,43,17
angi,60,37,23
hed,60,14,46
oppress,60,14,46
cdescapenumb,60,2,58
preapprov,60,1,59
nome,60,21,39
cutler,60,50,10
weiter,60,21,39
sunnyval,60,54,6
efecto,60,4,56
cleans,60,13,47
intraday,60,58,2
accumui,60,0,60
md,60,60,0
weaver,60,47,13
vocal,60,33,27
colclass,60,60,0
herd,60,26,34
fowler,60,39,21
itv,60,2,58
cmgr,60,60,0
mtr,60,56,4
nsstest,60,60,0
stocknewscast,60,0,60
modulo,60,13,47
trooper,60,48,12
semana,60,10,50
bedard,60,56,4
estoppel,60,60,0
dessert,60,16,44
fixtur,60,24,36
shippi,60,2,58
bangladesh,60,49,11
jew,60,29,31
lkml,60,4,56
clung,60,0,60
razor,60,26,34
viewpoint,60,28,32
ioctl,60,58,2
bureaucrat,60,40,20
bliss,60,5,55
sydneycc,60,0,60
incap,60,19,41
salvat,60,8,52
siriu,60,17,43
huifeng,60,0,60
leasehold,60,5,55
fuss,60,15,45
repos,60,4,56
constantin,60,11,49
coffin,60,31,29
rgd,60,55,5
nonblock,60,60,0
rxpe,60,0,60
lkjahdfahfa,60,0,60
cellspac,60,1,59
ervic,60,6,54
natio,60,60,0
zoellick,60,60,0
doabl,60,56,4
siteguaarante,60,0,60
rehabilit,60,40,20
unimagin,60,9,51
loudli,60,14,46
vuid,60,58,2
zahlung,60,0,60
caveat,60,47,13
facebook,60,57,3
orderli,60,49,11
chrysler,60,50,10
greas,60,14,46
dribbl,60,2,58
svp,60,41,19
nina,60,43,17
quotat,60,18,42
flagship,60,23,37
mtbe,60,60,0
indoor,60,24,36
tang,60,50,10
clare,60,23,37
hoop,59,40,19
quadrupl,59,17,42
crescent,59,25,34
handbag,59,11,48
steht,59,8,51
accessor,59,54,5
confound,59,35,24
unt,59,24,35
hem,59,6,53
neariy,59,0,59
alfonso,59,41,18
appal,59,14,45
lockbench,59,59,0
alcoa,59,39,20
orm,59,45,14
thode,59,59,0
warmth,59,3,56
goodwil,59,41,18
eharmoni,59,0,59
grim,59,39,20
avril,59,51,8
geo,59,44,15
plata,59,54,5
jude,59,49,10
hefti,59,46,13
prep,59,47,12
thirst,59,13,46
mach,59,37,22
inescapenumb,59,43,16
wan,59,23,36
dataweav,59,59,0
rous,59,8,51
laserjet,59,8,51
cocain,59,44,15
radiu,59,52,7
altar,59,34,25
archer,59,41,18
hyper,59,32,27
unbreak,59,4,55
payoff,59,27,32
smail,59,2,57
quiver,59,6,53
followup,59,47,12
peco,59,52,7
greasi,59,3,56
pintura,59,43,16
loxen,59,59,0
liaison,59,49,10
marion,59,34,25
homeless,59,47,12
jaesoo,59,59,0
valiium,59,0,59
halv,59,32,27
tabloid,59,22,37
applaus,59,26,33
jfox,59,59,0
researc,59,54,5
salmon,59,51,8
bahnhofsalle,59,59,0
shipwreck,59,41,18
enabi,59,0,59
epgt,59,59,0
pdbedit,59,59,0
aplicacion,59,6,53
irresist,59,13,46
wald,59,57,2
hiss,59,10,49
copano,59,59,0
embroideri,59,1,58
impend,59,32,27
ingenu,59,7,52
retire,59,18,41
toolset,59,44,15
overridden,59,48,11
reprint,59,37,22
entireti,59,38,21
descapenumber,59,7,52
libpngescapenumb,59,59,0
avpair,59,59,0
debtor,59,36,23
dissimilar,59,54,5
glibc,59,58,1
ngineer,59,59,0
mako,59,58,1
hamburg,59,26,33
kopper,59,54,5
sarban,59,47,12
hog,59,33,26
squash,59,31,28
merriment,59,0,59
ledger,59,57,2
grosvenor,59,7,52
indign,59,6,53
jobsit,59,58,1
gigant,59,13,46
lenz,59,59,0
picflag,59,59,0
tou,59,23,36
laurent,59,18,41
summon,59,27,32
ciao,59,41,18
smbescapenumbersrv,59,59,0
furiou,59,35,24
despu,59,24,35
holloway,59,56,3
sadr,59,58,1
eros,59,39,20
cone,59,32,27
prefac,59,20,39
lain,59,17,42
jupit,59,30,29
gottlob,59,59,0
downturn,59,48,11
postag,59,12,47
smal,59,2,57
gobierno,59,47,12
pharm,59,4,55
ldapmessag,59,59,0
faciiiti,59,0,59
matrixm,59,59,0
pcc,58,56,2
awe,58,17,41
chicagotribun,58,58,0
rado,58,0,58
descent,58,31,27
lega,58,1,57
versteckt,58,0,58
adelman,58,58,0
ilvl,58,0,58
pti,58,45,13
proclaim,58,33,25
luckejf,58,58,0
padr,58,23,35
toast,58,28,30
brute,58,20,38
physicist,58,50,8
brinq,58,0,58
chronolog,58,17,41
marcello,58,56,2
infotecsi,58,58,0
brandywin,58,49,9
veloc,58,39,19
uloemdv,58,0,58
elf,58,32,26
quilkey,58,58,0
shun,58,28,30
yacc,58,56,2
tota,58,2,56
wilder,58,12,46
medlcatlon,58,0,58
realmedia,58,58,0
varia,58,20,38
gucci,58,0,58
vp,58,46,12
beati,58,56,2
fdl,58,56,2
contigu,58,15,43
escapenumberthat,58,0,58
exim,58,8,50
glx,58,58,0
havent,58,17,41
peck,58,19,39
moot,58,52,6
nex,58,11,47
probit,58,58,0
criterion,58,50,8
despis,58,5,53
postgresql,58,54,4
xhtml,58,34,24
marvin,58,39,19
henriqu,58,57,1
startingdeck,58,58,0
rgsa,58,0,58
mbp,58,11,47
and,58,17,41
implicitli,58,57,1
estar,58,16,42
cryogen,58,1,57
motogp,58,58,0
undocu,58,53,5
turtl,58,20,38
networkworld,58,58,0
clall,58,0,58
prophet,58,10,48
glu,58,38,20
amo,58,15,43
friedman,58,48,10
czar,58,46,12
nb,58,2,56
lol,58,20,38
gaussian,58,53,5
gwen,58,50,8
ukrain,58,31,27
luiz,58,58,0
naomi,58,45,13
nepool,58,58,0
mamma,58,1,57
graviti,58,26,32
unequ,58,47,11
hezbollah,58,54,4
conoc,58,17,41
tarzan,58,38,20
digniti,58,9,49
durham,58,39,19
stdin,58,57,1
pmin,58,55,3
centerballon,58,0,58
oncolog,58,36,22
lrm,58,58,0
rdonli,58,58,0
uhr,58,12,46
tyson,58,43,15
lookedleftlast,58,0,58
krapel,58,58,0
comrad,58,13,45
humili,58,19,39
molescapenumb,58,58,0
dang,58,17,41
ppdata,58,58,0
bing,58,28,30
arn,58,44,14
mimic,58,40,18
repent,58,3,55
focuss,58,45,13
folli,58,7,51
avian,58,36,22
agnqbyan,58,17,41
liner,58,53,5
brandi,58,31,27
carey,58,35,23
manhood,58,1,57
intercompani,58,56,2
widest,57,11,46
elain,57,39,18
menschen,57,10,47
hogan,57,46,11
pobak,57,0,57
realizar,57,5,52
ucr,57,48,9
starbuck,57,19,38
einstein,57,33,24
emerald,57,6,51
phebe,57,0,57
enviar,57,3,54
coward,57,16,41
textbook,57,40,17
thier,57,7,50
peel,57,19,38
pagina,57,0,57
wakeup,57,49,8
informa,57,6,51
gruss,57,1,56
undo,57,32,25
esd,57,11,46
onair,57,55,2
isy,57,57,0
paillard,57,56,1
kuhn,57,28,29
reiser,57,56,1
sac,57,42,15
brien,57,45,12
agit,57,9,48
beep,57,35,22
alf,57,10,47
renounc,57,6,51
californian,57,45,12
lepold,57,0,57
whitman,57,51,6
socserv,57,57,0
shini,57,19,38
wrongdo,57,45,12
canyon,57,29,28
showbiztonight,57,57,0
oasdefault,57,57,0
ncaa,57,18,39
jin,57,46,11
hammond,57,36,21
netnoteinc,57,0,57
mull,57,48,9
aerospac,57,34,23
repars,57,56,1
cwi,57,57,0
hein,57,42,15
glucasaf,57,0,57
telescop,57,18,39
gmp,57,48,9
offbeat,57,47,10
berkshir,57,42,15
ming,57,48,9
visio,57,1,56
thorni,57,10,47
globalenv,57,57,0
gewinn,57,0,57
hindu,57,52,5
porqu,57,23,34
ime,57,31,26
jerusalem,57,36,21
portugues,57,34,23
outright,57,46,11
alguna,57,15,42
baptist,57,31,26
dcvar,57,57,0
tir,57,49,8
comn,57,56,1
nutraceut,57,1,56
counten,57,0,57
morley,57,35,22
ok,57,56,1
overdu,57,44,13
evidenc,57,34,23
bess,57,16,41
nanc,57,29,28
lexmark,57,1,56
bpo,57,49,8
uncheck,57,41,16
backdrop,57,25,32
chap,57,17,40
spree,57,29,28
forgo,57,34,23
compa,57,21,36
escapenumberhttp,57,5,52
fictiti,57,4,53
pili,57,0,57
pepsi,57,4,53
lengthen,57,4,53
tnode,57,57,0
antidepress,57,32,25
educationworldnet,57,0,57
fratern,57,17,40
majesti,57,5,52
dte,57,46,11
grumbl,57,14,43
ucla,57,47,10
samsung,57,20,37
xdgglobhash,57,57,0
internacion,57,35,22
valuenam,57,57,0
sarj,57,57,0
reorder,57,45,12
keyspan,57,57,0
federa,57,9,48
nsl,57,48,9
meier,57,40,17
lic,57,22,35
claudio,57,39,18
thunderbird,57,50,7
palmedo,57,57,0
whine,57,16,41
sal,57,23,34
deadliest,57,51,6
juev,57,12,45
overturn,57,42,15
awok,57,7,50
uneven,57,15,42
rolet,57,0,57
sicherheit,57,4,53
reinvent,57,54,3
thrice,57,46,11
charcnv,57,57,0
tmpescapenumb,57,57,0
twilight,57,9,48
damp,57,2,55
danish,57,34,23
whe,57,16,41
ncia,57,24,33
roadsid,57,32,25
inaccur,57,33,24
brainbench,57,57,0
lozano,56,55,1
racist,56,50,6
thespescapenumb,56,56,0
negro,56,25,31
mite,56,8,48
thinli,56,6,50
wwwescapenumb,56,24,32
kickoff,56,52,4
recurso,56,5,51
toad,56,0,56
cc,56,53,3
mpr,56,54,2
kendal,56,43,13
bestmortgageansw,56,0,56
misunderstood,56,40,16
glucos,56,5,51
reinsur,56,49,7
hain,56,15,41
mandriva,56,49,7
stealth,56,37,19
feebl,56,3,53
homoeopath,56,0,56
undergradu,56,44,12
thoreau,56,45,11
articul,56,44,12
slew,56,32,24
ric,56,21,35
diversif,56,35,21
sworn,56,18,38
hygien,56,7,49
entrust,56,13,43
egan,56,43,13
srp,56,56,0
derecho,56,18,38
plunder,56,35,21
dude,56,12,44
enumdom,56,56,0
inman,56,49,7
vuitton,56,1,55
motherboard,56,45,11
fid,56,54,2
sousa,56,38,18
arlen,56,22,34
perfum,56,3,53
goos,56,41,15
beckon,56,4,52
swaption,56,56,0
cartwheel,56,46,10
algebra,56,30,26
movado,56,0,56
regsubkey,56,56,0
inaugur,56,41,15
rcpt,56,2,54
attrib,56,56,0
choir,56,11,45
remuner,56,26,30
upi,56,54,2
escapenumberfroken,56,56,0
clumsi,56,24,32
chatter,56,25,31
mutt,56,41,15
washingtontim,56,56,0
rgi,56,55,1
brbr,56,0,56
mehta,56,55,1
mica,56,13,43
invitat,56,56,0
cellar,56,9,47
arma,56,40,16
granit,56,39,17
photovolta,56,55,1
marg,56,41,15
amro,56,46,10
lgpl,56,53,3
sermak,56,0,56
prospectu,56,27,29
escapenumberyour,56,1,55
bestem,56,1,55
backlash,56,45,11
kabila,56,0,56
turnov,56,38,18
tinder,56,52,4
chime,56,7,49
betzip,56,56,0
escapenumberfctdb,56,56,0
intellifar,56,0,56
textbreakingnew,56,56,0
eyebrow,56,17,39
youv,56,1,55
paga,56,0,56
abdomin,56,0,56
mextutil,56,56,0
tescapenumberr,56,2,54
queer,56,0,56
nivel,56,6,50
slut,56,0,56
finnish,56,40,16
falter,56,27,29
suiteescapenumb,56,0,56
groom,56,15,41
cuban,56,50,6
greenspan,56,44,12
ival,56,56,0
lasik,56,0,56
supress,56,1,55
psychologist,56,23,33
filetim,56,6,50
roe,56,36,20
archivo,56,6,50
shotgun,56,28,28
jeopardi,56,39,17
rgui,56,56,0
barton,56,39,17
algeria,56,16,40
npng,56,56,0
parachut,56,37,19
songkhla,56,45,11
scorn,56,7,49
kucinich,55,54,1
goodwin,55,43,12
ure,55,29,26
southeastern,55,37,18
euphoria,55,7,48
bryson,55,53,2
dart,55,9,46
philli,55,37,18
reveng,55,19,36
airn,55,55,0
pescapenumberregex,55,55,0
corps,55,7,48
opsescapenumberc,55,55,0
malcolm,55,39,16
rhonda,55,31,24
gruess,55,8,47
aglaya,55,0,55
ppi,55,53,2
sheffield,55,43,12
encina,55,55,0
derrick,55,36,19
compt,55,6,49
gania,55,0,55
lieu,55,41,14
managem,55,55,0
jour,55,26,29
petrona,55,55,0
regal,55,5,50
goa,55,0,55
foreclosur,55,14,41
attl,55,55,0
swnm,55,0,55
regenc,55,54,1
lucia,55,37,18
babbl,55,2,53
revolution,55,22,33
outsiz,55,55,0
stil,55,3,52
mcmill,55,55,0
asm,55,41,14
nax,55,0,55
ome,55,16,39
drip,55,8,47
winfrey,55,51,4
panenergi,55,55,0
propaganda,55,32,23
hkt,55,54,1
rotten,55,8,47
uncommon,55,24,31
ndin,55,0,55
tener,55,6,49
anew,55,12,43
buchanan,55,39,16
mcgowan,55,48,7
closedir,55,55,0
exorbit,55,23,32
cheerlead,55,30,25
coc,55,8,47
epri,55,55,0
covert,55,20,35
urin,55,10,45
qualityhealth,55,0,55
muitipl,55,0,55
ogg,55,50,5
pivot,55,38,17
sida,55,55,0
banish,55,6,49
recompil,55,52,3
reiiabl,55,0,55
erwin,55,46,9
clipboard,55,39,16
mrtu,55,55,0
splice,55,49,6
soy,55,9,46
patchi,55,52,3
weav,55,8,47
cellphon,55,47,8
ramsey,55,27,28
stephan,55,43,12
globa,55,4,51
mandir,55,54,1
fsm,55,55,0
unbear,55,4,51
inetd,55,55,0
workout,55,30,25
tsl,55,24,31
qplot,55,55,0
dime,55,13,42
odf,55,51,4
pobox,55,45,10
lula,55,44,11
plotmath,55,55,0
instantan,55,14,41
aliasinfo,55,55,0
pha,55,7,48
kcbwhtumkh,55,0,55
notepad,55,48,7
twinkl,55,25,30
tupl,55,48,7
hebert,55,55,0
nordic,55,47,8
secretariat,55,37,18
clint,55,41,14
negprot,55,55,0
viacom,55,26,29
vasprintf,55,55,0
discours,55,19,36
gape,55,7,48
scold,55,8,47
seaman,55,51,4
mediterranean,55,20,35
enviado,55,16,39
majeur,55,55,0
voc,55,14,41
fsfe,55,55,0
acb,55,53,2
aescapenumberplatt,55,55,0
mcclellan,55,47,8
initrd,55,55,0
embark,55,24,31
schwarzenegg,55,52,3
literari,55,24,31
odor,55,10,45
doorway,55,5,50
youll,55,1,54
wdsc,55,0,55
askcnn,55,55,0
pmcescapenumb,55,55,0
marit,55,3,52
mea,55,33,22
dnorm,55,55,0
darpa,55,20,35
rbc,55,12,43
funcion,55,7,48
viastar,55,0,55
gibt,55,12,43
melodick,55,55,0
rpi,55,54,1
carlisl,55,16,39
suppiy,55,0,55
stmref,55,55,0
vim,55,46,9
scotia,55,15,40
inadvert,55,43,12
escapenumberu,55,15,40
youngest,55,21,34
heed,55,15,40
oceania,55,1,54
downstair,55,8,47
gamer,55,38,17
rippl,55,41,14
departamento,55,23,32
seneg,55,11,44
plainli,55,19,36
protoco,55,0,55
somu,55,55,0
buff,55,37,18
wav,55,46,9
escapenumberwn,55,0,55
gonzalo,55,50,5
lindsey,55,42,13
leaderboard,55,54,1
istorag,55,0,55
halo,55,22,33
sorenson,55,55,0
brow,55,9,46
platelet,55,30,25
cemeteri,54,31,23
ascertain,54,34,20
clientgen,54,54,0
puppi,54,28,26
wireiess,54,0,54
tanto,54,15,39
spf,54,48,6
cryptic,54,39,15
refriger,54,38,16
endian,54,52,2
leonardo,54,38,16
richer,54,28,26
ina,54,41,13
yank,54,36,18
vic,54,19,35
endsect,54,54,0
impii,54,0,54
bldshare,54,54,0
inanc,54,36,18
scrutin,54,46,8
robe,54,7,47
nli,54,2,52
bosom,54,0,54
ada,54,19,35
parodi,54,28,26
viern,54,6,48
entryuuid,54,54,0
clic,54,4,50
tl,54,50,4
oga,54,0,54
gzip,54,51,3
wpt,54,0,54
freddi,54,25,29
cyl,54,43,11
coll,54,47,7
researchandmarket,54,54,0
incdir,54,54,0
medssno,54,0,54
bruis,54,15,39
detmer,54,54,0
seizur,54,17,37
firwork,54,0,54
fortifi,54,21,33
conocimiento,54,10,44
ture,54,15,39
bryant,54,40,14
cescapenumberc,54,7,47
coars,54,34,20
petersburg,54,30,24
nichol,54,39,15
readmat,54,54,0
ruf,54,51,3
potenzi,54,0,54
fractur,54,32,22
hodgess,54,54,0
geman,54,54,0
chilkina,54,54,0
videotap,54,47,7
moorer,54,53,1
froze,54,22,32
autonom,54,23,31
fossum,54,54,0
shepperd,54,54,0
survfit,54,54,0
satur,54,36,18
agua,54,33,21
angelid,54,54,0
mormon,54,48,6
viewactivecontest,54,54,0
narg,54,54,0
apwl,54,0,54
gaap,54,45,9
persuas,54,14,40
kommt,54,3,51
turnkey,54,14,40
slug,54,14,40
heavyweight,54,32,22
gmane,54,54,0
amita,54,54,0
trauma,54,25,29
dylib,54,54,0
wlndow,54,0,54
dreamt,54,2,52
stata,54,51,3
bsc,54,27,27
buildup,54,36,18
outescapenumb,54,54,0
betsi,54,31,23
onkelinx,54,54,0
jeopard,54,41,13
mortar,54,15,39
perish,54,15,39
anup,54,54,0
courtney,54,35,19
predat,54,42,12
dicament,54,54,0
etaescapenumb,54,54,0
wouldnt,54,5,49
commonwealth,54,40,14
aprend,54,0,54
bbl,54,51,3
fronti,54,54,0
cuatro,54,22,32
egrep,54,54,0
searcher,54,19,35
timefram,54,49,5
civic,54,35,19
rung,54,16,38
leff,54,54,0
escapenumberfwww,54,53,1
zune,54,31,23
kingston,54,13,41
nsf,54,52,2
gallant,54,6,48
wsrm,54,0,54
breakpoint,54,37,17
rake,54,23,31
twelveappl,54,0,54
muenchen,54,20,34
nutrient,54,11,43
dbgc,54,54,0
bowflex,54,4,50
dealbench,54,54,0
phar,54,0,54
rewritten,54,51,3
mcmichael,54,54,0
repeal,54,41,13
flop,54,34,20
strait,54,22,32
garza,54,48,6
rina,54,53,1
tao,54,31,23
conrad,54,26,28
ege,54,51,3
scorch,54,26,28
facial,54,20,34
refurbish,54,18,36
moni,54,28,26
sot,54,48,6
xdgmimeint,54,54,0
medi,54,4,50
dynasti,54,21,33
mitsubishi,54,36,18
airway,54,32,22
sftp,54,51,3
gomez,54,46,8
ni,54,40,14
getenv,54,54,0
foward,54,13,41
centana,54,54,0
dietproduct,54,0,54
lindley,54,54,0
blossom,54,5,49
facet,54,30,24
ezin,54,42,12
drv,54,38,16
mensagem,54,5,49
ock,54,9,45
resampl,54,54,0
bivand,54,54,0
verbatim,54,46,8
censoringtim,53,53,0
spectral,53,48,5
berney,53,53,0
trumpet,53,23,30
tinderbox,53,53,0
postcod,53,20,33
lorenzo,53,49,4
texan,53,39,14
escapenumberrom,53,53,0
abduct,53,40,13
oeuvr,53,38,15
xp,53,7,46
csound,53,53,0
ed,53,25,28
fathom,53,12,41
marquez,53,49,4
monk,53,23,30
usec,53,53,0
iagra,53,0,53
cardiovascular,53,18,35
quell,53,22,31
cookbook,53,34,19
clemen,53,29,24
rgkn,53,53,0
sharpen,53,20,33
nobil,53,0,53
unproduct,53,7,46
bearish,53,25,28
atla,53,38,15
sqliteescapenumb,53,53,0
torr,53,29,24
stormi,53,21,32
mle,53,51,2
rampant,53,26,27
partid,53,0,53
espionag,53,25,28
foil,53,23,30
clifford,53,28,25
mmel,53,0,53
explanatori,53,46,7
foe,53,23,30
sehen,53,6,47
indicando,53,1,52
industria,53,6,47
subdir,53,52,1
flint,53,44,9
driveway,53,14,39
thehil,53,53,0
ramif,53,43,10
novo,53,22,31
segreg,53,38,15
hkabsolut,53,0,53
youcheckk,53,0,53
keohan,53,53,0
wane,53,28,25
empfehlen,53,1,52
lilac,53,7,46
ppm,53,38,15
optimis,53,48,5
hankin,53,49,4
tawney,53,53,0
vase,53,34,19
conductor,53,7,46
saver,53,22,31
utilizar,53,0,53
commercia,53,2,51
midstream,53,47,6
solicitor,53,18,35
rogu,53,31,22
ncacn,53,53,0
doschar,53,53,0
hatr,53,6,47
hereor,53,52,1
marlen,53,45,8
mound,53,35,18
polr,53,53,0
detaii,53,0,53
cousino,53,53,0
amen,53,24,29
dynext,53,53,0
gl,53,51,2
hardship,53,25,28
osx,53,47,6
escapenumberfgss,53,53,0
catia,53,48,5
coil,53,9,44
thelotteryreport,53,0,53
marriott,53,28,25
srcnode,53,53,0
barnesandnobl,53,52,1
peyton,53,52,1
sinner,53,4,49
grandson,53,18,35
dice,53,19,34
bado,53,16,37
unpleas,53,34,19
hackathon,53,51,2
farimagsgad,53,53,0
arqueol,53,51,2
sli,53,18,35
hyp,53,52,1
lug,53,23,30
ambush,53,27,26
homedir,53,53,0
payload,53,50,3
sme,53,11,42
kinsey,53,52,1
bartend,53,4,49
walla,53,0,53
annua,53,1,52
maze,53,17,36
statut,53,47,6
mailroom,53,53,0
salon,53,38,15
amalgam,53,10,43
tailgat,53,52,1
recit,53,9,44
doch,53,18,35
rmove,53,0,53
keyescapenumb,53,53,0
jamestown,53,44,9
rehear,53,53,0
cibr,53,0,53
cumbersom,53,36,17
unilater,53,49,4
ctl,53,53,0
palett,53,31,22
volumetr,53,51,2
goug,53,47,6
raquo,53,5,48
overtim,53,36,17
puppet,53,35,18
shudder,53,6,47
en,53,20,33
wbsrv,53,53,0
rubbl,53,35,18
giobal,53,0,53
ica,53,9,44
hasten,53,7,46
decin,53,53,0
fay,53,33,20
buffet,53,21,32
destnam,53,53,0
alamo,53,42,11
ashcroft,53,52,1
cashier,53,1,52
cavali,53,32,21
stifl,53,22,31
aegiscapl,53,0,53
barley,53,12,41
needham,53,1,52
tajo,53,51,2
dacpqsdld,53,0,53
growl,53,2,51
oaxaca,53,4,49
bile,53,30,23
loudobbstonight,53,53,0
wilkin,53,29,24
madonna,52,40,12
asthma,52,11,41
dinah,52,1,51
orphanag,52,13,39
repriev,52,39,13
haircut,52,40,12
windmil,52,41,11
edgi,52,40,12
rfp,52,50,2
northwestern,52,48,4
cavendish,52,48,4
greatbigsport,52,0,52
yoga,52,23,29
cue,52,34,18
estabiish,52,0,52
registro,52,10,42
cruelti,52,2,50
ssmb,52,52,0
planilla,52,1,51
laps,52,35,17
tru,52,18,34
resortto,52,0,52
boldli,52,3,49
mcgee,52,35,17
pserc,52,52,0
marsh,52,20,32
implant,52,21,31
parkhil,52,52,0
blizzard,52,30,22
maximilian,52,7,45
austrian,52,43,9
deactiv,52,39,13
afaic,52,52,0
stimulu,52,46,6
rwinedt,52,52,0
celtic,52,38,14
nervous,52,14,38
sqlalchemi,52,52,0
cleric,52,36,16
warfar,52,24,28
considerado,52,2,50
grandma,52,12,40
certificao,52,0,52
arv,52,51,1
vplan,52,52,0
insolv,52,37,15
barata,52,51,1
joerg,52,51,1
calidad,52,3,49
dissert,52,43,9
bab,52,7,45
eiben,52,52,0
triliion,52,0,52
osborn,52,12,40
loung,52,18,34
priceless,52,39,13
duel,52,30,22
stripe,52,23,29
uneasi,52,13,39
persian,52,21,31
residentia,52,0,52
glivec,52,52,0
rogojin,52,0,52
bastard,52,11,41
amplifi,52,22,30
muffl,52,3,49
stereo,52,14,38
seminario,52,5,47
subrec,52,52,0
khan,52,19,33
worden,52,33,19
nouvel,52,40,12
locf,52,52,0
goliv,52,0,52
dendrogram,52,52,0
systbot,52,52,0
federico,52,49,3
digo,52,8,44
undeliver,52,31,21
cinema,52,23,29
ideolog,52,36,16
circu,52,27,25
alta,52,6,46
mum,52,22,30
posibl,52,15,37
vino,52,47,5
elba,52,35,17
marcelo,52,50,2
darken,52,6,46
ecdf,52,52,0
cod,52,13,39
dsn,52,51,1
escapenumberooo,52,0,52
spat,52,15,37
bloodstream,52,5,47
ritual,52,12,40
cliconnect,52,52,0
labudd,52,52,0
alpen,52,1,51
straighten,52,16,36
statutori,52,19,33
ale,52,35,17
inaccess,52,45,7
nun,52,21,31
teleconfer,52,50,2
tourism,52,32,20
appris,52,23,29
craze,52,7,45
pairwis,52,50,2
shiji,52,52,0
arlington,52,33,19
wiser,52,22,30
retrovir,52,49,3
strawberri,52,11,41
windsor,52,31,21
cowley,52,1,51
powerlin,52,2,50
cattl,52,11,41
mgltd,52,52,0
issuer,52,40,12
geometri,52,42,10
pervers,52,14,38
gaffa,52,52,0
paig,52,41,11
lesbian,52,12,40
woodman,52,0,52
tomato,52,8,44
gator,52,31,21
nwwv,52,0,52
extradit,52,39,13
rene,52,36,16
hon,52,37,15
garrison,52,29,23
irq,51,22,29
mathematica,51,44,7
cco,51,24,27
unbecom,51,47,4
amichai,51,51,0
deton,51,17,34
buffalo,51,36,15
crossroad,51,16,35
she,51,1,50
ddd,51,13,38
kommiss,51,1,50
kleinen,51,6,45
shorelin,51,41,10
recogniz,51,16,35
dbg,51,50,1
trek,51,38,13
freundlich,51,3,48
camcord,51,38,13
trotz,51,5,46
boomer,51,47,4
holbrook,51,0,51
libmpi,51,51,0
requisit,51,34,17
alum,51,23,28
memphi,51,44,7
chewco,51,51,0
dialect,51,26,25
jobid,51,51,0
ingest,51,1,50
apex,51,17,34
motionless,51,0,51
asynchron,51,32,19
mbd,51,48,3
barth,51,45,6
cartwright,51,49,2
cayman,51,46,5
sjava,51,51,0
acpi,51,51,0
mst,51,40,11
domingo,51,22,29
baescapenumb,51,17,34
gadd,51,51,0
stockl,51,0,51
toddler,51,44,7
sollten,51,6,45
telephoni,51,20,31
refiin,51,0,51
solemn,51,5,46
insensit,51,43,8
loa,51,18,33
hdpe,51,0,51
censu,51,25,26
gage,51,7,44
ammi,51,44,7
mahoney,51,49,2
buddha,51,20,31
epc,51,48,3
berman,51,28,23
detal,51,8,43
formosa,51,46,5
aiberta,51,0,51
harlan,51,41,10
gorni,51,51,0
inlet,51,30,21
scotti,51,40,11
lilo,51,47,4
backyard,51,35,16
shiiip,51,0,51
tblload,51,51,0
rst,51,28,23
codifi,51,27,24
burgeon,51,10,41
carmen,51,26,25
eavesdrop,51,19,32
carpent,51,22,29
formeaescapenumb,51,51,0
ncp,51,51,0
juerd,51,51,0
datei,51,49,2
ngx,51,51,0
valencia,51,43,8
cedex,51,49,2
incompet,51,34,17
reactiv,51,22,29
nlm,51,37,14
bdist,51,51,0
cdf,51,48,3
serif,51,20,31
barron,51,44,7
kam,51,37,14
teler,51,51,0
drei,51,11,40
unzip,51,40,11
fling,51,2,49
robado,51,51,0
blackmail,51,33,18
denen,51,8,43
rhelpescapenumbera,51,51,0
intrins,51,36,15
fedorad,51,51,0
arora,51,50,1
anth,51,50,1
caterpillar,51,24,27
carp,51,40,11
drugmak,51,49,2
evt,51,50,1
sewag,51,21,30
peripheri,51,2,49
chapel,51,31,20
vandal,51,44,7
panhandl,51,48,3
reactionsnet,51,51,0
kapucijnenvo,51,51,0
expm,51,51,0
aurora,51,29,22
xfce,51,47,4
homebuild,51,3,48
mhh,51,51,0
nortel,51,42,9
bastien,51,51,0
bloat,51,30,21
aescapenumberfor,51,0,51
reformat,51,45,6
stung,51,11,40
pla,51,20,31
cxx,51,51,0
allfreebiestoy,51,0,51
unistr,51,51,0
recoup,51,48,3
howel,51,38,13
dodson,51,41,10
tango,51,3,48
sped,51,10,41
cuadro,51,36,15
clnt,51,50,1
toil,51,24,27
tibco,51,49,2
buse,51,20,31
lieberman,51,47,4
surnam,51,33,18
beryl,51,28,23
unmap,51,51,0
undertaken,51,29,22
stilt,51,0,51
delug,51,26,25
cradl,51,16,35
bitch,51,6,45
busca,51,15,36
duraci,51,0,51
reccomend,51,1,50
ap,51,40,11
chiruka,51,51,0
petri,51,47,4
township,51,38,13
ivo,51,48,3
singlesnet,51,0,51
westbrook,51,51,0
pasadena,51,28,23
unspecifi,51,45,6
riddl,51,23,28
strung,51,3,48
gospel,51,5,46
bouillion,51,51,0
xdgmimemagicmatch,51,51,0
logoff,51,50,1
acapsit,51,0,51
collag,51,31,20
crosstex,51,51,0
realtor,51,20,31
aerial,51,31,20
blaschk,50,50,0
longev,50,25,25
alexandr,50,39,11
fueron,50,41,9
apellido,50,1,49
foxbusi,50,50,0
pleasantli,50,3,47
originalarrivaltim,50,1,49
marjori,50,30,20
limitada,50,0,50
junctur,50,8,42
limp,50,13,37
enomem,50,50,0
glimmer,50,11,39
noah,50,37,13
quickest,50,20,30
schieffer,50,50,0
ol,50,43,7
brit,50,50,0
miracul,50,9,41
supp,50,45,5
ptn,50,8,42
tamtam,50,50,0
expel,50,10,40
ard,50,25,25
prey,50,21,29
vineyard,50,7,43
urlescapenumb,50,44,6
houstonenergi,50,50,0
johanna,50,2,48
checkpoint,50,42,8
mylast,50,50,0
mumford,50,44,6
bestsportsmedia,50,0,50
lescapenumberwest,50,0,50
benni,50,8,42
pico,50,42,8
heath,50,27,23
flurri,50,32,18
coercion,50,41,9
aristocrat,50,2,48
wiggin,50,46,4
bauer,50,36,14
lastli,50,29,21
carlson,50,27,23
pitcher,50,33,17
corman,50,50,0
virgo,50,46,4
refere,50,29,21
targer,50,0,50
endtim,50,50,0
rsa,50,41,9
feloni,50,37,13
ti,50,17,33
irrespect,50,42,8
claud,50,35,15
universidad,50,25,25
twig,50,41,9
spectat,50,19,31
carlsbad,50,34,16
lavo,50,50,0
smallobject,50,50,0
pservic,50,50,0
indubit,50,2,48
blachman,50,50,0
robertwalt,50,50,0
nell,50,39,11
ethiopia,50,42,8
untest,50,49,1
deflat,50,25,25
beaufort,50,29,21
bizrat,50,0,50
ingl,50,4,46
newsweek,50,36,14
possibi,50,0,50
techi,50,45,5
pulsat,50,1,49
stead,50,9,41
piaget,50,0,50
joani,50,48,2
peripher,50,25,25
forestri,50,18,32
shopp,50,1,49
implor,50,16,34
pwent,50,50,0
einig,50,10,40
suno,50,49,1
gee,50,31,19
inotifi,50,50,0
aof,50,0,50
mick,50,46,4
nsslapd,50,50,0
boon,50,25,25
availabil,50,0,50
wagon,50,22,28
unlicens,50,15,35
loglevel,50,50,0
ese,50,27,23
kirkland,50,20,30
epoch,50,39,11
phrma,50,50,0
epmapp,50,50,0
macdonald,50,36,14
appiic,50,0,50
liegt,50,5,45
churn,50,38,12
investoren,50,1,49
kan,50,28,22
jade,50,24,26
ramesh,50,50,0
hecho,50,41,9
meteor,50,9,41
indata,50,50,0
bernardo,50,22,28
gallup,50,44,6
towel,50,14,36
hawaiian,50,15,35
internetpatrol,50,50,0
aruba,50,8,42
mta,50,38,12
kodak,50,38,12
hardcod,50,48,2
pussi,50,0,50
advert,50,14,36
zivley,50,50,0
batchfil,50,50,0
ppdesc,50,50,0
detaine,50,50,0
ful,50,12,38
encapsul,50,35,15
griffith,50,43,7
ebb,50,31,19
niec,50,10,40
allerg,50,3,47
spectacl,50,7,43
wiley,50,31,19
isom,50,45,5
goodpastur,50,50,0
ntcreatex,50,50,0
stratum,50,26,24
hillier,50,48,2
dpkg,50,49,1
knox,50,32,18
aweb,50,50,0
bade,50,1,49
notar,50,1,49
rmdir,50,50,0
juxerlekbi,50,0,50
webbi,50,50,0
qsnew,50,0,50
lancast,50,17,33
vaniti,50,7,43
newt,50,42,8
sloan,50,41,9
jfk,50,49,1
gli,50,27,23
abescapenumb,50,39,11
exoner,50,34,16
charla,50,38,12
cub,50,33,17
quad,50,33,17
welsh,50,26,24
dpi,50,28,22
reassign,50,44,6
transcanada,50,50,0
stainless,50,3,47
vario,50,13,37
atkin,50,16,34
nh,50,24,26
ake,50,15,35
unpredict,50,34,16
slipperi,50,16,34
flea,50,6,44
sant,50,45,5
specter,50,47,3
rudolph,49,39,10
makeup,49,34,15
diamet,49,16,33
sequoia,49,3,46
gatech,49,49,0
welt,49,17,32
fray,49,24,25
chemistri,49,22,27
gould,49,15,34
sizabl,49,27,22
ginger,49,37,12
attributetyp,49,49,0
snore,49,3,46
shriek,49,2,47
frederick,49,18,31
dvdr,49,0,49
improvis,49,9,40
doti,49,45,4
lstfun,49,49,0
foral,49,49,0
at,49,42,7
viavoic,49,49,0
lagnum,49,49,0
iot,49,0,49
nearer,49,11,38
mammoth,49,11,38
cafferti,49,49,0
dienstag,49,36,13
foi,49,13,36
schole,49,49,0
chilli,49,10,39
denis,49,35,14
alicia,49,20,29
eset,49,47,2
openbench,49,49,0
cosa,49,16,33
intlist,49,49,0
solarisacl,49,49,0
amak,49,0,49
longin,49,0,49
triangular,49,16,33
snoop,49,32,17
dorsey,49,48,1
homestead,49,32,17
bittersweet,49,11,38
codeofconduct,49,49,0
lima,49,32,17
troublesom,49,32,17
vie,49,18,31
inbo,49,49,0
guadalup,49,36,13
dict,49,48,1
janel,49,44,5
mpalmedo,49,49,0
swath,49,9,40
birmingham,49,33,16
nicolay,49,49,0
ofrec,49,1,48
abnorm,49,16,33
yearmon,49,49,0
capitulo,49,0,49
pragmat,49,37,12
frugal,49,39,10
lamescapenumb,49,49,0
bower,49,39,10
xulrunn,49,49,0
centerpiec,49,16,33
boyl,49,31,18
nag,49,27,22
idiom,49,37,12
lebedeff,49,0,49
vintag,49,37,12
enetwork,49,0,49
hannon,49,48,1
dentro,49,8,41
solemnli,49,1,48
bristl,49,6,43
hypothet,49,42,7
djinteract,49,49,0
unbalanc,49,48,1
tylenol,49,1,48
nate,49,14,35
slef,49,49,0
clinch,49,31,18
hale,49,39,10
rembrandt,49,38,11
salud,49,34,15
kysa,49,49,0
semen,49,1,48
heinrich,49,40,9
talisman,49,3,46
vivek,49,48,1
westar,49,49,0
bgescapenumb,49,4,45
eber,49,49,0
defenc,49,36,13
disco,49,11,38
cpp,49,38,11
versatil,49,28,21
pier,49,11,38
beforehand,49,30,19
crise,49,17,32
domino,49,24,25
rsh,49,47,2
petrosun,49,0,49
ndri,49,49,0
teh,49,47,2
sculpt,49,9,40
abcescapenumb,49,48,1
perpetr,49,20,29
ebiz,49,48,1
ramo,49,37,12
sashok,49,0,49
poullain,49,49,0
winescapenumberk,49,46,3
treatmentgrp,49,49,0
latino,49,36,13
garch,49,49,0
toolchain,49,47,2
rescapenumbera,49,0,49
corros,49,27,22
fait,49,28,21
humphrey,49,43,6
affl,49,49,0
admittedli,49,46,3
muldi,49,49,0
supper,49,6,43
quibbl,49,1,48
tetex,49,49,0
circumcis,49,19,30
knelt,49,0,49
urbanek,49,49,0
bengalla,49,49,0
autofre,49,49,0
vallum,49,0,49
chant,49,21,28
workload,49,40,9
xent,49,0,49
lwp,49,46,3
promfor,49,0,49
teievis,49,0,49
parrotcod,49,49,0
soussan,49,49,0
altitud,49,25,24
hao,49,46,3
unleash,49,35,14
aan,49,25,24
ipd,49,2,47
fleischer,49,49,0
juni,49,34,15
kubovi,49,49,0
objetivo,49,2,47
winedt,49,49,0
massachutsett,49,49,0
profesional,49,0,49
frontpag,49,6,43
vga,49,28,21
cane,49,8,41
intermitt,49,43,6
badpoet,49,49,0
cou,49,18,31
cracker,49,15,34
detriment,49,28,21
lethal,49,38,11
mimetyp,49,49,0
unrol,49,26,23
horrifi,49,24,25
poni,49,14,35
customari,49,29,20
totem,49,34,15
surveyclub,49,0,49
pluto,49,40,9
enlist,49,30,19
maxfd,49,49,0
glucophag,48,0,48
preposit,48,0,48
escapenumberecom,48,4,44
til,48,20,28
incentiv,48,8,40
mannheim,48,44,4
smbf,48,48,0
tangl,48,28,20
dior,48,2,46
supercomput,48,41,7
ulead,48,0,48
cashflow,48,41,7
regi,48,32,16
bluesman,48,48,0
ipwescapenumb,48,48,0
congrat,48,40,8
carelessli,48,1,47
slogan,48,25,23
eldest,48,10,38
getaway,48,33,15
fieldescapenumb,48,48,0
dtd,48,16,32
escapenumbercb,48,42,6
elgin,48,35,13
josi,48,1,47
hplnol,48,48,0
dsdi,48,0,48
ani,48,10,38
garment,48,8,40
mariann,48,29,19
bak,48,38,10
rtfm,48,48,0
exacerb,48,41,7
aliasmem,48,48,0
andrej,48,48,0
pcif,48,46,2
barnett,48,24,24
verguetung,48,2,46
xdgaliaslist,48,48,0
trustdom,48,48,0
propiedad,48,24,24
raj,48,43,5
introspect,48,37,11
cult,48,29,19
karin,48,25,23
culmin,48,30,18
tolan,48,0,48
luggag,48,20,28
abound,48,23,25
altman,48,47,1
ayer,48,19,29
myriad,48,23,25
bekannt,48,9,39
koeppen,48,48,0
avers,48,14,34
dinosaur,48,40,8
affidavit,48,15,33
devicemod,48,48,0
cnr,48,42,6
ciss,48,1,47
causa,48,38,10
encontrar,48,2,46
golfer,48,42,6
immatur,48,20,28
choral,48,0,48
sweeter,48,0,48
billow,48,3,45
jordi,48,48,0
ghi,48,45,3
ttern,48,0,48
entrench,48,19,29
pshisoftc,48,0,48
cre,48,22,26
libsamba,48,48,0
smbscript,48,48,0
rightli,48,28,20
ciean,48,0,48
derecskey,48,48,0
objectguid,48,48,0
ssn,48,38,10
deepest,48,24,24
egf,48,47,1
lovesn,48,0,48
mindspr,48,18,30
kri,48,27,21
strlcat,48,48,0
backbon,48,27,21
dhna,48,0,48
fotograf,48,5,43
lunat,48,2,46
deceit,48,15,33
datacent,48,9,39
sse,48,31,17
kunden,48,0,48
rinstescapenumb,48,48,0
imagemagick,48,48,0
stationari,48,32,16
zentara,48,48,0
acm,48,23,25
zeta,48,41,7
mbwc,48,0,48
sar,48,11,37
cnc,48,43,5
xdgmimealia,48,48,0
junji,48,48,0
balk,48,32,16
mep,48,48,0
sprinkl,48,19,29
helm,48,25,23
foskey,48,48,0
exc,48,31,17
contacto,48,7,41
winsserv,48,48,0
tucker,48,43,5
ciear,48,0,48
mpeg,48,13,35
deterr,48,13,35
oatt,48,48,0
dun,48,30,18
gpfsacl,48,48,0
accustom,48,20,28
hasti,48,11,37
chord,48,8,40
ubas,48,48,0
investit,48,0,48
recib,48,1,47
smcv,48,48,0
desmond,48,19,29
adjourn,48,34,14
ode,48,35,13
dispar,48,18,30
tricoli,48,48,0
pfont,48,0,48
varient,48,47,1
windi,48,34,14
entrepreneuri,48,33,15
viewarticlebas,48,48,0
awkwardli,48,3,45
spp,48,48,0
tic,48,20,28
buoy,48,15,33
agn,48,14,34
epanchin,48,0,48
rtype,48,48,0
lockout,48,35,13
csardi,48,48,0
gamespi,48,0,48
disdain,48,13,35
frescapenumberm,48,0,48
aeopublish,48,0,48
timefescapenumb,48,48,0
crh,48,47,1
neon,48,40,8
newport,48,28,20
pgev,48,48,0
protector,48,10,38
clement,48,24,24
ark,48,36,12
samantha,48,39,9
valescapenumb,48,48,0
searchstart,47,47,0
unoffici,47,34,13
nip,47,29,18
julien,47,47,0
pyni,47,47,0
sloe,47,0,47
purevis,47,0,47
anguish,47,8,39
karim,47,45,2
caiifornia,47,0,47
melba,47,41,6
botanik,47,44,3
inflamm,47,8,39
pathet,47,12,35
foobar,47,41,6
rant,47,35,12
ium,47,1,46
dba,47,36,11
etiquett,47,16,31
greensburg,47,47,0
dee,47,18,29
mang,47,28,19
codec,47,35,12
rosenberg,47,30,17
mailescapenumb,47,41,6
textual,47,35,12
radisson,47,41,6
bern,47,27,20
royc,47,11,36
thehealthscop,47,0,47
goddess,47,18,29
vitro,47,41,6
nordlund,47,47,0
ci,47,41,6
reminisc,47,19,28
slurpi,47,47,0
renzi,47,47,0
disallow,47,45,2
warmli,47,6,41
oddli,47,17,30
punctuat,47,28,19
basso,47,39,8
edmond,47,13,34
foreman,47,16,31
opensus,47,46,1
ner,47,29,18
climax,47,4,43
ddsr,47,0,47
ctric,47,47,0
hutch,47,43,4
nap,47,26,21
abet,47,11,36
pcb,47,2,45
officia,47,1,46
narr,47,20,27
gent,47,27,20
xvar,47,47,0
assoc,47,45,2
maskbit,47,47,0
alexandra,47,21,26
scribbl,47,3,44
intang,47,34,13
chainunlock,47,47,0
fstrcpi,47,47,0
iva,47,5,42
incr,47,20,27
illicit,47,35,12
tabular,47,42,5
railway,47,20,27
unwrap,47,39,8
acquit,47,12,35
environmentalist,47,47,0
spiel,47,8,39
tolstoy,47,43,4
freee,47,0,47
insurancemail,47,0,47
nightli,47,32,15
bajo,47,10,37
requeu,47,47,0
lauer,47,38,9
augustin,47,27,20
nonparametr,47,47,0
nosotro,47,8,39
visualident,47,0,47
kidproto,47,47,0
stigmata,47,0,47
transmitt,47,17,30
visibi,47,0,47
lightspe,47,0,47
stol,47,42,5
curran,47,28,19
bewild,47,4,43
axelrod,47,47,0
endlogo,47,0,47
checkour,47,0,47
kelley,47,29,18
gaskil,47,46,1
punctual,47,2,45
laud,47,34,13
malibu,47,16,31
lua,47,44,3
prima,47,21,26
pullout,47,45,2
pointless,47,38,9
communic,47,19,28
brisban,47,12,35
bereich,47,2,45
exult,47,4,43
textpad,47,47,0
valeria,47,40,7
outweigh,47,43,4
enroncredit,47,47,0
ost,47,6,41
yearn,47,5,42
auxiliari,47,28,19
dylan,47,20,27
nishi,47,44,3
shriramana,47,47,0
punit,47,39,8
arbor,47,17,30
straightli,47,0,47
cation,47,2,45
mw,47,47,0
epic,47,31,16
holden,47,40,7
launder,47,34,13
dreami,47,1,46
embodi,47,23,24
partement,47,22,25
postur,47,31,16
hertel,47,47,0
expatri,47,32,15
viewport,47,39,8
srctree,47,47,0
banc,47,44,3
heiress,47,35,12
devmod,47,47,0
supplementari,47,43,4
daiiy,47,0,47
severa,47,2,45
carleton,47,11,36
timberlak,47,45,2
seguridad,47,11,36
atroc,47,22,25
rash,47,14,33
donc,47,36,11
dizzi,47,13,34
rectifi,47,27,20
rede,47,30,17
formulario,47,0,47
multilater,47,44,3
vertrieb,47,1,46
ursula,47,37,10
exelon,47,47,0
isabella,47,4,43
gdm,47,47,0
keyblock,47,47,0
searchend,47,47,0
tripi,47,0,47
bbscvmoru,47,0,47
timef,47,47,0
milford,47,5,42
gtescapenumb,47,0,47
annal,47,11,36
metaclass,47,47,0
jcif,47,47,0
atianta,47,0,47
jab,47,24,23
pyramid,47,16,31
mynam,47,46,1
ellison,47,39,8
ecosystem,47,30,17
lsoda,47,47,0
cogen,47,47,0
argest,47,0,47
ecr,47,26,21
im,47,25,22
rhyme,47,13,34
gpdlow,47,47,0
shipman,47,44,3
compuls,47,5,42
darryl,47,42,5
commend,47,23,24
backoffic,47,47,0
brainstorm,47,34,13
monarch,47,13,34
laundri,46,11,35
gatemaz,46,46,0
cdn,46,34,12
ugh,46,33,13
medz,46,0,46
sydneycarcentr,46,0,46
overtak,46,11,35
hagelmann,46,46,0
tabla,46,0,46
nmb,46,44,2
dannielynn,46,46,0
lpt,46,10,36
pref,46,23,23
odyssey,46,38,8
contro,46,6,40
schlesing,46,41,5
systematisch,46,45,1
bred,46,4,42
appointe,46,36,10
humano,46,15,31
hathaway,46,36,10
telvo,46,0,46
dishwash,46,13,33
gradi,46,35,11
colett,46,35,11
edmondson,46,40,6
winchest,46,38,8
dupe,46,15,31
tec,46,22,24
gigabyt,46,29,17
hotat,46,0,46
megola,46,0,46
clad,46,19,27
ytd,46,38,8
bdb,46,37,9
barren,46,2,44
midway,46,32,14
equiv,46,3,43
rejuven,46,10,36
workbook,46,35,11
mutex,46,46,0
nde,46,16,30
mtcar,46,46,0
workabl,46,40,6
vm,46,39,7
examescapenumb,46,46,0
shorthand,46,32,14
pham,46,42,4
driscol,46,39,7
voluntarili,46,40,6
netmgr,46,46,0
escapenumberfrpc,46,46,0
neuner,46,46,0
bigint,46,46,0
nsw,46,38,8
erica,46,31,15
militia,46,28,18
quip,46,22,24
dressel,46,0,46
rerun,46,39,7
pharmescapenumberci,46,0,46
theriot,46,46,0
ipath,46,46,0
mma,46,13,33
stickrang,46,0,46
pork,46,20,26
narrowstep,46,0,46
wrestler,46,40,6
holmesgrown,46,46,0
edith,46,31,15
sling,46,14,32
removemepleas,46,0,46
aescapenumbersh,46,1,45
salv,46,22,24
ftar,46,0,46
jeevan,46,46,0
dunk,46,27,19
obstruct,46,29,17
schwarz,46,42,4
krbclient,46,46,0
nachricht,46,38,8
cruiser,46,6,40
unafford,46,18,28
ulcer,46,2,44
immut,46,35,11
somber,46,8,38
skimpi,46,42,4
puff,46,7,39
prefect,46,5,41
clog,46,25,21
robada,46,46,0
iren,46,36,10
exposici,46,4,42
sfu,46,42,4
christo,46,46,0
theatric,46,14,32
hydrant,46,24,22
ption,46,3,43
alvarez,46,30,16
affluent,46,15,31
pgpu,46,0,46
breakup,46,25,21
abspielen,46,0,46
payday,46,13,33
loglikelihood,46,46,0
soccervantag,46,0,46
purs,46,18,28
infocast,46,46,0
frau,46,14,32
steigt,46,0,46
cle,46,30,16
grind,46,15,31
xeon,46,30,16
haa,46,28,18
ethnic,46,24,22
bonnevil,46,32,14
stica,46,20,26
moriarti,46,44,2
tdbescapenumb,46,46,0
lyn,46,39,7
aescapenumberit,46,1,45
ved,46,14,32
albuquerqu,46,39,7
yorker,46,39,7
offenc,46,24,22
mydomain,46,45,1
blindli,46,19,27
eigenvector,46,33,13
pureangel,46,0,46
domainlist,46,46,0
cpescapenumb,46,44,2
buehler,46,42,4
drili,46,1,45
owl,46,31,15
lister,46,45,1
mohammad,46,40,6
florenc,46,34,12
fritz,46,25,21
vatican,46,28,18
vmf,46,45,1
zipter,46,46,0
buffsiz,46,46,0
chore,46,11,35
spearman,46,46,0
harper,46,32,14
mccormick,46,40,6
meridescapenumbera,46,0,46
davenport,46,24,22
deindent,46,46,0
boyd,46,22,24
rascal,46,3,43
heurist,46,35,11
shawna,46,46,0
insignific,46,31,15
errcod,46,46,0
dismay,46,20,26
pedant,46,39,7
realiy,46,0,46
autism,46,36,10
traumat,46,30,16
fullnam,46,45,1
ang,46,19,27
rainfal,46,29,17
interaktiv,46,0,46
mediaplex,46,0,46
datapoint,46,46,0
stescapenumberr,46,0,46
faulti,46,36,10
newav,46,0,46
ldapsam,46,46,0
cir,46,29,17
parrotclass,46,46,0
raphael,46,27,19
sheraton,46,14,32
neatli,46,14,32
posixacl,46,46,0
enov,46,46,0
mideast,46,35,11
letsyou,46,0,46
traction,46,21,25
wichtig,46,8,38
mcdonough,46,42,4
regiment,46,6,40
bog,46,19,27
surethat,46,0,46
gasto,46,0,46
ectstsw,46,46,0
fraser,46,38,8
gruessen,46,2,44
feroc,46,3,43
cyclist,46,13,33
uproar,46,34,12
roadmap,46,31,15
acuiti,46,33,13
dynegydirect,46,46,0
narrowli,45,36,9
doubletre,45,44,1
goldberg,45,29,16
libcescapenumb,45,45,0
medicar,45,38,7
recht,45,9,36
hwm,45,43,2
coffer,45,19,26
kelleh,45,0,45
tractor,45,27,18
mixer,45,40,5
helton,45,41,4
moeglich,45,1,44
tuition,45,29,16
mydatasort,45,45,0
escapenumberbt,45,43,2
cathedr,45,26,19
linksi,45,40,5
aqua,45,17,28
underestim,45,36,9
refcount,45,45,0
ergi,45,44,1
yukon,45,12,33
accret,45,25,20
reachabl,45,26,19
marca,45,4,41
dain,45,22,23
ejercicio,45,0,45
whitsel,45,45,0
mafia,45,26,19
munch,45,38,7
evescapenumb,45,30,15
mak,45,32,13
glist,45,45,0
zimbabwean,45,7,38
groundspr,45,45,0
piston,45,39,6
categ,45,45,0
obispo,45,44,1
trunc,45,45,0
sputter,45,6,39
vile,45,7,38
calloc,45,45,0
reckon,45,26,19
sdg,45,44,1
smyrno,45,0,45
jeann,45,34,11
rlyc,45,0,45
affection,45,5,40
rupert,45,33,12
meast,45,45,0
irisescapenumb,45,45,0
viaspac,45,0,45
erc,45,43,2
fribbl,45,45,0
dietari,45,12,33
petraeu,45,45,0
technica,45,34,11
fondli,45,1,44
mei,45,31,14
mucha,45,15,30
prabhu,45,45,0
leahi,45,43,2
costless,45,38,7
cutter,45,16,29
acclaim,45,30,15
shred,45,21,24
sident,45,37,8
fff,45,5,40
unichar,45,45,0
badfid,45,45,0
questar,45,45,0
braveri,45,2,43
trespass,45,25,20
aescapenumbery,45,0,45
mtext,45,45,0
invisibi,45,0,45
cwa,45,44,1
raleigh,45,35,10
dubui,45,0,45
plenari,45,19,26
connoisseur,45,7,38
klaa,45,45,0
pornostar,45,0,45
publi,45,15,30
emf,45,43,2
oakland,45,37,8
degen,45,20,25
strcasecmp,45,45,0
heroic,45,19,26
quench,45,4,41
claw,45,18,27
nbio,45,45,0
caesar,45,10,35
arcad,45,14,31
testosteron,45,17,28
galactica,45,13,32
pj,45,6,39
geotherm,45,45,0
stopchar,45,45,0
cooi,45,0,45
blomberg,45,37,8
cla,45,17,28
etcheverri,45,45,0
utilis,45,39,6
allah,45,2,43
versionsfeatur,45,0,45
pinheiro,45,45,0
hose,45,15,30
strndup,45,45,0
dixi,45,13,32
hectic,45,31,14
wormstrous,45,0,45
milli,45,25,20
lil,45,30,15
sunlight,45,20,25
escapenumbercd,45,3,42
wachovia,45,36,9
outbuff,45,45,0
orthogon,45,41,4
cardiac,45,5,40
ema,45,7,38
mese,45,7,38
arteri,45,17,28
powerpc,45,43,2
uncompress,45,43,2
pall,45,5,40
unneed,45,41,4
informacion,45,2,43
mmescapenumb,45,18,27
triilion,45,0,45
mundial,45,27,18
mdj,45,43,2
sftsyn,45,45,0
martial,45,1,44
xxi,45,1,44
extel,45,45,0
cing,45,45,0
rendezv,45,39,6
cordless,45,0,45
ven,45,21,24
inhal,45,4,41
necesita,45,5,40
pingo,45,0,45
blico,45,22,23
coulter,45,30,15
rockwel,45,33,12
opescapenumb,45,40,5
forwardlook,45,0,45
donarmstrong,45,45,0
raul,45,31,14
umim,45,45,0
cairn,45,37,8
fnumescapenumb,45,45,0
flite,45,45,0
uloempa,45,0,45
brethren,45,1,44
outward,45,10,35
dma,45,17,28
stoner,45,37,8
bri,45,37,8
staley,45,33,12
eytl,45,0,45
karat,45,19,26
veil,45,9,36
tabz,45,0,45
disastr,45,28,17
tsunami,45,8,37
dearest,45,6,39
bacon,45,15,30
gchar,45,45,0
enzym,45,18,27
singh,45,38,7
groundbreak,45,22,23
archi,45,8,37
metafil,45,45,0
helsinki,45,37,8
wsi,45,42,3
dtaa,45,45,0
positiv,45,0,45
commerciai,45,0,45
convuls,45,1,44
abdul,45,23,22
bray,45,17,28
netcoonlin,45,45,0
tmpf,45,44,1
lore,45,14,31
fromfd,45,45,0
fwiw,45,45,0
thruster,45,44,1
resizablepmcarray,45,45,0
nextel,45,24,21
deletekey,45,45,0
rockland,45,4,41
xcel,45,44,1
viper,45,5,40
iogn,45,0,45
untap,45,5,40
reclaim,45,31,14
ksr,45,44,1
skiada,45,45,0
fft,45,44,1
choat,45,45,0
herman,45,22,23
owasi,45,45,0
rotari,44,37,7
disgrac,44,22,22
gdi,44,33,11
letzter,44,0,44
polizei,44,33,11
remiss,44,14,30
tribolet,44,44,0
divest,44,31,13
kmv,44,44,0
advent,44,18,26
encor,44,28,16
multidimension,44,44,0
poe,44,27,17
pon,44,24,20
trunkid,44,44,0
westinghous,44,38,6
encuentra,44,12,32
cecilia,44,25,19
remors,44,5,39
jael,44,0,44
plano,44,11,33
faction,44,39,5
yvect,44,44,0
facekey,44,0,44
iah,44,42,2
gloomi,44,19,25
maj,44,39,5
jiri,44,19,25
brunei,44,5,39
elud,44,31,13
nachrichten,44,7,37
rzlab,44,44,0
stricter,44,34,10
juliu,44,26,18
erisk,44,44,0
fetish,44,27,17
intoler,44,15,29
xm,44,43,1
weltweit,44,4,40
etop,44,44,0
odt,44,41,3
oben,44,1,43
sasescapenumberbcat,44,44,0
selinux,44,44,0
swm,44,0,44
torvald,44,39,5
sidstr,44,44,0
undercov,44,14,30
salvor,44,2,42
hasselhoff,44,43,1
hypocrisi,44,29,15
remnant,44,26,18
aptitud,44,34,10
sieberg,44,44,0
manhunt,44,36,8
ecc,44,44,0
replenish,44,14,30
qnorm,44,44,0
merkel,44,40,4
sao,44,33,11
kilgor,44,32,12
keg,44,3,41
waterproof,44,5,39
whitew,44,43,1
marla,44,35,9
ucfagl,44,44,0
zadorozhni,44,44,0
familia,44,9,35
wid,44,1,43
acumen,44,14,30
siegel,44,37,7
zollikerstrass,44,44,0
posterior,44,33,11
paradox,44,22,22
nicki,44,31,13
elog,44,44,0
foy,44,44,0
tract,44,12,32
slung,44,2,42
rasch,44,19,25
socalehr,44,44,0
misma,44,15,29
rreid,44,44,0
powerisk,44,44,0
socketwrapp,44,44,0
socaltop,44,44,0
komplett,44,5,39
eastman,44,33,11
nahou,44,44,0
pdu,44,44,0
thome,44,44,0
maritim,44,36,8
pvm,44,44,0
apunt,44,2,42
downfal,44,27,17
profici,44,21,23
seismic,44,14,30
jweek,44,44,0
cnica,44,6,38
attest,44,11,33
clickpap,44,44,0
unvers,44,11,33
fontbr,44,0,44
tdtd,44,0,44
mymodel,44,44,0
whiter,44,3,41
sprawl,44,22,22
krug,44,38,6
estrategia,44,2,42
theodor,44,33,11
uld,44,18,26
specialis,44,31,13
servi,44,19,25
smtpsvc,44,2,42
isabel,44,17,27
cain,44,14,30
inoffens,44,0,44
extinct,44,20,24
hearti,44,2,42
trey,44,39,5
adov,44,0,44
ottozelez,44,0,44
bison,44,26,18
plausibl,44,27,17
boiler,44,39,5
muck,44,9,35
keyrockrol,44,0,44
rtld,44,44,0
fpmc,44,44,0
nephew,44,12,32
aescapenumberw,44,0,44
pregnanc,44,33,11
perturb,44,13,31
hairi,44,6,38
provision,44,22,22
napoleon,44,15,29
trevor,44,40,4
unidentifi,44,43,1
ilib,44,44,0
mientra,44,12,32
evgeni,44,8,36
donnelli,44,29,15
screenless,44,44,0
enquir,44,17,27
thatcher,44,17,27
plight,44,28,16
pacificorp,44,44,0
epidemiolog,44,39,5
anatomi,44,30,14
droit,44,29,15
sizzl,44,25,19
erron,44,31,13
javier,44,38,6
skel,44,22,22
northeastern,44,31,13
dulo,44,0,44
teilen,44,6,38
antibodi,44,40,4
alm,44,2,42
poorer,44,41,3
kludg,44,43,1
egmnom,44,44,0
celeron,44,11,33
stepaic,44,44,0
turf,44,32,12
villain,44,17,27
amort,44,34,10
racket,44,27,17
cusip,44,15,29
imaginari,44,31,13
ridden,44,17,27
unrival,44,2,42
centric,44,21,23
jaquet,44,44,0
ntelo,44,44,0
gal,44,25,19
oath,44,14,30
dispel,44,13,31
culinari,44,31,13
juici,44,12,32
servlet,44,42,2
berg,44,10,34
statbuf,44,44,0
crusad,44,29,15
plume,44,7,37
medicamento,44,38,6
feud,44,34,10
murki,44,34,10
absorpt,44,3,41
nosso,43,5,38
schnell,43,9,34
ritonavir,43,43,0
outing,43,29,14
degeneraci,43,0,43
contradictori,43,25,18
extescapenumberf,43,43,0
alport,43,43,0
horrid,43,3,40
keeley,43,43,0
niguel,43,0,43
dmca,43,43,0
leut,43,2,41
oportunidad,43,2,41
escapenumbernod,43,43,0
josef,43,14,29
aninher,43,0,43
minneapoli,43,35,8
trav,43,14,29
farmhous,43,15,28
mbkr,43,0,43
aisl,43,26,17
conner,43,28,15
despot,43,0,43
jigdo,43,43,0
levescapenumbertra,43,0,43
frenchman,43,9,34
cescapenumbera,43,0,43
dacl,43,43,0
partir,43,7,36
cabrera,43,39,4
reliabi,43,1,42
hsv,43,42,1
keel,43,29,14
lumley,43,43,0
werner,43,31,12
waist,43,5,38
dwight,43,21,22
lenehan,43,0,43
clout,43,35,8
swimsuit,43,39,4
wrongli,43,34,9
onlook,43,7,36
eyewit,43,34,9
amonq,43,0,43
moreno,43,32,11
olmert,43,43,0
wachsenden,43,1,42
afmt,43,43,0
sofia,43,34,9
mscf,43,42,1
lglik,43,43,0
eesi,43,7,36
sigeta,43,43,0
adio,43,1,42
overpr,43,34,9
texoma,43,42,1
barbecu,43,13,30
endpoint,43,35,8
sigep,43,43,0
kirsti,43,43,0
pavlou,43,43,0
wdsccurrent,43,0,43
dietz,43,28,15
bonn,43,15,28
poss,43,15,28
ama,43,12,31
typewrit,43,19,24
ile,43,22,21
recount,43,34,9
xfile,43,42,1
pervas,43,23,20
cautious,43,11,32
recherch,43,28,15
hussein,43,32,11
ruben,43,26,17
intrud,43,7,36
checkbox,43,25,18
ymbol,43,0,43
pwr,43,43,0
mel,43,25,18
tycoon,43,27,16
strayform,43,43,0
roug,43,25,18
jenkin,43,27,16
thyself,43,6,37
besieg,43,13,30
crucifi,43,2,41
covar,43,43,0
misfortun,43,6,37
antoni,43,2,41
douc,43,0,43
ldescapenumb,43,36,7
dunhil,43,0,43
hambleton,43,0,43
contributeto,43,0,43
latent,43,37,6
georgann,43,43,0
bakingth,43,0,43
taper,43,39,4
regalo,43,0,43
decreto,43,7,36
bom,43,35,8
geno,43,41,2
ade,43,16,27
soid,43,0,43
rprofil,43,43,0
tak,43,18,25
constroptim,43,43,0
propeciaa,43,0,43
levitt,43,36,7
clc,43,35,8
ional,43,21,22
vanadium,43,0,43
moto,43,9,34
cyclon,43,27,16
selector,43,21,22
robber,43,38,5
logrank,43,43,0
schoolgirl,43,0,43
pappli,43,43,0
tack,43,26,17
vax,43,37,6
broadcom,43,40,3
samstandingsoon,43,0,43
yawn,43,8,35
ters,43,37,6
bekommen,43,5,38
wobbl,43,7,36
centrecar,43,0,43
baggag,43,12,31
trophi,43,28,15
pescapenumberrx,43,42,1
wcescapenumber,43,43,0
disrespect,43,30,13
acryl,43,1,42
glorifi,43,9,34
reproach,43,3,40
versicolor,43,27,16
mtnu,43,0,43
lux,43,24,19
daytim,43,23,20
bescapenumberrland,43,1,42
verlag,43,9,34
clali,43,0,43
fiorina,43,43,0
namescapenumb,43,43,0
userspac,43,40,3
whomev,43,35,8
suresh,43,43,0
kroll,43,43,0
litter,43,27,16
tirr,43,0,43
ftworth,43,43,0
clarion,43,3,40
trio,43,30,13
dwindl,43,23,20
newclass,43,43,0
oleg,43,43,0
refurb,43,0,43
grenad,43,8,35
gesendet,43,35,8
dio,43,23,20
coe,43,40,3
simonyi,43,43,0
wordperfect,43,2,41
shortest,43,18,25
apprici,43,43,0
triumphant,43,7,36
dallazuanna,43,43,0
evinc,43,21,22
mallori,43,26,17
reunion,43,26,17
injustic,43,18,25
oldpath,43,43,0
courthous,43,27,16
condoleezza,43,42,1
abacu,43,31,12
homicid,43,21,22
lonestar,43,43,0
rwe,43,42,1
burial,43,22,21
centerfont,43,0,43
activex,43,6,37
vivid,43,12,31
crea,43,3,40
fendi,43,0,43
nudg,43,21,22
solim,43,0,43
snmp,43,40,3
erot,43,2,41
dirp,43,43,0
sangallo,43,0,43
tseri,43,43,0
brewer,43,39,4
elett,43,43,0
circuiat,43,0,43
shire,43,12,31
orghttp,43,43,0
oretech,43,0,43
playboy,43,21,22
seo,43,8,35
bera,43,42,1
giga,43,1,42
tg,43,35,8
jwleuxivsu,43,0,43
ffsa,43,0,43
vel,43,14,29
kingerski,43,43,0
psp,43,6,37
pode,43,6,37
mday,43,43,0
survdiff,43,43,0
rhat,43,42,1
surfer,43,16,27
busili,43,2,41
sysconfdir,43,43,0
ora,43,21,22
swbell,43,37,6
beau,43,22,21
walnut,43,14,29
luckyday,43,0,43
biomass,43,39,4
errmap,43,43,0
domainnam,43,43,0
westerli,43,28,15
screenlessphon,43,43,0
supersed,43,31,12
pantalla,43,2,41
bunni,42,13,29
zap,42,20,22
libpopt,42,42,0
representacion,42,0,42
lama,42,42,0
cheddar,42,42,0
greenland,42,21,21
authorship,42,42,0
tranquil,42,2,40
dokument,42,2,40
snapin,42,42,0
cumsum,42,42,0
fmale,42,42,0
barbarian,42,4,38
livia,42,42,0
autocorrel,42,35,7
isaiah,42,32,10
parish,42,4,38
discretionari,42,20,22
aba,42,18,24
inflict,42,17,25
damon,42,21,21
ultrescapenumberm,42,0,42
zybescapenumbern,42,0,42
mademoisel,42,0,42
cescapenumberk,42,2,40
trata,42,20,22
materiai,42,0,42
ipn,42,8,34
colsum,42,42,0
getc,42,42,0
commi,42,33,9
krahn,42,42,0
jarqu,42,42,0
speckel,42,42,0
gillespi,42,29,13
hendrick,42,8,34
largefil,42,42,0
articleescapenumb,42,42,0
rite,42,15,27
mourinho,42,42,0
ffffffstrongfont,42,0,42
allig,42,11,31
lightweight,42,16,26
siva,42,36,6
teessid,42,42,0
atescapenumbervan,42,0,42
bowman,42,24,18
toto,42,28,14
apocalyps,42,33,9
nab,42,38,4
rust,42,18,24
optl,42,0,42
simpsonatnospamucl,42,42,0
fatti,42,7,35
astrolog,42,2,40
gillian,42,17,25
morrison,42,17,25
oxfam,42,41,1
glacier,42,7,35
thaksin,42,33,9
dix,42,36,6
shale,42,5,37
grm,42,40,2
ecrc,42,42,0
taller,42,17,25
jamaica,42,14,28
rees,42,33,9
wellcom,42,41,1
ntd,42,41,1
fuent,42,20,22
ccil,42,42,0
romania,42,19,23
ggrothendieck,42,42,0
peasant,42,6,36
reread,42,29,13
sentinel,42,30,12
aitern,42,0,42
midland,42,33,9
hyster,42,7,35
president,42,29,13
ncalrpc,42,42,0
dayzer,42,0,42
potteri,42,30,12
barleyescapenumb,42,42,0
rebellion,42,9,33
netinst,42,42,0
suitor,42,38,4
lipescapenumbertor,42,0,42
merescapenumberdia,42,0,42
publishinq,42,0,42
srm,42,42,0
errhrd,42,42,0
betreff,42,38,4
mummi,42,31,11
xdgmimeglob,42,42,0
stool,42,11,31
evel,42,1,41
woul,42,11,31
glitter,42,6,36
carescapenumbersoma,42,0,42
chgpasswd,42,42,0
fyodor,42,41,1
exhort,42,5,37
tba,42,39,3
persp,42,41,1
cove,42,30,12
iplot,42,42,0
lescapenumberkup,42,0,42
lint,42,34,8
roosevelt,42,22,20
flescapenumb,42,39,3
bescapenumberi,42,0,42
recmast,42,42,0
rhelp,42,42,0
wannab,42,41,1
ribeiro,42,40,2
sagen,42,2,40
traditiona,42,0,42
dfn,42,42,0
antioxid,42,9,33
seamless,42,19,23
aspen,42,22,20
genethera,42,0,42
anc,42,18,24
slideshow,42,22,20
ativan,42,0,42
tangent,42,36,6
levelmedia,42,0,42
sewn,42,7,35
languagepick,42,0,42
contien,42,2,40
duli,42,8,34
rumbl,42,20,22
expios,42,0,42
rey,42,29,13
tasti,42,6,36
bharati,42,42,0
xdigit,42,42,0
entrada,42,1,41
dazu,42,8,34
scarlet,42,8,34
ec,42,37,5
manylin,42,42,0
bombard,42,16,26
poiici,42,0,42
blight,42,3,39
middleton,42,18,24
sven,42,39,3
over,42,9,33
slpdatasfo,42,42,0
pouch,42,1,41
subway,42,29,13
curious,42,21,21
wrung,42,1,41
thorp,42,32,10
consemiu,42,42,0
wol,42,40,2
meteorolog,42,34,8
cramer,42,32,10
persever,42,10,32
knive,42,6,36
sweeten,42,11,31
stroll,42,10,32
tdbback,42,42,0
sleek,42,10,32
mccann,42,32,10
detector,42,14,28
chica,42,42,0
bride,42,24,18
trojan,42,14,28
ffemal,42,42,0
pane,42,10,32
outbreak,42,28,14
hoodiazombieii,42,0,42
atarescapenumberx,42,0,42
tinker,42,24,18
freeway,42,34,8
westlb,42,42,0
regshel,42,42,0
furnac,42,11,31
blanch,42,2,40
stray,42,25,17
yoursit,42,0,42
forgiven,42,15,27
problema,42,8,34
washabl,42,0,42
tonogold,42,0,42
tram,42,0,42
fring,42,18,24
dito,42,2,40
nothank,42,0,42
neuen,42,7,35
handicap,42,12,30
ereri,42,0,42
biofuel,42,33,9
dexter,42,7,35
thresa,42,42,0
hombr,42,7,35
surbl,42,1,41
listbot,42,42,0
advantaq,42,0,42
purehoodia,42,0,42
propecescapenumbera,42,0,42
sympathet,42,22,20
legion,42,17,25
kellogg,42,35,7
gecko,42,15,27
gill,42,28,14
kuehl,42,42,0
unoffend,42,0,42
mitteilungen,42,3,39
dialup,42,5,37
curi,42,5,37
ranjan,42,42,0
osi,42,39,3
mip,42,39,3
witti,42,11,31
yanni,42,42,0
wilcox,42,39,3
ironi,42,25,17
rochel,42,4,38
deciph,42,27,15
attribescapenumb,42,42,0
vspc,42,0,42
catalytica,42,42,0
kwarg,42,42,0
irrevoc,42,14,28
wentworth,42,28,14
agl,42,40,2
umber,42,0,42
writabl,42,39,3
zocescapenumberr,42,0,42
meteorologist,42,41,1
butch,42,23,19
venezuelan,42,39,3
norvasc,42,2,40
filosof,42,0,42
ingeni,42,10,32
escapenumberinicio,42,0,42
loudspeak,42,4,38
philipovna,42,0,42
extort,42,26,16
waitpid,42,42,0
muscular,42,18,24
bloc,42,30,12
gretchen,42,12,30
portman,42,28,14
nescapenumberrvasc,42,0,42
barrag,42,26,16
dank,42,8,34
escapenumberpw,42,0,42
assunto,41,3,38
bonnet,41,1,40
bingo,41,6,35
gerard,41,29,12
jealousi,41,1,40
lyri,41,4,37
yyyi,41,35,6
strenuou,41,3,38
rumour,41,27,14
premio,41,3,38
ksb,41,0,41
reserva,41,0,41
soli,41,25,16
longitudin,41,38,3
gcd,41,40,1
bowel,41,1,40
tenor,41,24,17
rum,41,19,22
drivethrusunshin,41,0,41
nuanc,41,26,15
sqlite,41,41,0
nort,41,20,21
escapenumberxffff,41,41,0
expat,41,40,1
unimont,41,41,0
yzaguirr,41,41,0
estonia,41,22,19
diesem,41,5,36
withstood,41,6,35
herau,41,2,39
sigterm,41,41,0
tradeoff,41,36,5
orderinq,41,0,41
hst,41,21,20
dmitri,41,36,5
textur,41,11,30
ykk,41,0,41
salvador,41,30,11
alo,41,16,25
paddl,41,7,34
chariot,41,20,21
spielberg,41,40,1
msdn,41,15,26
nih,41,34,7
essex,41,7,34
emmanuel,41,18,23
pparam,41,41,0
slaveri,41,14,27
dole,41,11,30
mgp,41,41,0
supermarket,41,26,15
doze,41,4,37
com,41,12,29
tinyurl,41,29,12
clifsinfo,41,41,0
cultural,41,35,6
flown,41,19,22
importerror,41,41,0
heartili,41,8,33
openus,41,41,0
jimk,41,41,0
madden,41,11,30
wayward,41,35,6
testdata,41,41,0
backgammon,41,0,41
clamor,41,15,26
piu,41,3,38
groundwork,41,21,20
ldapi,41,41,0
theinternetpatrol,41,41,0
sabotag,41,31,10
sadden,41,14,27
juin,41,35,6
bldg,41,36,5
msmail,41,2,39
odonnel,41,37,4
regina,41,28,13
xsd,41,41,0
tableau,41,28,13
sud,41,24,17
pathnam,41,35,6
hline,41,41,0
desol,41,1,40
unnecessarili,41,34,7
cede,41,29,12
spd,41,8,33
ial,41,14,27
payer,41,30,11
gilead,41,34,7
buss,41,27,14
jag,41,15,26
shrill,41,2,39
affero,41,40,1
psychohistori,41,0,41
hurl,41,12,29
bescapenumberj,41,0,41
gag,41,14,27
cottag,41,3,38
myhash,41,41,0
quanta,41,31,10
ader,41,36,5
develoop,41,41,0
pleu,41,41,0
gister,41,0,41
hplr,41,41,0
greenberg,41,25,16
mfi,41,2,39
futureev,41,0,41
cashout,41,35,6
althea,41,30,11
hib,41,38,3
dodo,41,0,41
sharan,41,41,0
stringent,41,24,17
novosel,41,41,0
development,41,28,13
blunder,41,14,27
autor,41,20,21
comstart,41,0,41
scr,41,22,19
handkerchief,41,1,40
wensui,41,41,0
taker,41,28,13
klijunji,41,41,0
collier,41,32,9
ical,41,12,29
drizzl,41,6,35
healthwatch,41,41,0
illiquid,41,39,2
stringsasfactor,41,41,0
lockhart,41,34,7
cellulit,41,18,23
solidifi,41,19,22
autograph,41,28,13
valtrex,41,0,41
phenomena,41,11,30
adt,41,6,35
clewlow,41,41,0
estudio,41,9,32
ticklecl,41,0,41
sparen,41,2,39
thatexpress,41,0,41
picnic,41,25,16
stapl,41,19,22
bti,41,40,1
guenter,41,9,32
compendia,41,0,41
fervent,41,3,38
orr,41,34,7
sunris,41,25,16
kristi,41,23,18
ballpark,41,38,3
remi,41,39,2
lign,41,19,22
coaster,41,23,18
heartland,41,40,1
refi,41,1,40
corum,41,0,41
devri,41,37,4
dismantl,41,28,13
mailslot,41,41,0
tempo,41,10,31
pharmacist,41,10,31
metr,41,18,23
hksincer,41,0,41
olivi,41,20,21
withval,41,41,0
sooo,41,6,35
panthera,41,41,0
bled,41,0,41
blin,41,39,2
rebuk,41,27,14
spacesuit,41,35,6
ongc,41,41,0
siempr,41,3,38
mose,41,11,30
moran,41,35,6
chevi,41,5,36
graze,41,5,36
nobel,41,29,12
budweis,41,1,40
riversid,41,29,12
salti,41,4,37
zona,41,20,21
humid,41,22,19
bsamp,41,41,0
qwest,41,34,7
bewertung,41,0,41
cereal,41,15,26
doj,41,39,2
espacio,41,6,35
tribal,41,25,16
primera,41,8,33
mint,41,8,33
verzonden,41,38,3
lighten,41,17,24
zoe,41,3,38
exactiy,41,0,41
bett,41,13,28
lockhe,41,29,12
lpthread,41,41,0
pinksheet,41,16,25
canonic,41,39,2
vere,41,38,3
healt,41,1,40
mismatch,41,40,1
matcher,41,41,0
trtrtd,41,0,41
lpm,41,41,0
quier,41,2,39
digial,41,0,41
cba,41,19,22
udp,41,31,10
anthrax,41,41,0
augusta,41,20,21
gupta,41,40,1
ava,41,39,2
nace,41,41,0
hilliard,41,38,3
chung,41,31,10
suc,41,8,33
heizenrad,41,41,0
condominium,40,6,34
denv,40,40,0
sepal,40,36,4
chairperson,40,31,9
aspirin,40,22,18
tzlich,40,19,21
sung,40,10,30
informationweek,40,40,0
nepco,40,40,0
escapenumberghz,40,34,6
historia,40,15,25
unthink,40,14,26
seneca,40,32,8
braini,40,5,35
monro,40,20,20
costello,40,26,14
shakespear,40,8,32
ariz,40,38,2
capitalist,40,26,14
yuan,40,35,5
amblen,40,0,40
technomarin,40,0,40
lnl,40,19,21
mediashaperz,40,0,40
emphat,40,17,23
nonexist,40,39,1
stdio,40,40,0
segundo,40,8,32
aura,40,12,28
stiffen,40,5,35
quadrat,40,29,11
pallid,40,1,39
snappl,40,2,38
memcmp,40,40,0
waichler,40,40,0
dolli,40,3,37
medici,40,33,7
diverso,40,9,31
custo,40,4,36
racecar,40,0,40
returnlow,40,40,0
vcd,40,7,33
downright,40,18,22
mckinney,40,33,7
porcelain,40,26,14
carli,40,33,7
seb,40,39,1
pela,40,17,23
bestdealsport,40,0,40
sumbescapenumberl,40,0,40
dane,40,15,25
dispon,40,3,37
abod,40,0,40
lica,40,14,26
addon,40,23,17
satir,40,11,29
speciaili,40,0,40
grope,40,2,38
reiiabi,40,0,40
perscript,40,0,40
keyston,40,14,26
afin,40,9,31
subsect,40,36,4
vomit,40,9,31
selim,40,35,5
incest,40,4,36
tau,40,31,9
frontlin,40,27,13
renault,40,32,8
xkb,40,40,0
xlsreadwrit,40,40,0
varid,40,40,0
cutoff,40,28,12
hungari,40,20,20
splinter,40,6,34
nicktalktim,40,0,40
organizaci,40,21,19
postalcod,40,40,0
weir,40,35,5
swam,40,1,39
sanit,40,28,12
lik,40,17,23
sendmail,40,34,6
keyid,40,39,1
nylon,40,1,39
scour,40,31,9
tele,40,17,23
vadim,40,40,0
righteou,40,2,38
quentin,40,36,4
turbo,40,29,11
aver,40,9,31
referendum,40,31,9
alexi,40,15,25
melodi,40,10,30
copia,40,25,15
uneth,40,28,12
ernst,40,23,17
tble,40,40,0
heur,40,18,22
profitabi,40,0,40
unidad,40,10,30
unido,40,30,10
mov,40,13,27
slapi,40,40,0
misread,40,37,3
ngl,40,40,0
eleanor,40,9,31
ffff,40,12,28
fragen,40,7,33
dpackag,40,40,0
repescapenumb,40,40,0
waterdur,40,0,40
tractebel,40,40,0
goin,40,1,39
anomali,40,19,21
powerpack,40,2,38
whiten,40,5,35
wmlscript,40,40,0
cantidad,40,4,36
objectsid,40,40,0
arbitrarili,40,31,9
binpath,40,40,0
groklaw,40,36,4
uprescapenumb,40,40,0
miranda,40,21,19
soci,40,5,35
hotspot,40,28,12
almeida,40,40,0
longitud,40,26,14
mcgraw,40,33,7
tana,40,40,0
centrifug,40,3,37
iou,40,33,7
infrar,40,22,18
flaxescapenumb,40,0,40
jg,40,38,2
aram,40,40,0
syivan,40,0,40
persecut,40,8,32
theoph,40,40,0
melamin,40,29,11
mvp,40,20,20
cpath,40,40,0
mrproper,40,40,0
cptech,40,40,0
stringifi,40,40,0
tdc,40,32,8
tate,40,21,19
bescapenumbert,40,30,10
writ,40,19,21
clipplot,40,40,0
lanmanescapenumb,40,40,0
trisha,40,39,1
thornal,40,0,40
swore,40,2,38
dissent,40,38,2
acoust,40,17,23
cosmic,40,19,21
dbdir,40,40,0
cartel,40,22,18
unref,40,40,0
choru,40,12,28
albania,40,30,10
paqemak,40,0,40
georgetown,40,33,7
syst,40,16,24
wishlist,40,37,3
seul,40,26,14
junio,40,22,18
nev,40,22,18
ferguson,40,27,13
sorkin,40,40,0
flav,40,38,2
biostem,40,0,40
lifesav,40,30,10
episcop,40,9,31
courtroom,40,24,16
agoni,40,3,37
vilasrao,40,40,0
harrington,40,32,8
parthenon,40,35,5
wolak,40,40,0
tanker,40,38,2
vine,40,24,16
darron,40,39,1
aceescapenumb,40,40,0
goodl,40,40,0
khodorkovski,40,0,40
lenguaj,40,6,34
kml,40,40,0
clot,40,13,27
corpu,40,25,15
bynam,40,40,0
pitfal,40,27,13
deaier,40,0,40
zimmerman,40,28,12
prada,40,14,26
roc,40,31,9
conquest,40,6,34
tbodi,40,0,40
citc,40,0,40
kremlin,40,25,15
rasmussen,40,26,14
needsand,40,0,40
lopinavir,40,40,0
informat,40,27,13
arni,40,40,0
embryo,40,31,9
ope,40,18,22
pygtk,40,40,0
nathanael,40,40,0
survreg,40,40,0
gorbea,40,0,40
punk,40,4,36
amr,40,33,7
academia,40,27,13
benton,40,21,19
bottleneck,40,33,7
supervisori,40,29,11
sched,40,39,1
unti,40,11,29
ocsp,40,40,0
hackney,40,26,14
naval,40,30,10
acrimoni,40,15,25
foreground,40,36,4
satc,40,40,0
escapenumbertextrow,40,0,40
dcook,40,0,40
qpl,40,39,1
rooney,40,38,2
genocid,40,38,2
entrant,40,26,14
tempdir,40,40,0
aoffa,40,0,40
gale,40,15,25
gaieti,40,0,40
rao,40,39,1
bilancio,40,40,0
psiescapenumb,40,40,0
janic,40,30,10
ero,40,19,21
lnternet,40,0,40
rodger,40,24,16
eswaran,40,40,0
sheryl,40,33,7
guild,40,12,28
helyett,40,40,0
ozma,40,0,40
moonlight,40,15,25
ministeri,40,26,14
gunmen,40,32,8
billyboy,40,0,40
verisof,40,0,40
modestli,40,7,33
hkstrict,40,0,40
baja,40,23,17
sst,40,35,5
libnss,40,40,0
plural,40,25,15
dai,40,23,17
temperaturegav,40,0,40
gato,40,37,3
quirk,39,27,12
colt,39,13,26
reckless,39,16,23
goodman,39,30,9
columnnam,39,39,0
gorov,39,0,39
ngi,39,37,2
deiiveri,39,0,39
glynn,39,37,2
dbusexcept,39,39,0
vaughan,39,29,10
il,39,24,15
servidor,39,1,38
rbl,39,5,34
petersen,39,31,8
fil,39,20,19
schemat,39,29,10
gum,39,6,33
poorest,39,32,7
argentin,39,38,1
wrt,39,39,0
regexpr,39,39,0
piastic,39,0,39
reluctantli,39,10,29
overwhelmingli,39,30,9
shelton,39,16,23
escapenumberfcommon,39,39,0
buyin,39,2,37
offspr,39,9,30
cabi,39,0,39
efm,39,39,0
anythingrad,39,0,39
basal,39,32,7
ipi,39,1,38
didmsg,39,39,0
nada,39,13,26
abou,39,24,15
vittorio,39,28,11
cassidi,39,3,36
sculptor,39,25,14
imail,39,0,39
stoop,39,8,31
reconfirm,39,21,18
hault,39,0,39
upbeat,39,33,6
fi,39,32,7
aff,39,6,33
registrar,39,25,14
afaict,39,39,0
fwf,39,39,0
pdp,39,27,12
hsa,39,0,39
lendertre,39,0,39
firsthand,39,16,23
oldnam,39,39,0
boar,39,20,19
retard,39,24,15
searchdat,39,39,0
seoul,39,33,6
jigget,39,0,39
ella,39,16,23
sdefault,39,39,0
namerec,39,39,0
spitzer,39,39,0
juegu,39,0,39
nfsvescapenumb,39,39,0
sul,39,27,12
downioad,39,0,39
superfici,39,9,30
proyecto,39,3,36
imped,39,22,17
deux,39,23,16
trebuchet,39,2,37
blancpain,39,0,39
cadillac,39,12,27
eno,39,3,36
tico,39,6,33
teiecom,39,0,39
tenderli,39,0,39
finn,39,22,17
avanzado,39,2,37
campus,39,35,4
direito,39,24,15
eremeev,39,39,0
multithread,39,37,2
caress,39,0,39
afil,39,39,0
amino,39,11,28
colescapenumb,39,39,0
reciproc,39,21,18
marlboro,39,4,35
bleak,39,20,19
dawson,39,19,20
obligatori,39,11,28
vicent,39,33,6
satan,39,3,36
fawn,39,25,14
asymptot,39,16,23
heroin,39,11,28
bodybuild,39,5,34
critiqu,39,22,17
significantiy,39,0,39
trajectori,39,33,6
headphon,39,22,17
om,39,36,3
blt,39,35,4
raider,39,26,13
ibp,39,21,18
flaki,39,15,24
trusteddom,39,39,0
huber,39,26,13
troll,39,30,9
mojav,39,37,2
rudimentari,39,19,20
psescapenumb,39,27,12
velvet,39,11,28
renaiss,39,19,20
mueller,39,29,10
headset,39,3,36
pvalu,39,39,0
rad,39,36,3
gard,39,9,30
anecdot,39,14,25
asterisk,39,24,15
steak,39,22,17
grossman,39,27,12
jiho,39,39,0
butyr,39,0,39
fema,39,34,5
diebstahl,39,39,0
umfang,39,1,38
utiiiz,39,0,39
sunescapenumb,39,39,0
schmidt,39,21,18
utili,39,36,3
pexp,39,39,0
omar,39,35,4
xdgdirtimelist,39,39,0
adwar,39,2,37
shalt,39,14,25
paz,39,25,14
soo,39,15,24
samson,39,24,15
briley,39,39,0
opensourc,39,24,15
buchal,39,39,0
viscount,39,0,39
legendr,39,35,4
naechsten,39,1,38
sydneycar,39,0,39
dada,39,2,37
qcjjptwrki,39,0,39
leviitra,39,0,39
seren,39,7,32
vampir,39,20,19
mcormond,39,39,0
reza,39,24,15
deartri,39,0,39
adoni,39,32,7
accra,39,2,37
uniroot,39,39,0
bender,39,8,31
icu,39,38,1
malic,39,13,26
magistr,39,11,28
wbinfo,39,39,0
arima,39,39,0
quaint,39,3,36
gdk,39,39,0
aiesec,39,39,0
quartet,39,28,11
bmi,39,16,23
interperson,39,24,15
entic,39,17,22
cher,39,17,22
ria,39,17,22
enqin,39,0,39
prune,39,31,8
pjcj,39,39,0
namen,39,27,12
degener,39,24,15
jri,39,39,0
barber,39,23,16
realclean,39,39,0
alstom,39,39,0
paulson,39,29,10
proceso,39,4,35
longview,39,39,0
bloodsh,39,22,17
reinstat,39,30,9
firstnam,39,37,2
cecil,39,24,15
firstenergi,39,39,0
indiqu,39,6,33
pueblo,39,27,12
autoload,39,37,2
konzack,39,39,0
pple,39,0,39
rollov,39,33,6
fcr,39,38,1
mone,39,0,39
woch,39,4,35
kaufman,39,37,2
ldshare,39,39,0
moos,39,23,16
hmac,39,39,0
malfunct,39,27,12
preacher,39,29,10
nnoem,39,0,39
viagr,39,0,39
dakar,39,6,33
orchestra,39,13,26
unmark,39,24,15
otto,39,21,18
amer,39,13,26
healthcenterweb,39,0,39
bec,39,21,18
crosbi,39,6,33
ripoff,39,1,38
xvi,39,26,13
cription,39,1,38
mao,39,32,7
matern,39,20,19
dab,39,2,37
vivo,39,1,38
xdgalia,39,39,0
tienen,39,14,25
giron,39,39,0
zisman,39,39,0
lana,39,32,7
huski,39,6,33
aprendizaj,39,0,39
defiant,39,23,16
unread,39,29,10
baca,39,35,4
perfectmail,38,0,38
salamand,38,0,38
coyot,38,18,20
csmonitor,38,0,38
howdi,38,19,19
gusto,38,20,18
onondaga,38,35,3
tter,38,2,36
multilevel,38,23,15
aei,38,15,23
belfast,38,26,12
livelink,38,38,0
mort,38,10,28
adequaci,38,24,14
estrada,38,18,20
lor,38,19,19
stricken,38,11,27
scientolog,38,38,0
portsmouth,38,33,5
juvenil,38,22,16
thlt,38,0,38
gameescapenumb,38,0,38
cplex,38,38,0
exuber,38,12,26
shroud,38,13,25
worldforg,38,38,0
msoffic,38,38,0
centerescapenumb,38,38,0
kyoto,38,25,13
columna,38,31,7
cin,38,31,7
ecompanystor,38,38,0
assay,38,5,33
wdscprice,38,0,38
gu,38,8,30
kemp,38,28,10
arco,38,25,13
sanctifi,38,0,38
winkler,38,35,3
girard,38,1,37
commoditylog,38,38,0
isomd,38,38,0
resultierenden,38,0,38
dalhousi,38,29,9
surpriz,38,8,30
antoin,38,12,26
screenslat,38,0,38
flanagan,38,25,13
ntal,38,37,1
lasal,38,6,32
escapenumberdf,38,30,8
crosoft,38,0,38
frog,38,7,31
linguist,38,24,14
profesion,38,1,37
coton,38,1,37
pnf,38,38,0
outcri,38,30,8
ronggui,38,38,0
skim,38,19,19
mujer,38,15,23
imageri,38,28,10
netdf,38,38,0
drivernam,38,38,0
garrick,38,32,6
unprocess,38,5,33
ivvo,38,0,38
bodyguard,38,5,33
rofr,38,38,0
sarika,38,38,0
tional,38,34,4
adhes,38,7,31
writeoff,38,37,1
wohl,38,8,30
heinz,38,25,13
deai,38,0,38
ekrapel,38,38,0
fanat,38,15,23
mellencamp,38,38,0
taunt,38,25,13
anacreonian,38,0,38
heartfelt,38,12,26
flank,38,15,23
piou,38,0,38
brasileira,38,32,6
statt,38,5,33
escapenumberand,38,3,35
aescapenumberon,38,0,38
sparc,38,37,1
plank,38,26,12
cosmonaut,38,37,1
livermor,38,34,4
mingl,38,8,30
summ,38,13,25
polo,38,12,26
lmb,38,4,34
bestoftv,38,38,0
loath,38,8,30
oan,38,1,37
mash,38,15,23
nyu,38,30,8
msgfree,38,38,0
beifu,38,0,38
lite,38,25,13
keyval,38,38,0
kitten,38,5,33
reaili,38,0,38
buena,38,11,27
mavi,38,1,37
blanchard,38,23,15
powersel,38,0,38
ut,38,36,2
kj,38,38,0
filmunternehmen,38,0,38
debugadd,38,38,0
adeescapenumb,38,38,0
nalin,38,38,0
sofa,38,6,32
vergab,38,0,38
baffl,38,23,15
jeder,38,7,31
vacheron,38,0,38
nchar,38,38,0
sccentr,38,0,38
niet,38,9,29
pike,38,9,29
tuner,38,25,13
econ,38,23,15
carta,38,6,32
smelter,38,35,3
shoppersavingsent,38,0,38
samsync,38,38,0
mktestdc,38,38,0
einval,38,37,1
congreso,38,24,14
mano,38,10,28
speck,38,2,36
qerman,38,0,38
erloesen,38,0,38
vegan,38,30,8
countrii,38,0,38
keystrok,38,29,9
hayward,38,8,30
dicken,38,0,38
kapitalisierung,38,0,38
baton,38,29,9
burnett,38,23,15
dokumentationen,38,0,38
casal,38,38,0
pea,38,13,25
cram,38,12,26
listenset,38,38,0
sureti,38,30,8
danilo,38,37,1
havev,38,38,0
backpack,38,12,26
predic,38,16,22
forsak,38,2,36
dailyescapenumb,38,38,0
isaac,38,8,30
alla,38,26,12
innetgr,38,38,0
resili,38,23,15
inhibit,38,12,26
stint,38,23,15
heavenli,38,2,36
singleton,38,21,17
foocollumn,38,38,0
wert,38,28,10
escreveu,38,38,0
viral,38,26,12
appr,38,6,32
sluggish,38,19,19
metaphor,38,15,23
schuler,38,38,0
roguefil,38,0,38
nmi,38,36,2
defraud,38,22,16
parliamentari,38,34,4
tyranni,38,10,28
eyeforenergi,38,38,0
smtpdescapenumb,38,0,38
hurst,38,21,17
nnpc,38,0,38
haut,38,9,29
cherian,38,4,34
crater,38,26,12
homogen,38,21,17
wp,38,38,0
whoop,38,26,12
genotyp,38,29,9
repris,38,24,14
fica,38,11,27
xan,38,0,38
pryor,38,35,3
calam,38,8,30
getdat,38,38,0
marzo,38,15,23
blister,38,14,24
sequel,38,20,18
grape,38,13,25
theodp,38,38,0
ler,38,5,33
sitenam,38,38,0
raiseerror,38,37,1
ccflag,38,38,0
medien,38,3,35
unmatch,38,7,31
trickeri,38,8,30
dlp,38,2,36
trigeorgi,38,38,0
conciliatori,38,4,34
stalem,38,24,14
nationworld,38,38,0
rewardgalaxi,38,0,38
nnet,38,38,0
roast,38,13,25
hgm,38,36,2
nonneg,38,37,1
vba,38,16,22
voellig,38,0,38
spradlin,38,38,0
faa,38,28,10
finalis,38,35,3
ineffect,38,27,11
pb,38,32,6
snarl,38,16,22
tch,38,8,30
consequenti,38,23,15
gilli,38,32,6
chummi,38,3,35
rambl,38,18,20
bello,38,2,36
escapenumberjust,38,1,37
whi,38,10,28
kenton,38,7,31
toothpast,38,30,8
ete,38,17,21
neo,38,22,16
nota,38,10,28
gtkmozemb,38,38,0
fossi,38,5,33
croon,38,34,4
hartman,38,30,8
goo,38,16,22
sauc,38,20,18
punctur,38,6,32
worl,38,17,21
escapenumberkm,38,22,16
morcerf,38,0,38
breslau,38,37,1
recover,38,19,19
vollen,38,2,36
posixlt,38,38,0
physorg,38,38,0
housekeep,38,11,27
iquid,38,0,38
piggyback,38,15,23
dossier,38,20,18
tableaux,38,34,4
objectcategori,38,38,0
ehescapenumb,38,35,3
gegenwaertigen,38,0,38
besagen,38,0,38
puthigai,38,38,0
itoy,38,0,38
idioma,38,1,37
vila,38,29,9
carib,38,11,27
eariy,38,0,38
funnyreign,38,0,38
strahlt,38,0,38
inetescapenumb,38,38,0
midwestern,38,26,12
auftraegen,38,0,38
delano,38,29,9
marktgeruecht,38,0,38
wheez,38,1,37
cuddli,38,1,37
controi,38,0,38
arrowhead,38,10,28
anansispacework,38,38,0
aem,38,32,6
tasa,38,33,5
clicck,38,0,38
polymeras,37,15,22
pse,37,34,3
garchoxfit,37,37,0
kgb,37,12,25
ney,37,2,35
confi,37,4,33
regan,37,32,5
activeperl,37,37,0
nomoremail,37,0,37
heterogen,37,27,10
doormobil,37,0,37
gourmet,37,9,28
memoir,37,18,19
soa,37,27,10
newsdesk,37,37,0
brew,37,19,18
gstreamer,37,35,2
volt,37,21,16
bolker,37,37,0
wou,37,9,28
cnnfn,37,37,0
duct,37,18,19
alphanumer,37,21,16
pctx,37,37,0
vih,37,37,0
rocco,37,12,25
mesmer,37,2,35
retrospect,37,33,4
fehler,37,33,4
vii,37,8,29
cca,37,26,11
subescapenumb,37,37,0
insulin,37,15,22
tfield,37,37,0
spezi,37,19,18
antioch,37,18,19
repel,37,8,29
amazingli,37,18,19
relicens,37,37,0
plz,37,12,25
muddl,37,7,30
intellect,37,4,33
sui,37,16,21
afxpress,37,37,0
cohes,37,11,26
aescapenumbersan,37,37,0
dbm,37,32,5
pillag,37,30,7
fontsiz,37,37,0
nge,37,18,19
wriggl,37,7,30
kahn,37,27,10
nutracor,37,0,37
clickher,37,0,37
multipi,37,0,37
mahmoud,37,37,0
lare,37,27,10
gad,37,26,11
instr,37,32,5
portfoiio,37,0,37
skid,37,35,2
toetsch,37,37,0
mama,37,5,32
bologna,37,25,12
massa,37,36,1
anal,37,12,25
perpendicular,37,24,13
crank,37,15,22
ascent,37,13,24
realign,37,29,8
tsinghua,37,36,1
relinquish,37,18,19
rochest,37,24,13
lax,37,25,12
libpng,37,37,0
mehmet,37,37,0
lizabetha,37,0,37
ardent,37,12,25
smartphon,37,20,17
mccomb,37,36,1
eescapenumbero,37,28,9
tclescapenumb,37,37,0
parlor,37,3,34
superviagra,37,0,37
nora,37,15,22
recod,37,35,2
prudenc,37,32,5
gewinnt,37,3,34
offfer,37,1,36
qti,37,31,6
evangel,37,27,10
npl,37,36,1
dillon,37,18,19
sneer,37,1,36
ailment,37,22,15
muitipi,37,0,37
warnerbro,37,37,0
cyru,37,27,10
penil,37,0,37
springfield,37,16,21
xinhua,37,23,14
iastat,37,37,0
vivian,37,26,11
gkh,37,36,1
dayescapenumb,37,37,0
polym,37,23,14
goodi,37,11,26
prodrom,37,37,0
evitar,37,21,16
dora,37,17,20
thewoleri,37,37,0
succ,37,15,22
schoen,37,22,15
fecha,37,13,24
weakli,37,8,29
arcan,37,21,16
everett,37,27,10
baseboard,37,2,35
haley,37,20,17
pcm,37,36,1
xyzescapenumb,37,37,0
bahrain,37,34,3
paranoia,37,23,14
angu,37,15,22
printout,37,22,15
tucson,37,21,16
berat,37,9,28
gcp,37,37,0
cgp,37,37,0
defianc,37,18,19
lation,37,2,35
ttyescapenumb,37,34,3
docmaildirect,37,0,37
merced,37,14,23
vertex,37,5,32
cokino,37,37,0
roma,37,29,8
chast,37,2,35
beheld,37,0,37
ultimatum,37,6,31
geist,37,36,1
coliti,37,0,37
otp,37,34,3
rebeca,37,0,37
volcano,37,28,9
posibilidad,37,6,31
pvc,37,20,17
superstar,37,17,20
rubin,37,14,23
fnescapenumb,37,32,5
mtn,37,2,35
antispam,37,9,28
rgdal,37,37,0
praxair,37,37,0
geld,37,7,30
floral,37,7,30
aussi,37,23,14
inputdevic,37,37,0
riskcalc,37,37,0
hessian,37,33,4
rosen,37,33,4
saludo,37,7,30
busch,37,14,23
yasheng,37,0,37
rescal,37,36,1
smbspool,37,37,0
gica,37,28,9
onenot,37,0,37
rectangular,37,21,16
mittwoch,37,32,5
wescapenumberrhubab,37,37,0
bronx,37,18,19
prokofievna,37,0,37
lunar,37,21,16
handgun,37,22,15
uppercas,37,23,14
strwicmp,37,37,0
fortney,37,37,0
woodi,37,27,10
spar,37,27,10
bruceg,37,0,37
coalb,37,6,31
rgraphviz,37,37,0
lodgepol,37,0,37
exclam,37,3,34
gaurav,37,35,2
unpopular,37,30,7
salesman,37,9,28
explic,37,20,17
proprieti,37,9,28
conspicu,37,15,22
turk,37,9,28
vorlon,37,37,0
ministerio,37,17,20
standoff,37,35,2
gawronski,37,37,0
usher,37,19,18
tcf,37,27,10
restless,37,5,32
johan,37,35,2
rib,37,13,24
rossi,37,29,8
umsatz,37,0,37
yvar,37,37,0
quand,37,28,9
snp,37,33,4
cp,37,35,2
rxmed,37,0,37
mariam,37,0,37
hoax,37,29,8
intestin,37,13,24
grubbi,37,3,34
bem,37,31,6
cronkit,37,37,0
sico,37,2,35
adorn,37,11,26
ntescapenumb,37,33,4
contextu,37,25,12
itemid,37,37,0
landri,37,36,1
gleevec,37,37,0
sunscreen,37,16,21
obfusc,37,27,10
palestin,37,18,19
pillar,37,15,22
inactiv,37,29,8
cull,37,11,26
rosemari,37,19,18
oman,37,20,17
clan,37,6,31
noel,37,13,24
crt,37,21,16
biostatistician,37,37,0
uaem,37,37,0
signatori,37,32,5
impel,37,10,27
kristina,37,33,4
gfsdir,37,37,0
continuo,37,1,36
rcole,37,9,28
ssc,37,29,8
aud,37,32,5
afxnew,37,37,0
timeshar,37,2,35
lanzamiento,37,1,36
rned,37,1,36
suarez,37,32,5
orat,37,11,26
anleg,37,3,34
perfcount,37,37,0
indu,37,31,6
puerco,37,37,0
hitter,37,20,17
freedombox,37,37,0
oficina,37,10,27
uiead,37,0,37
amass,37,20,17
kenyan,37,33,4
cobra,36,8,28
somma,36,33,3
gof,36,34,2
ebitda,36,18,18
propuls,36,20,16
stearn,36,30,6
writedown,36,36,0
secular,36,12,24
greener,36,31,5
mountpoint,36,36,0
apap,36,0,36
togo,36,2,34
dsc,36,22,14
ordeal,36,28,8
seiner,36,15,21
responda,36,0,36
endlich,36,5,31
keyfil,36,36,0
sd,36,32,4
manageri,36,30,6
gaijin,36,36,0
hynek,36,36,0
sweeti,36,1,35
datelin,36,7,29
neb,36,34,2
iacut,36,0,36
icap,36,35,1
removem,36,26,10
blueprint,36,24,12
nanuet,36,0,36
sharyl,36,36,0
outspoken,36,29,7
gprel,36,36,0
linden,36,30,6
gilmor,36,28,8
painkil,36,16,20
escapenumberru,36,33,3
deschner,36,36,0
wtdb,36,36,0
maruti,36,35,1
radcliff,36,27,9
luid,36,36,0
gitmo,36,36,0
emacspeak,36,36,0
llik,36,36,0
columbin,36,29,7
condon,36,16,20
eescapenumbercrit,36,36,0
cpn,36,35,1
workbow,36,0,36
envisag,36,29,7
connevey,36,36,0
dissid,36,19,17
nclass,36,36,0
goldi,36,28,8
redo,36,28,8
grandstand,36,8,28
getxattr,36,36,0
revoiutionari,36,0,36
wescapenumberk,36,33,3
fend,36,30,6
resal,36,28,8
moneywatch,36,36,0
netsamlogon,36,36,0
hkey,36,36,0
wochenend,36,0,36
facsimil,36,24,12
ransom,36,12,24
lld,36,36,0
prot,36,24,12
dtojjfsjmq,36,0,36
syrian,36,34,2
doolittl,36,33,3
prabu,36,36,0
rodrick,36,34,2
muep,36,36,0
tobin,36,32,4
saeed,36,32,4
kingoftalk,36,36,0
expl,36,14,22
historyguess,36,0,36
parsertyp,36,36,0
congreg,36,6,30
pani,36,29,7
txtstring,36,0,36
teumim,36,36,0
newman,36,29,7
elist,36,0,36
wallclock,36,36,0
attkisson,36,36,0
mendoza,36,29,7
grappl,36,28,8
teammat,36,23,13
lumin,36,16,20
worldnet,36,22,14
conme,36,0,36
namequeri,36,36,0
gilmer,36,36,0
presumpt,36,20,16
acquiesc,36,7,29
gluten,36,15,21
tidbit,36,22,14
sothebi,36,36,0
unadulter,36,0,36
misl,36,26,10
crandal,36,25,11
horrif,36,32,4
bootleg,36,6,30
makeov,36,24,12
sucker,36,27,9
samp,36,36,0
hawthorn,36,12,24
kenn,36,29,7
middlewar,36,0,36
liquor,36,2,34
autonomi,36,3,33
napkin,36,1,35
spheric,36,33,3
mantra,36,13,23
thescapenumb,36,34,2
shim,36,27,9
turncoach,36,0,36
bef,36,9,27
colum,36,35,1
wager,36,8,28
sertralin,36,1,35
mcfadden,36,25,11
azimuth,36,0,36
lspci,36,36,0
aion,36,0,36
onset,36,18,18
perlmonk,36,36,0
weibul,36,36,0
zigzag,36,1,35
thetaescapenumb,36,36,0
copacabana,36,0,36
ancestri,36,13,23
batcheld,36,9,27
felicia,36,24,12
hermoso,36,29,7
sambaxp,36,36,0
onsit,36,30,6
sancho,36,6,30
escapenumberfpars,36,36,0
crimson,36,6,30
anniston,36,1,35
stellar,36,15,21
whv,36,36,0
adm,36,27,9
inward,36,8,28
bagger,36,8,28
lacl,36,36,0
asi,36,17,19
iist,36,0,36
nutshel,36,20,16
sina,36,17,19
asteroid,36,9,27
jere,36,30,6
hie,36,31,5
barnard,36,29,7
unambigu,36,33,3
imprimir,36,13,23
rootdn,36,36,0
printlost,36,0,36
crackdown,36,34,2
denuncia,36,35,1
flashi,36,2,34
profund,36,3,33
hig,36,28,8
cusr,36,36,0
inflow,36,16,20
talli,36,28,8
doth,36,0,36
depositor,36,3,33
halal,36,0,36
buddhist,36,21,15
mexicana,36,13,23
footstep,36,7,29
gace,36,36,0
abomin,36,4,32
maar,36,4,32
yodle,36,36,0
edm,36,35,1
mccracken,36,30,6
so,36,26,10
ianadd,36,36,0
underwood,36,30,6
shrunk,36,11,25
biomed,36,21,15
fiak,36,0,36
dohm,36,36,0
oner,36,26,10
dempsey,36,21,15
irrespons,36,18,18
underperform,36,33,3
subvert,36,12,24
friction,36,15,21
managern,36,0,36
dtaescapenumb,36,36,0
rigid,36,18,18
tukey,36,36,0
eyo,36,1,35
dincerl,36,36,0
sandrail,36,0,36
raini,36,13,23
setclass,36,36,0
criticis,36,33,3
dhttp,36,0,36
coincident,36,21,15
thinker,36,23,13
slightest,36,23,13
conduit,36,18,18
wimbledon,36,31,5
hagel,36,36,0
bereit,36,16,20
verum,36,36,0
imer,36,0,36
dcraw,36,36,0
deaf,36,12,24
grandpa,36,7,29
meddl,36,12,24
acaf,36,36,0
statelin,36,3,33
daydream,36,4,32
bezo,36,8,28
alloy,36,21,15
deshalb,36,5,31
utica,36,25,11
allud,36,9,27
decidedli,36,10,26
gotham,36,31,5
unfamiliar,36,21,15
msp,36,4,32
lamyescapenumb,36,36,0
leukemia,36,23,13
pessimist,36,21,15
atopica,36,0,36
technet,36,16,20
queu,36,20,16
swaziland,36,5,31
datetim,36,36,0
somogyi,36,36,0
motto,36,8,28
goher,36,0,36
untouch,36,23,13
handshak,36,23,13
precompil,36,36,0
shrank,36,11,25
entwickelt,36,4,32
tmescapenumb,36,1,35
prager,36,34,2
carla,36,29,7
byrd,36,26,10
heh,36,27,9
slick,36,26,10
seguro,36,5,31
debconf,36,36,0
nautilu,36,4,32
aguilar,36,29,7
sabin,36,29,7
heartworm,36,0,36
canaan,36,0,36
dado,36,11,25
signoff,36,36,0
premiership,36,35,1
mauricio,36,20,16
eliot,36,21,15
newark,36,23,13
laci,36,23,13
tkmsg,36,36,0
intric,36,13,23
sanctuari,36,19,17
wyatt,36,27,9
lili,36,9,27
grpname,36,36,0
budg,36,18,18
irv,36,17,19
json,36,35,1
installbin,36,36,0
romain,36,33,3
maiden,36,16,20
sspe,36,0,36
briton,36,30,6
chow,36,16,20
popper,36,34,2
instig,36,16,20
gala,36,27,9
firewir,36,19,17
ausgeschlossen,36,6,30
coax,36,16,20
cern,36,27,9
crab,36,0,36
carvalho,36,36,0
abolish,36,17,19
nikki,36,24,12
escapenumbereuk,36,0,36
cottonwood,36,5,31
esourc,36,34,2
puf,36,3,33
waalboer,35,35,0
bedford,35,9,26
aloft,35,8,27
cbo,35,4,31
imposit,35,20,15
idg,35,25,10
bureaucraci,35,19,16
kulatilaka,35,35,0
soundfont,35,35,0
delim,35,35,0
saunder,35,22,13
ackerman,35,24,11
rossini,35,35,0
blica,35,24,11
anexo,35,1,34
ortiz,35,27,8
balfour,35,19,16
hsw,35,34,1
ac,35,5,30
crouch,35,10,25
qtr,35,35,0
standbi,35,25,10
reloj,35,33,2
gob,35,22,13
takriti,35,35,0
whitehead,35,24,11
schroeder,35,30,5
mercier,35,0,35
atid,35,35,0
sescapenumbercal,35,35,0
entrepreneurship,35,34,1
rollcal,35,35,0
blain,35,4,31
swain,35,24,11
viewstori,35,35,0
verbek,35,35,0
fflush,35,34,1
tur,35,7,28
nella,35,32,3
alberti,35,0,35
mcc,35,32,3
dulc,35,30,5
socalga,35,35,0
hxtool,35,35,0
pythonstr,35,35,0
accentu,35,5,30
dui,35,34,1
ammonia,35,27,8
autorac,35,35,0
aggrav,35,14,21
dampen,35,23,12
contemptu,35,2,33
biometri,35,30,5
communion,35,1,34
snameescapenumb,35,35,0
cano,35,9,26
rmb,35,0,35
statewid,35,29,6
mig,35,3,32
calboli,35,35,0
adelaid,35,15,20
mccartney,35,34,1
comercio,35,17,18
hintergrund,35,4,31
reveri,35,1,34
buildfarm,35,35,0
turbul,35,22,13
acci,35,8,27
veterinari,35,12,23
proprietor,35,26,9
libtool,35,35,0
voronoi,35,35,0
seafood,35,25,10
procter,35,11,24
erfahren,35,5,30
succes,35,23,12
nitish,35,35,0
hfo,35,0,35
funci,35,1,34
felin,35,0,35
rift,35,22,13
anthem,35,15,20
highstar,35,35,0
nevil,35,34,1
whitt,35,34,1
avait,35,31,4
addarg,35,35,0
owa,35,32,3
leur,35,25,10
agil,35,7,28
barb,35,28,7
bamboo,35,1,34
tenant,35,14,21
brood,35,16,19
excurs,35,20,15
socialist,35,29,6
sternli,35,0,35
elegantli,35,9,26
bermuda,35,17,18
kcm,35,35,0
sharron,35,30,5
reappear,35,20,15
lice,35,7,28
blatant,35,13,22
anch,35,23,12
cheyenn,35,6,29
gunfir,35,25,10
limbo,35,20,15
lescapenumberv,35,0,35
carb,35,3,32
unservic,35,0,35
boehner,35,35,0
gena,35,29,6
sift,35,16,19
asa,35,25,10
spout,35,10,25
nano,35,27,8
treason,35,2,33
dta,35,33,2
hirl,35,35,0
opytzwxescapenumb,35,0,35
medifi,35,0,35
fuse,35,18,17
delect,35,8,27
mushroom,35,16,19
topica,35,35,0
kingsburi,35,0,35
autoclos,35,35,0
oney,35,3,32
hippo,35,30,5
buckl,35,7,28
adjunct,35,9,26
lott,35,24,11
fundam,35,35,0
nomina,35,1,34
inbound,35,18,17
byteord,35,35,0
logodent,35,0,35
pricey,35,27,8
annum,35,19,16
megh,35,35,0
mytholog,35,7,28
planetari,35,5,30
iliti,35,23,12
shadowi,35,11,24
dina,35,20,15
foley,35,15,20
strictest,35,8,27
grossli,35,17,18
launer,35,29,6
stronghold,35,19,16
gruesen,35,35,0
centera,35,0,35
mccullough,35,30,5
joi,35,27,8
tv,35,17,18
vladi,35,35,0
sincereiy,35,0,35
dollard,35,0,35
exemplifi,35,14,21
redeploy,35,28,7
dbd,35,32,3
biochem,35,1,34
sunita,35,35,0
esponban,35,35,0
misrepres,35,33,2
pillen,35,0,35
nullifi,35,26,9
hei,35,3,32
timeseri,35,35,0
halloween,35,28,7
gogh,35,25,10
hone,35,18,17
protrud,35,18,17
cdwr,35,35,0
cogener,35,35,0
pval,35,35,0
emov,35,2,33
knockoff,35,5,30
newpath,35,35,0
seamlessli,35,16,19
etrex,35,0,35
benign,35,22,13
syscal,35,34,1
mistakenli,35,34,1
coco,35,10,25
fget,35,35,0
evenli,35,23,12
ormat,35,29,6
amadeu,35,23,12
basicescapenumb,35,35,0
sede,35,8,27
ili,35,5,30
minn,35,31,4
cbyi,35,0,35
collegi,35,12,23
relentless,35,19,16
rufu,35,5,30
shear,35,9,26
concepto,35,0,35
mktestmemb,35,35,0
gravel,35,23,12
ehsanul,35,35,0
nlink,35,35,0
hitler,35,25,10
ruptur,35,26,9
kmart,35,6,29
iusmenti,35,35,0
agr,35,17,18
syrup,35,8,27
fsc,35,10,25
meno,35,14,21
xvii,35,22,13
ovarian,35,33,2
pchisq,35,35,0
printedit,35,35,0
lieferung,35,6,29
lyonescapenumb,35,35,0
divulg,35,15,20
almond,35,21,14
thumbnail,35,10,25
goodfunct,35,35,0
basecflag,35,35,0
ablaz,35,5,30
nomor,35,2,33
namespacesupport,35,35,0
fuil,35,0,35
ralf,35,35,0
vegetarian,35,15,20
libreplacedir,35,35,0
kuser,35,35,0
deform,35,4,31
irrat,35,23,12
thump,35,4,31
capacit,35,8,27
chann,35,2,33
banco,35,7,28
myway,35,1,34
weeknight,35,33,2
freelistcheck,35,35,0
autovivifi,35,35,0
pnr,35,35,0
indispens,35,13,22
pwrite,35,35,0
askon,35,0,35
reflnanc,35,0,35
imperfect,35,19,16
edad,35,19,16
regwrit,35,35,0
lac,35,22,13
formid,35,18,17
ece,35,25,10
benefactor,35,12,23
syllabl,35,5,30
ciaalii,35,0,35
sybas,35,27,8
nlevel,35,35,0
efg,35,35,0
dobson,35,25,10
guerilla,35,9,26
autoridad,35,31,4
tholan,35,35,0
lacey,35,31,4
skyscrap,35,9,26
unreli,35,28,7
graciou,35,9,26
christensen,35,21,14
taablet,35,0,35
bci,35,3,32
selon,35,29,6
lckescapenumb,35,35,0
misplac,35,28,7
scientech,35,35,0
lenovo,35,27,8
lurk,35,21,14
directv,35,2,33
discipl,35,6,29
erhc,35,0,35
decri,35,24,11
pumfid,34,34,0
sampleescapenumb,34,34,0
bescapenumberw,34,0,34
benq,34,0,34
remap,34,32,2
actobat,34,0,34
argl,34,34,0
loretta,34,31,3
petrifi,34,0,34
drunken,34,9,25
louvr,34,28,6
situationroom,34,34,0
supposit,34,29,5
abut,34,1,33
eycyjaesij,34,0,34
resto,34,21,13
agora,34,17,17
colia,34,0,34
cpc,34,29,5
motil,34,0,34
sbindir,34,34,0
ctc,34,30,4
naphtha,34,34,0
prescri,34,0,34
msvc,34,34,0
safeway,34,18,16
gloss,34,10,24
antigua,34,19,15
ggt,34,0,34
aescapenumberthat,34,0,34
surrey,34,25,9
filetest,34,34,0
invocationid,34,34,0
jord,34,0,34
janett,34,28,6
raft,34,24,10
scat,34,1,33
iasona,34,34,0
cassett,34,2,32
allpolit,34,34,0
keno,34,0,34
cozi,34,12,22
rgamma,34,34,0
aliuum,34,0,34
portescapenumb,34,34,0
ctrescapenumb,34,34,0
demur,34,1,33
pristin,34,16,18
chandra,34,33,1
riesgo,34,4,30
cliali,34,0,34
geophys,34,14,20
icmp,34,31,3
enouqh,34,0,34
eav,34,3,31
subnetdb,34,34,0
escapenumberfwin,34,34,0
tdbtortur,34,34,0
gue,34,25,9
petal,34,22,12
barroi,34,0,34
rover,34,28,6
odm,34,0,34
darin,34,29,5
aidan,34,5,29
llama,34,30,4
liar,34,11,23
chois,34,4,30
yacht,34,5,29
smbumount,34,34,0
quarante,34,0,34
lpd,34,2,32
espreeturtl,34,0,34
archway,34,0,34
poptlib,34,34,0
pavey,34,34,0
precheza,34,34,0
smbpasswd,34,34,0
junki,34,14,20
jeannett,34,8,26
piet,34,33,1
discont,34,14,20
ahn,34,26,8
gretawir,34,34,0
atarax,34,0,34
pessoa,34,20,14
susi,34,21,13
merrili,34,1,33
nyt,34,31,3
thirdli,34,6,28
visor,34,2,32
funtion,34,34,0
unbias,34,29,5
ikenberri,34,34,0
roundtrip,34,32,2
mt,34,3,31
binder,34,29,5
millionen,34,14,20
beim,34,11,23
tote,34,18,16
haymarket,34,33,1
pem,34,34,0
racicot,34,34,0
evad,34,16,18
tho,34,17,17
libnam,34,34,0
orchestr,34,18,16
nbp,34,33,1
stico,34,17,17
rescuer,34,31,3
maxcnt,34,34,0
elvi,34,23,11
visionari,34,22,12
bronco,34,3,31
securit,34,30,4
vex,34,25,9
rodrigu,34,31,3
cyberhand,34,0,34
alpin,34,21,13
predomin,34,7,27
projet,34,31,3
carn,34,25,9
cougar,34,17,17
tattoo,34,14,20
encuentro,34,2,32
toughest,34,27,7
tancredo,34,34,0
extutil,34,34,0
rpt,34,33,1
caract,34,14,20
lei,34,10,24
acintosh,34,0,34
humil,34,7,27
afro,34,2,32
freelanc,34,17,17
trickl,34,18,16
garri,34,25,9
crowley,34,13,21
lamprian,34,34,0
printescapenumb,34,34,0
borg,34,19,15
fiasco,34,28,6
boutiqu,34,18,16
cutt,34,29,5
delv,34,14,20
prepaid,34,8,26
overrun,34,27,7
libgpf,34,34,0
rivera,34,26,8
complac,34,8,26
weldon,34,29,5
organizacion,34,5,29
gasif,34,33,1
quartil,34,29,5
oberg,34,34,0
innogi,34,34,0
knowledgenew,34,34,0
allay,34,21,13
airbu,34,22,12
tact,34,13,21
cheeri,34,5,29
strove,34,0,34
jlc,34,30,4
blezien,34,34,0
enviada,34,3,31
werd,34,11,23
escapenumbery,34,9,25
leit,34,11,23
unmarshal,34,34,0
buspar,34,0,34
lofti,34,9,25
fidget,34,0,34
usgt,34,34,0
embedd,34,5,29
effectbig,34,0,34
repercuss,34,33,1
prioritis,34,34,0
ntcreat,34,34,0
nntp,34,34,0
wich,34,29,5
powerfui,34,0,34
croc,34,25,9
lakshmi,34,33,1
elt,34,27,7
souza,34,31,3
marci,34,12,22
avandia,34,24,10
proletariat,34,4,30
erika,34,28,6
gnomegui,34,34,0
fescapenumbero,34,0,34
biobas,34,32,2
commer,34,23,11
yummycat,34,0,34
monolith,34,19,15
vsftpd,34,34,0
ffo,34,5,29
cornelia,34,1,33
department,34,24,10
meridian,34,15,19
diferent,34,2,32
ofici,34,2,32
reunit,34,23,11
tutela,34,34,0
horoscop,34,3,31
detectiv,34,34,0
pavilion,34,25,9
inasmuch,34,18,16
chandeli,34,1,33
whispertick,34,0,34
eeri,34,4,30
nist,34,32,2
iceberg,34,9,25
prostitut,34,23,11
vascular,34,2,32
fellowship,34,23,11
slp,34,33,1
lavish,34,16,18
suppl,34,3,31
untim,34,3,31
unnam,34,32,2
stron,34,1,33
bram,34,32,2
connot,34,7,27
hypertens,34,11,23
cornwal,34,15,19
gracious,34,15,19
linfo,34,34,0
duse,34,29,5
bandwagon,34,19,15
cbn,34,0,34
coroutin,34,28,6
setxattr,34,34,0
tarnish,34,23,11
sorensen,34,30,4
ewma,34,34,0
setx,34,34,0
comerci,34,8,26
configdn,34,34,0
listview,34,30,4
gerent,34,2,32
ivr,34,32,2
dustin,34,25,9
zwallet,34,0,34
undergrandu,34,34,0
unsophist,34,2,32
rooki,34,27,7
ssion,34,24,10
transcend,34,16,18
devicetyp,34,34,0
ghashtabl,34,34,0
seng,34,4,30
dagger,34,14,20
jenson,34,33,1
eliminar,34,0,34
bedsid,34,6,28
nima,34,26,8
wresult,34,34,0
makerpm,34,34,0
pluck,34,9,25
vulgar,34,9,25
kubuntu,34,31,3
subclassof,34,34,0
cilco,34,34,0
treffen,34,4,30
sown,34,3,31
plotinfo,34,34,0
subordin,34,30,4
microscop,34,17,17
itch,34,3,31
teiephon,34,0,34
pconn,34,34,0
panason,34,9,25
mplayer,34,31,3
alba,34,14,20
hm,34,32,2
rington,34,21,13
kadmin,34,34,0
telef,34,22,12
jez,34,33,1
uit,34,1,33
exodu,34,20,14
strlib,34,34,0
shlpped,34,0,34
material,34,8,26
quizz,34,26,8
noop,34,34,0
fooescapenumb,34,34,0
belgrano,34,21,13
undergon,34,19,15
piso,34,3,31
brltti,34,34,0
comet,34,18,16
cowork,34,15,19
redhead,34,2,32
benifit,34,6,28
landlord,34,12,22
natasha,34,13,21
wiliiam,34,0,34
zapata,34,31,3
strsep,34,34,0
menac,34,16,18
beig,34,11,23
perfor,34,7,27
beatl,34,22,12
precari,34,27,7
disambigu,34,24,10
beitr,34,1,33
puddl,34,12,22
maud,34,0,34
usmak,34,3,31
woodstock,34,33,1
ietf,34,31,3
vpn,34,25,9
weinstein,34,27,7
englishman,34,3,31
escapenumbermw,34,29,5
brightest,34,22,12
dcbw,34,34,0
hasslefreeoff,34,0,34
misinterpret,34,32,2
sourceri,34,34,0
homebuy,34,0,34
nesanet,34,34,0
stepp,34,6,28
pratchett,34,34,0
screech,34,6,28
sinca,34,34,0
moyer,34,15,19
roommat,34,23,11
outreach,34,32,2
statistik,34,33,1
sevtjmcpnx,34,0,34
coy,33,4,29
looter,33,33,0
bumpi,33,13,20
testament,33,7,26
ferrel,33,33,0
sname,33,33,0
hotplug,33,33,0
ejsrpc,33,33,0
surveyor,33,27,6
chestnut,33,7,26
fabian,33,21,12
brigad,33,17,16
atorvastatin,33,0,33
bayou,33,21,12
buil,33,7,26
aggi,33,26,7
landown,33,24,9
eweek,33,18,15
evereight,33,0,33
throttl,33,17,16
upright,33,3,30
nox,33,30,3
andromeda,33,8,25
positionen,33,2,31
lncreas,33,0,33
uruguay,33,22,11
samaccountnam,33,33,0
dijo,33,32,1
weinberg,33,19,14
cologn,33,10,23
transalta,33,33,0
ambiem,33,0,33
gpu,33,26,7
ihren,33,4,29
mmx,33,27,6
ctica,33,1,32
sildenafil,33,0,33
needi,33,14,19
cao,33,25,8
choleserrol,33,0,33
carlyl,33,17,16
gezeigt,33,3,30
testsmbc,33,33,0
gai,33,32,1
zieglergass,33,0,33
pstr,33,33,0
burdock,33,0,33
landfil,33,28,5
tadalafilsofttab,33,0,33
cuddl,33,7,26
minfactor,33,33,0
remotest,33,0,33
opm,33,33,0
fluff,33,6,27
carisoma,33,0,33
flier,33,20,13
ultran,33,0,33
clal,33,0,33
adtrevor,33,0,33
uninitialis,33,33,0
modescapenumb,33,33,0
logescapenumb,33,33,0
hartfield,33,11,22
bsddb,33,33,0
outsour,33,33,0
whack,33,18,15
deferr,33,19,14
techno,33,13,20
paren,33,31,2
broomcorn,33,0,33
gorgonii,33,0,33
midget,33,5,28
momentari,33,2,31
noe,33,28,5
ensu,33,22,11
numero,33,2,31
sniff,33,14,19
escapenumberfev,33,33,0
clown,33,9,24
brex,33,0,33
aecapital,33,0,33
jeanett,33,23,10
psm,33,28,5
strrchr,33,33,0
testsa,33,33,0
caon,33,15,18
rie,33,20,13
theskinni,33,33,0
bootabl,33,27,6
cyclic,33,19,14
ovid,33,28,5
imprint,33,8,25
toppl,33,22,11
comunicaci,33,2,31
seam,33,22,11
xhx,33,6,27
lpga,33,6,27
diamant,33,1,32
oquinn,33,33,0
bandit,33,19,14
mpl,33,30,3
wrangl,33,30,3
banksi,33,33,0
callescapenumb,33,33,0
comescapenumb,33,31,2
speach,33,33,0
aiia,33,0,33
puid,33,32,1
srr,33,32,1
cpe,33,27,6
wlan,33,27,6
roadblock,33,26,7
nurtur,33,17,16
pieti,33,0,33
anatol,33,19,14
unjust,33,21,12
swindl,33,1,32
lyco,33,2,31
chester,33,14,19
drawabl,33,30,3
typograph,33,13,20
ulsofts,33,0,33
downlin,33,0,33
esurveypanel,33,0,33
ntv,33,33,0
cata,33,31,2
wedg,33,16,17
compl,33,17,16
conceit,33,3,30
infotec,33,33,0
uspto,33,32,1
uptrend,33,26,7
println,33,33,0
toxin,33,16,17
washingtonstori,33,33,0
geometr,33,23,10
jut,33,1,32
lans,33,16,17
agav,33,26,7
lindholm,33,32,1
mckinsey,33,32,1
raptur,33,2,31
unicef,33,33,0
unseen,33,12,21
hoh,33,33,0
pornographi,33,19,14
bun,33,6,27
mohan,33,30,3
despond,33,2,31
rab,33,30,3
heavier,33,15,18
vece,33,9,24
artista,33,5,28
purifi,33,6,27
rankin,33,18,15
cialistadalafil,33,0,33
sammi,33,16,17
remium,33,0,33
bloomfield,33,26,7
gpcm,33,33,0
sibutramin,33,0,33
hubbard,33,20,13
pakistani,33,27,6
gescapenumberq,33,0,33
carcass,33,6,27
cma,33,23,10
roban,33,33,0
normandi,33,3,30
airborn,33,10,23
brawl,33,16,17
mickey,33,23,10
goldstein,33,22,11
matrimoni,33,1,32
marcian,33,33,0
hilmar,33,33,0
undeni,33,8,25
osaka,33,27,6
copycat,33,33,0
cfg,33,28,5
extraordinarili,33,25,8
braband,33,33,0
keeper,33,17,16
dupr,33,33,0
dosen,33,2,31
doubi,33,0,33
empioye,33,0,33
expropri,33,27,6
burli,33,3,30
ankl,33,14,19
sarmiento,33,29,4
cpi,33,19,14
viagrasofttab,33,0,33
intermediari,33,22,11
cafeteria,33,23,10
gtool,33,33,0
poiand,33,0,33
principai,33,6,27
mejia,33,31,2
censur,33,5,28
offload,33,17,16
aneto,33,33,0
uriart,33,33,0
toroid,33,24,9
wallow,33,10,23
shrewd,33,9,24
germ,33,14,19
deris,33,4,29
arroyo,33,7,26
rdma,33,33,0
solitari,33,7,26
engel,33,27,6
deja,33,7,26
thigh,33,9,24
erectlon,33,0,33
pong,33,12,21
kingsley,33,25,8
ipaddr,33,31,2
baptism,33,1,32
blith,33,5,28
lubric,33,2,31
ativaan,33,0,33
mysub,33,33,0
socklen,33,33,0
halifax,33,9,24
ipw,33,33,0
crib,33,6,27
besteht,33,5,28
vigango,33,33,0
piayer,33,0,33
uct,33,28,5
signer,33,29,4
phantom,33,10,23
zusaetzlich,33,5,28
parra,33,30,3
sata,33,26,7
gort,33,33,0
trig,33,27,6
curvatur,33,0,33
vendredi,33,26,7
youngster,33,15,18
viarga,33,0,33
cutpoint,33,33,0
plateau,33,7,26
ectiv,33,14,19
ontherecord,33,33,0
countrywid,33,0,33
offlc,33,0,33
valiunxanax,33,0,33
kleenex,33,0,33
avrigni,33,0,33
yate,33,18,15
unimelb,33,33,0
cust,33,11,22
ladron,33,32,1
ewe,33,4,29
mpaa,33,30,3
perplex,33,11,22
inexcus,33,1,32
aimpag,33,0,33
shrinkag,33,25,8
lisst,33,0,33
ihrem,33,10,23
galveston,33,27,6
ouch,33,21,12
submitt,33,21,12
druzbik,33,33,0
actuari,33,21,12
lookahead,33,33,0
meriiidia,33,0,33
smi,33,23,10
sodium,33,26,7
mappli,33,33,0
tlsdir,33,33,0
hallway,33,8,25
marketi,33,33,0
gazett,33,26,7
reson,33,15,18
chimney,33,10,23
pharmssit,33,0,33
esaibo,33,33,0
afa,33,3,30
taurin,33,0,33
videogam,33,30,3
hurd,33,24,9
herr,33,23,10
httpd,33,32,1
projekt,33,4,29
funnel,33,22,11
bookkeep,33,24,9
dew,33,13,20
jhtml,33,33,0
hookup,33,3,30
lobster,33,7,26
declassifi,33,21,12
flnd,33,0,33
justli,33,1,32
castaneda,33,28,5
psychiatr,33,25,8
markham,33,22,11
rp,33,29,4
mise,33,24,9
hidalgo,33,26,7
dur,33,21,12
squirrel,33,16,17
shortcom,33,25,8
yescapenumberu,33,1,32
kilomet,33,19,14
mutabl,33,31,2
baal,33,33,0
energycentr,33,33,0
enviou,33,5,28
tdbbase,33,33,0
dynconfig,32,32,0
archnam,32,32,0
genial,32,3,29
lse,32,28,4
cumshot,32,0,32
acescapenumb,32,22,10
intimaci,32,1,31
placehold,32,28,4
gnutl,32,32,0
uprem,32,0,32
ethink,32,32,0
facto,32,16,16
keiser,32,32,0
norepli,32,32,0
bokovoy,32,32,0
libndr,32,32,0
compilado,32,0,32
juggl,32,4,28
arraign,32,8,24
shingl,32,28,4
dreari,32,3,29
bioscienc,32,16,16
stallman,32,18,14
mcclure,32,26,6
nitrogen,32,25,7
mordaunt,32,32,0
hanno,32,29,3
shaven,32,1,31
solarisescapenumb,32,32,0
petacchi,32,26,6
ibmtt,32,32,0
squeezetrigg,32,0,32
quotebox,32,0,32
escapenumberin,32,18,14
giddi,32,6,26
linea,32,1,31
faiz,32,32,0
sasin,32,32,0
aliow,32,0,32
pancak,32,25,7
harpoon,32,18,14
subtot,32,32,0
thindata,32,0,32
hda,32,26,6
stopifnot,32,32,0
balkan,32,16,16
amit,32,25,7
allid,32,32,0
reputationov,32,0,32
rmescapenumb,32,29,3
escapenumberfreg,32,32,0
stubbl,32,2,30
ubiquit,32,18,14
centenni,32,18,14
bale,32,10,22
groupsearch,32,0,32
eubank,32,10,22
desist,32,22,10
gimp,32,29,3
bewertet,32,1,31
adressiert,32,4,28
hoff,32,27,5
runaway,32,21,11
tbl,32,29,3
atl,32,23,9
schwieger,32,32,0
battlefield,32,14,18
methodist,32,19,13
dynlexpad,32,32,0
ewc,32,32,0
rxdrug,32,0,32
obscen,32,19,13
gri,32,17,15
lyondel,32,32,0
setosa,32,32,0
libya,32,24,8
martyr,32,4,28
mri,32,21,11
drab,32,3,29
undesir,32,26,6
bam,32,3,29
investigaci,32,25,7
neuron,32,14,18
ytext,32,32,0
wachsen,32,2,30
experiencia,32,2,30
higgin,32,19,13
coaib,32,0,32
simian,32,0,32
darc,32,27,5
lavend,32,17,15
jak,32,29,3
atoi,32,32,0
rowspan,32,0,32
anaheim,32,15,17
xopen,32,32,0
aveng,32,5,27
smbace,32,32,0
preprocessor,32,32,0
mayer,32,15,17
gestohlen,32,32,0
skrev,32,32,0
fiat,32,12,20
sunken,32,22,10
soledad,32,10,22
gsb,32,32,0
iniescapenumb,32,32,0
abreast,32,18,14
corona,32,12,20
neuester,32,0,32
clamber,32,10,22
attir,32,21,11
numcol,32,32,0
mansfield,32,9,23
beging,32,0,32
fortress,32,7,25
reprimand,32,14,18
sentri,32,7,25
basement,32,26,6
heartless,32,2,30
ecf,32,32,0
dickinson,32,7,25
dearli,32,8,24
urspr,32,31,1
ccilindia,32,32,0
chortl,32,6,26
sushi,32,9,23
general,32,11,21
ebit,32,31,1
korel,32,0,32
loqodent,32,0,32
parde,32,0,32
iast,32,1,31
fineread,32,30,2
dewey,32,16,16
cep,32,18,14
gyadav,32,32,0
rachael,32,3,29
milpita,32,32,0
unbundl,32,32,0
inund,32,6,26
cobalt,32,10,22
deswegen,32,1,31
steinberg,32,17,15
pathogen,32,13,19
mcauliff,32,31,1
escapenumberbpp,32,32,0
fmescapenumb,32,26,6
gosle,32,32,0
deafen,32,3,29
mediant,32,10,22
laminit,32,32,0
getprognam,32,32,0
donnellan,32,32,0
nave,32,9,23
authtok,32,32,0
loosen,32,19,13
courant,32,30,2
irr,32,25,7
wi,32,14,18
noirtier,32,0,32
vertraeg,32,0,32
kister,32,32,0
hllcompil,32,32,0
strenghten,32,0,32
curricular,32,5,27
snub,32,23,9
reformul,32,22,10
farrel,32,16,16
ensembl,32,22,10
pariti,32,22,10
ntioctl,32,32,0
libero,32,20,12
eletrnico,32,0,32
survtim,32,32,0
comstock,32,32,0
grandchildren,32,5,27
findet,32,4,28
oreilli,32,28,4
aescapenumberghttp,32,0,32
youyi,32,32,0
erzeugt,32,8,24
farmac,32,32,0
corni,32,8,24
saloonkeep,32,0,32
kuwait,32,7,25
abbey,32,10,22
slc,32,25,7
knowingli,32,22,10
mathematician,32,11,21
tecra,32,6,26
thammasak,32,0,32
guangzhou,32,0,32
escapenumberdhttp,32,29,3
tonnag,32,12,20
marcia,32,10,22
produ,32,23,9
businessmen,32,10,22
plotrix,32,32,0
tut,32,17,15
slurp,32,28,4
conflagr,32,0,32
smallcapvoic,32,4,28
koru,32,32,0
itp,32,29,3
dtl,32,32,0
angola,32,2,30
hclust,32,32,0
freenod,32,30,2
bart,32,18,14
distribuci,32,2,30
nicotin,32,6,26
pinto,32,26,6
spielass,32,0,32
csu,32,8,24
libfoo,32,32,0
joanna,32,16,16
bronfman,32,31,1
erreichen,32,1,31
broth,32,5,27
smiley,32,24,8
severai,32,0,32
stuttgart,32,16,16
incub,32,8,24
stammer,32,0,32
barlow,32,18,14
cgt,32,32,0
banist,32,1,31
terrenc,32,25,7
bouquet,32,5,27
ejacu,32,0,32
whenc,32,16,16
cabbag,32,1,31
brim,32,11,21
bescapenumberm,32,20,12
cheapli,32,26,6
medicaid,32,18,14
feygin,32,32,0
zeichnung,32,4,28
overcam,32,12,20
babylon,32,9,23
jf,32,30,2
magnat,32,20,12
apron,32,4,28
sanjuan,32,32,0
ier,32,7,25
sofftwaar,32,0,32
flannel,32,1,31
leben,32,5,27
lordship,32,0,32
creepi,32,9,23
ambl,32,2,30
barbado,32,14,18
krohmal,32,32,0
twitch,32,1,31
nissan,32,20,12
siam,32,26,6
sacro,32,32,0
sollt,32,7,25
oranjestad,32,0,32
softab,32,0,32
aescapenumberwa,32,0,32
engrav,32,7,25
rosenfield,32,32,0
intox,32,12,20
escapenumberto,32,7,25
osama,32,30,2
mapl,32,16,16
malign,32,19,13
mb,32,22,10
parkinson,32,22,10
poodl,32,13,19
sidebar,32,9,23
daa,32,0,32
propan,32,25,7
condition,32,27,5
slrrkrvvxr,32,0,32
hte,32,14,18
bridgett,32,26,6
hew,32,25,7
thruway,32,1,31
dafydd,32,32,0
decompress,32,8,24
creditwatch,32,32,0
bolu,32,28,4
dangl,32,11,21
ldlibrari,32,32,0
elsb,32,32,0
cometh,32,0,32
rnew,32,32,0
volcan,32,1,31
tlapek,32,32,0
foundri,32,5,27
huffingtonpost,32,18,14
susteren,32,32,0
nurseri,32,0,32
bb,32,7,25
malley,32,32,0
tant,32,8,24
canopi,32,2,30
hpuxescapenumb,32,32,0
silberstein,32,0,32
cheater,32,15,17
lavatori,32,7,25
nnen,32,13,19
infrequ,32,18,14
normativa,32,1,31
hinton,32,26,6
colbert,32,25,7
pesticid,32,14,18
malform,32,19,13
tog,32,1,31
tmppath,32,32,0
marescapenumb,32,32,0
stockpil,32,21,11
hexadecim,32,14,18
cybernet,32,2,30
daysescapenumb,32,32,0
extravaganza,32,3,29
plat,32,20,12
udf,32,30,2
paperback,32,15,17
tsp,32,30,2
carbid,32,18,14
descapenumberc,32,3,29
anselm,32,18,14
reflexi,32,0,32
dif,32,10,22
ernest,32,17,15
shoestr,32,27,5
oyster,32,9,23
geron,32,31,1
zonal,32,6,26
tombston,32,12,20
locust,31,21,10
liken,31,21,10
neill,31,23,8
opensolari,31,27,4
carbonel,31,31,0
deput,31,3,28
erad,31,22,9
boggl,31,10,21
apachi,31,31,0
beckham,31,29,2
tranch,31,30,1
hola,31,10,21
underwear,31,11,20
psychiatrist,31,24,7
xarg,31,31,0
wearili,31,0,31
laplac,31,29,2
overrul,31,29,2
ocal,31,2,29
pointsiz,31,31,0
paran,31,31,0
moreau,31,24,7
zajac,31,31,0
egress,31,16,15
orthoped,31,2,29
pkcurrent,31,0,31
servicesjun,31,0,31
rosario,31,11,20
elop,31,21,10
cln,31,7,24
inflex,31,17,14
topdir,31,31,0
daze,31,10,21
plt,31,29,2
ntime,31,30,1
helmut,31,22,9
lamar,31,26,5
oug,31,24,7
boomerang,31,3,28
fiow,31,0,31
pangj,31,31,0
teeter,31,17,14
semperg,31,31,0
fara,31,4,27
acg,31,30,1
profoundli,31,19,12
unnot,31,16,15
eliteherb,31,0,31
hb,31,29,2
acyclovir,31,0,31
datum,31,16,15
wmf,31,31,0
diflucan,31,0,31
fina,31,5,26
revalid,31,30,1
lozeng,31,1,30
mmcfd,31,29,2
dolan,31,10,21
bescapenumberss,31,0,31
tgz,31,31,0
fraught,31,14,17
phoni,31,21,10
winfax,31,0,31
visser,31,31,0
overs,31,11,20
extol,31,3,28
imaq,31,0,31
escapenumberfor,31,4,27
pear,31,10,21
incl,31,19,12
disculpa,31,0,31
escribi,31,31,0
marcel,31,17,14
influx,31,9,22
vill,31,23,8
riskbeak,31,0,31
valdez,31,29,2
heater,31,9,22
ulyss,31,2,29
burnham,31,20,11
substantia,31,0,31
logi,31,25,6
nettelton,31,31,0
mina,31,22,9
ditto,31,19,12
quintu,31,0,31
rewardsgateway,31,0,31
lope,31,25,6
rnc,31,30,1
shea,31,20,11
xll,31,28,3
myst,31,30,1
soport,31,6,25
heathen,31,1,30
athlon,31,17,14
acef,31,0,31
hoars,31,2,29
etring,31,31,0
ima,31,28,3
aidslaw,31,31,0
reclin,31,4,27
reddi,31,31,0
codermatti,31,31,0
lithium,31,22,9
liv,31,3,28
quak,31,15,16
adverb,31,14,17
distinto,31,4,27
maestro,31,4,27
sunglass,31,11,20
ultima,31,2,29
rcach,31,31,0
daunt,31,23,8
saddr,31,31,0
abajo,31,0,31
infoworld,31,28,3
feminin,31,5,26
aphrodit,31,17,14
coastlin,31,21,10
dietert,31,31,0
tenemo,31,5,26
webslt,31,0,31
squat,31,7,24
daddr,31,31,0
dormitori,31,6,25
agnost,31,18,13
curitiba,31,31,0
palfrey,31,26,5
classi,31,5,26
balconi,31,6,25
oecd,31,31,0
byzantin,31,15,16
ifa,31,0,31
udev,31,31,0
yoder,31,23,8
cdyvpric,31,0,31
guinea,31,10,21
fulton,31,12,19
ratif,31,23,8
malik,31,29,2
throb,31,2,29
tst,31,30,1
macedonia,31,22,9
mozambiqu,31,30,1
melin,31,0,31
kessler,31,19,12
consuit,31,0,31
bea,31,10,21
steph,31,17,14
micheal,31,17,14
dye,31,6,25
anx,31,28,3
caldwel,31,16,15
electromagnet,31,20,11
ceg,31,27,4
wegen,31,11,20
linksvay,31,31,0
discredit,31,17,14
nextkey,31,31,0
trackback,31,12,19
kremer,31,31,0
wikimedia,31,17,14
tonk,31,6,25
gawk,31,28,3
kpescapenumb,31,29,2
nhat,31,28,3
entorno,31,1,30
strupper,31,31,0
carnag,31,13,18
iglob,31,31,0
placepharm,31,2,29
canm,31,0,31
procrastin,31,8,23
exalt,31,0,31
escapenumberdt,31,26,5
eliveri,31,31,0
sprynet,31,2,29
unlck,31,31,0
bona,31,13,18
alaskan,31,26,5
brigitt,31,28,3
biota,31,0,31
ascap,31,30,1
nommap,31,31,0
mec,31,27,4
proj,31,23,8
nayan,31,31,0
latinmail,31,0,31
rudderless,31,1,30
baffin,31,0,31
mero,31,12,19
creak,31,2,29
boylan,31,6,25
laru,31,0,31
havoc,31,19,12
rhelescapenumb,31,31,0
communiqu,31,13,18
dattani,31,31,0
gagliardi,31,31,0
mazowita,31,31,0
cadr,31,15,16
calisthen,31,1,30
fieid,31,0,31
fortitud,31,1,30
stu,31,16,15
bricklay,31,0,31
bac,31,12,19
hamlin,31,23,8
powerbal,31,1,30
clamp,31,10,21
sideway,31,2,29
bangalor,31,19,12
usn,31,24,7
klau,31,25,6
bge,31,30,1
dreyfuss,31,1,30
greenplasticturtl,31,0,31
analges,31,0,31
hind,31,10,21
hampton,31,20,11
tkt,31,30,1
kmi,31,31,0
truescapenumberacl,31,31,0
triniti,31,20,11
mescapenumbert,31,1,30
emanuel,31,18,13
kewl,31,1,30
programaci,31,3,28
centimet,31,8,23
tenkanen,31,31,0
orld,31,18,13
defil,31,1,30
slur,31,21,10
agpl,31,31,0
nezi,31,31,0
bardzo,31,31,0
motorsportssym,31,0,31
cowan,31,17,14
wellbutrin,31,1,30
slumber,31,3,28
teardown,31,31,0
ffa,31,0,31
rosemead,31,8,23
mediocr,31,17,14
fortnight,31,9,22
fide,31,14,17
lemmon,31,28,3
snug,31,0,31
cobb,31,13,18
jerom,31,20,11
tortois,31,20,11
prio,31,27,4
cyberspac,31,9,22
afl,31,30,1
mber,31,6,25
disciplinari,31,15,16
winc,31,3,28
pyerr,31,31,0
openkey,31,31,0
sowi,31,14,17
tyrant,31,5,26
preen,31,0,31
prederef,31,31,0
colgat,31,11,20
dirtyp,31,31,0
condom,31,11,20
ndiswrapp,31,31,0
passlen,31,31,0
pszparmnam,31,31,0
anheus,31,11,20
usta,31,23,8
mckenzi,31,23,8
twentieth,31,14,17
createkey,31,31,0
thom,31,25,6
situ,31,4,27
midpoint,31,26,5
tabul,31,24,7
problm,31,30,1
fickl,31,2,29
gottesdien,31,31,0
charybdi,31,0,31
crumpl,31,0,31
taipei,31,22,9
trespsa,31,31,0
lourd,31,4,27
blackburn,31,16,15
herri,31,30,1
reservar,31,0,31
coater,31,0,31
livemot,31,0,31
salina,31,14,17
useqq,31,31,0
bhlp,31,31,0
whitehous,31,31,0
busiest,31,22,9
jarvi,31,14,17
goiiv,31,0,31
aufstieg,31,3,28
ded,31,11,20
annul,31,2,29
lreadlin,31,31,0
logarithm,31,26,5
butalbit,31,0,31
dorai,31,31,0
beman,31,0,31
vxp,31,0,31
glo,31,26,5
piedra,31,27,4
informationhttp,31,0,31
national,31,12,19
steiner,31,26,5
sussex,31,23,8
laird,31,10,21
lftp,31,31,0
hkp,31,28,3
brunswick,31,16,15
fugit,31,11,20
bourn,31,18,13
vivaci,31,1,30
donkey,31,14,17
mnescapenumb,31,0,31
pled,31,2,29
benilton,31,31,0
osf,31,26,5
andrei,31,18,13
pgid,31,31,0
punt,31,21,10
excis,31,7,24
equilibrium,31,22,9
ghastli,31,1,30
wafer,31,6,25
plumb,31,13,18
abdv,31,0,31
brightli,31,4,27
zodiac,31,2,29
pollen,31,19,12
faria,31,31,0
worldhir,31,31,0
panorama,31,10,21
kraft,31,18,13
forgav,31,1,30
agt,31,21,10
cedric,31,21,10
lft,31,30,1
mm,31,27,4
annihil,31,2,29
yan,30,25,5
parrish,30,26,4
knudsen,30,23,7
getpwent,30,30,0
relish,30,9,21
apac,30,1,29
areaid,30,30,0
ghosh,30,30,0
quasi,30,21,9
ireport,30,30,0
hooser,30,30,0
qua,30,14,16
webster,30,15,15
sergeant,30,6,24
linestr,30,30,0
eject,30,17,13
benefic,30,1,29
mire,30,23,7
glade,30,18,12
colo,30,19,11
coul,30,12,18
benedetto,30,0,30
gramm,30,24,6
haber,30,23,7
calumni,30,1,29
recalcul,30,29,1
monat,30,15,15
wove,30,0,30
fnl,30,28,2
scheint,30,2,28
aclint,30,30,0
dapper,30,21,9
mascara,30,0,30
wirefram,30,30,0
freudenberg,30,30,0
mercurio,30,5,25
drgv,30,0,30
brambl,30,1,29
newsprint,30,25,5
overdyk,30,30,0
methcomp,30,30,0
wester,30,22,8
badfunct,30,30,0
drydock,30,29,1
redlin,30,29,1
skribi,30,30,0
alegria,30,28,2
rentalist,30,0,30
memmov,30,30,0
dendescapenumb,30,30,0
reassess,30,30,0
yapc,30,29,1
verkaeuf,30,2,28
degreeobtain,30,0,30
crocodil,30,13,17
smear,30,16,14
npv,30,30,0
nighthawk,30,3,27
xdgcallbacklist,30,30,0
abram,30,12,18
unten,30,16,14
sisu,30,30,0
myriam,30,30,0
wisc,30,30,0
corpora,30,6,24
updatedata,30,30,0
unbeiiv,30,0,30
dodger,30,23,7
heretofor,30,2,28
percentil,30,23,7
squibb,30,28,2
adword,30,8,22
jingl,30,3,27
nextui,30,30,0
pellecchia,30,30,0
antoinett,30,16,14
escapenumberftalloc,30,30,0
wilkinson,30,23,7
aberr,30,2,28
epsg,30,30,0
fob,30,16,14
leari,30,22,8
indepth,30,1,29
gibb,30,17,13
bansal,30,30,0
gocr,30,30,0
bankrol,30,3,27
viz,30,12,18
migrain,30,16,14
lizzard,30,0,30
scherervil,30,0,30
filo,30,0,30
ionescapenumb,30,30,0
wnbra,30,0,30
dentur,30,1,29
babel,30,13,17
cyril,30,17,13
kwh,30,30,0
boxer,30,24,6
expon,30,24,6
lockx,30,30,0
cheroke,30,11,19
silki,30,0,30
interess,30,16,14
aluminium,30,21,9
spearhead,30,26,4
mono,30,27,3
conftest,30,30,0
crankcas,30,0,30
dyke,30,7,23
abgeschlossen,30,0,30
sammc,30,30,0
parenthesi,30,14,16
asphalt,30,9,21
hottlist,30,0,30
iead,30,0,30
aec,30,27,3
eir,30,21,9
shovel,30,7,23
are,30,9,21
puriti,30,2,28
scholt,30,30,0
prynn,30,0,30
hindsight,30,22,8
decoupl,30,22,8
rcl,30,29,1
kiosk,30,4,26
issuealert,30,30,0
uvr,30,22,8
xserver,30,30,0
rau,30,29,1
intr,30,27,3
timelengthybat,30,0,30
strlcpi,30,30,0
blitzschnel,30,0,30
hepat,30,18,12
panther,30,18,12
sacrament,30,0,30
briberi,30,22,8
sate,30,6,24
patchfil,30,27,3
warcraft,30,17,13
vejo,30,30,0
schirra,30,30,0
handwritten,30,18,12
regfio,30,30,0
urs,30,0,30
airstrik,30,27,3
hoard,30,22,8
americablog,30,30,0
harbing,30,5,25
domnam,30,30,0
housewif,30,0,30
nglich,30,29,1
srescapenumb,30,4,26
nvar,30,30,0
bertrand,30,12,18
mottaki,30,2,28
participant,30,2,28
sgi,30,26,4
sioux,30,18,12
jlk,30,29,1
tampon,30,0,30
acronym,30,21,9
rai,30,22,8
ldctl,30,30,0
bp,30,27,3
rectiion,30,0,30
yvepoggk,30,0,30
satiat,30,0,30
implementor,30,22,8
decommiss,30,22,8
juliann,30,29,1
adai,30,30,0
miertschin,30,30,0
untri,30,7,23
backport,30,30,0
esai,30,30,0
nterr,30,29,1
barrio,30,15,15
ozon,30,21,9
vejoescapenumb,30,30,0
alfa,30,28,2
gardin,30,7,23
lupin,30,5,25
aspermont,30,0,30
beemer,30,28,2
etyp,30,30,0
guten,30,2,28
crw,30,27,3
bxc,30,30,0
bustl,30,4,26
anterior,30,3,27
westmoreland,30,26,4
hemat,30,0,30
nelder,30,30,0
huntley,30,3,27
inferno,30,20,10
handout,30,25,5
rxescapenumb,30,26,4
dhcpdiscov,30,30,0
coker,30,15,15
leftgarden,30,0,30
escapenumbereco,30,0,30
softnet,30,0,30
spezialisiert,30,0,30
plaster,30,9,21
delito,30,28,2
purest,30,2,28
pastur,30,18,12
benevol,30,4,26
bseenu,30,30,0
doman,30,0,30
britt,30,19,11
hor,30,14,16
lde,30,28,2
vorhanden,30,1,29
refut,30,17,13
dcon,30,26,4
lifelin,30,22,8
spradl,30,30,0
sisuescapenumb,30,30,0
maxima,30,21,9
bew,30,16,14
boatload,30,1,29
tmk,30,29,1
embroid,30,3,27
marketpiac,30,0,30
blickt,30,2,28
fullest,30,6,24
dienstleistungen,30,0,30
analogu,30,11,19
madra,30,15,15
eot,30,29,1
deacon,30,4,26
voucher,30,21,9
impoverish,30,13,17
xiao,30,28,2
somebreak,30,0,30
xprt,30,29,1
snag,30,19,11
tit,30,8,22
committeemen,30,0,30
janin,30,28,2
pnl,30,29,1
ermin,30,5,25
wgo,30,27,3
demit,30,1,29
waffl,30,3,27
manova,30,30,0
ttc,30,21,9
nemec,30,30,0
glamour,30,13,17
capitul,30,11,19
technik,30,0,30
baum,30,18,12
nnoemd,30,0,30
necessit,30,18,12
relaci,30,6,24
habitu,30,8,22
unregist,30,21,9
yday,30,29,1
apiec,30,13,17
mysum,30,30,0
bileescapenumb,30,30,0
mane,30,10,20
encuentrofilosofico,30,0,30
admindisplaynam,30,30,0
donnerstag,30,21,9
menn,30,30,0
eescapenumbern,30,9,21
lvalu,30,30,0
prehisp,30,30,0
sfrench,30,30,0
blitz,30,16,14
bedeutet,30,3,27
bekommt,30,2,28
alatorr,30,30,0
deepwat,30,30,0
zen,30,9,21
overwhich,30,0,30
tma,30,28,2
bose,30,10,20
flander,30,28,2
consul,30,10,20
ptc,30,21,9
datalen,30,30,0
extescapenumb,30,30,0
maxtim,30,30,0
substat,30,24,6
hai,30,25,5
uwaterl,30,0,30
sdsnom,30,30,0
dayao,30,30,0
lemonad,30,7,23
podra,30,1,29
dard,30,30,0
execcap,30,30,0
poten,30,29,1
bersicht,30,0,30
tad,30,16,14
replyopenprint,30,30,0
nanni,30,21,9
modo,30,8,22
erland,30,28,2
rdlck,30,30,0
barbolo,30,30,0
vonnegut,30,29,1
tela,30,20,10
clierror,30,30,0
livingston,30,13,17
barg,30,14,16
refinance,30,0,30
remak,30,19,11
ruan,30,30,0
sooma,30,0,30
nuisanc,30,19,11
sfgate,30,30,0
bytelength,30,30,0
pvr,30,29,1
stash,30,12,18
directo,30,5,25
cambodia,30,24,6
copa,30,1,29
kimi,30,30,0
cyclen,30,0,30
artpric,30,0,30
ballard,30,17,13
swollen,30,4,26
iservic,30,30,0
colecci,30,8,22
auftraeg,30,2,28
overcharg,30,30,0
pex,30,0,30
anglo,30,12,18
kyphosi,30,30,0
aescapenumberwith,30,0,30
werbungsakt,30,2,28
cento,30,26,4
assuredescapenumb,30,0,30
incomprehens,30,11,19
smug,30,3,27
igt,30,0,30
virtuou,30,2,28
ko,30,26,4
brasilia,30,18,12
beiow,30,4,26
confrer,30,0,30
muni,30,29,1
rootkit,30,22,8
curfew,30,7,23
scaveng,30,27,3
ocrad,30,30,0
escapenumberegif,30,0,30
heav,30,4,26
bre,30,12,18
martina,30,25,5
wpnc,30,0,30
speciaiiz,30,0,30
bretz,30,30,0
retrouv,30,30,0
tiescapenumberw,30,0,30
aucun,30,18,12
defus,30,15,15
xmodel,30,30,0
lass,30,8,22
somalia,30,21,9
emitt,30,13,17
plr,30,29,1
spatstat,30,30,0
grun,30,0,30
unord,30,29,1
lifesci,30,30,0
dico,30,13,17
viewerservic,30,30,0
brm,30,29,1
disarm,30,3,27
trod,30,0,30
salaam,30,2,28
freshman,30,23,7
hallmark,30,10,20
bode,30,22,8
coexist,30,9,21
ctor,30,17,13
shrilli,30,1,29
coalesc,30,7,23
abrupt,30,8,22
exposit,30,22,8
skate,30,7,23
magnum,30,6,24
forbear,30,16,14
shearer,30,18,12
objectid,30,30,0
inra,29,29,0
gere,29,29,0
sudanes,29,21,8
biliana,29,29,0
aerosol,29,9,20
shebl,29,29,0
sdescapenumb,29,13,16
thirdparti,29,1,28
unari,29,19,10
kwi,29,29,0
powerbook,29,29,0
pricedo,29,0,29
testcxescapenumb,29,29,0
thomsen,29,29,0
avoir,29,14,15
dinari,29,28,1
negocio,29,0,29
wcast,29,21,8
pping,29,3,26
strnlen,29,29,0
iscsi,29,9,20
dd,29,19,10
firegl,29,29,0
asinin,29,0,29
chic,29,15,14
stronq,29,0,29
setsvgshapetooltip,29,29,0
bul,29,2,27
leann,29,26,3
consejo,29,13,16
nightclub,29,10,19
drunkard,29,0,29
relacion,29,3,26
garant,29,4,25
melhor,29,1,28
nto,29,16,13
satisfactorili,29,9,20
escapenumberftool,29,29,0
slapadd,29,29,0
lockyer,29,29,0
bigg,29,15,14
nuptial,29,4,25
cfwlox,29,29,0
rohauer,29,29,0
bacaescapenumb,29,29,0
instil,29,16,13
ving,29,7,22
flirt,29,10,19
parameteris,29,29,0
fairway,29,11,18
caucus,29,27,2
cval,29,29,0
thewli,29,0,29
transient,29,10,19
aak,29,3,26
dou,29,2,27
endus,29,10,19
grotesqu,29,5,24
gravit,29,8,21
picki,29,18,11
iescapenumberpc,29,28,1
polk,29,16,13
hippi,29,4,25
medecin,29,29,0
wolverin,29,6,23
frivol,29,11,18
gosalia,29,29,0
ne,29,16,13
symreg,29,29,0
cyclobenzaprin,29,0,29
specialiy,29,0,29
bead,29,9,20
prescrlption,29,0,29
inhibitor,29,14,15
cpl,29,22,7
promocion,29,1,28
mendelssohn,29,25,4
becau,29,8,21
rehash,29,5,24
tweed,29,23,6
escapenumberskiff,29,1,28
extensibleobject,29,29,0
dtescapenumb,29,26,3
unwound,29,22,7
probiem,29,0,29
louisa,29,1,28
refid,29,8,21
killal,29,29,0
whusescapenumb,29,29,0
chevrolet,29,16,13
vodka,29,1,28
suitestot,29,29,0
overthrow,29,5,24
confidentia,29,19,10
flora,29,6,23
pepco,29,29,0
osdn,29,0,29
ethan,29,9,20
bauxit,29,4,25
orgi,29,3,26
fdic,29,2,27
incens,29,7,22
hartford,29,17,12
netwar,29,19,10
bathtub,29,8,21
downey,29,6,23
indiatim,29,16,13
baitic,29,0,29
otoh,29,28,1
epng,29,29,0
thirsti,29,1,28
pendant,29,10,19
yer,29,23,6
maja,29,29,0
scarcentr,29,0,29
zanaflex,29,0,29
waxhaw,29,0,29
befit,29,2,27
onion,29,19,10
vail,29,18,11
changenotifi,29,29,0
mortem,29,4,25
cani,29,5,24
unnatur,29,3,26
eis,29,0,29
uniimit,29,0,29
rut,29,3,26
zlim,29,29,0
livestock,29,18,11
vaniqa,29,0,29
informacin,29,0,29
escapenumbercstrong,29,0,29
bruto,29,27,2
poptopt,29,29,0
extrapol,29,21,8
caiss,29,2,27
rodeo,29,18,11
datejust,29,0,29
inton,29,3,26
badeer,29,29,0
rhino,29,20,9
clo,29,21,8
edna,29,15,14
versand,29,0,29
magnesium,29,4,25
popcorn,29,13,16
spaceship,29,6,23
dickerson,29,11,18
reefin,29,0,29
yaml,29,29,0
mypkg,29,29,0
caricatur,29,12,17
aunch,29,6,23
dainti,29,0,29
lisrel,29,29,0
adquirir,29,5,24
powerex,29,29,0
lizard,29,16,13
rmki,29,29,0
errat,29,12,17
conscript,29,0,29
ieader,29,0,29
cdb,29,29,0
meek,29,11,18
cinco,29,21,8
famin,29,1,28
doldrum,29,4,25
tarballdir,29,29,0
jig,29,8,21
woodward,29,2,27
commonplac,29,9,20
blocker,29,4,25
escapenumbercc,29,6,23
schooner,29,1,28
loeb,29,21,8
assent,29,7,22
csc,29,22,7
ecn,29,28,1
acced,29,9,20
trent,29,17,12
guin,29,7,22
adi,29,14,15
nerod,29,29,0
fresco,29,5,24
nsescapenumb,29,10,19
narrat,29,14,15
gappi,29,29,0
suscept,29,13,16
sfx,29,0,29
cig,29,24,5
cumberland,29,12,17
pare,29,20,9
dewpoint,29,29,0
spuriou,29,20,9
traceabl,29,16,13
bluish,29,0,29
vwvescapenumb,29,29,0
agon,29,14,15
krb,29,21,8
tulo,29,4,25
crania,29,0,29
homosexu,29,10,19
nowledg,29,28,1
stevenson,29,20,9
comey,29,28,1
ng,29,5,24
eaton,29,18,11
betragen,29,0,29
troi,29,23,6
tiff,29,29,0
tighter,29,21,8
lohs,29,29,0
ppr,29,28,1
clearwat,29,17,12
colombian,29,26,3
gorilla,29,14,15
xii,29,10,19
taskpr,29,29,0
instalacion,29,2,27
kelsey,29,24,5
chroot,29,28,1
accesscod,29,29,0
dingi,29,0,29
vieira,29,28,1
trina,29,26,3
gravi,29,5,24
bethesda,29,15,14
infight,29,13,16
waklxfwymn,29,0,29
sulfur,29,17,12
rejoin,29,17,12
pint,29,14,15
gesundheit,29,6,23
straddl,29,22,7
famvir,29,0,29
roil,29,10,19
upn,29,24,5
botch,29,16,13
gav,29,20,9
auster,29,6,23
quesada,29,29,0
imi,29,15,14
brunett,29,1,28
catalina,29,19,10
tomeu,29,29,0
bisherigen,29,1,28
startet,29,8,21
bescapenumberl,29,3,26
sexton,29,13,16
qooxdoo,29,29,0
jolt,29,22,7
darden,29,26,3
euridyc,29,0,29
sgt,29,20,9
mountpassword,29,29,0
overpay,29,19,10
mcfarland,29,24,5
callahan,29,17,12
coursework,29,11,18
pickl,29,13,16
aquagen,29,0,29
ftpd,29,29,0
vai,29,5,24
biograph,29,23,6
chto,29,0,29
kursanstieg,29,1,28
novak,29,3,26
boyc,29,12,17
kermit,29,14,15
gustafson,29,24,5
nen,29,15,14
orderhttp,29,0,29
anziehen,29,0,29
colid,29,29,0
topolog,29,19,10
pcr,29,22,7
brannon,29,29,0
emigr,29,5,24
hookworm,29,0,29
ellips,29,17,12
undercut,29,27,2
freund,29,5,24
noreturn,29,28,1
bhp,29,16,13
diccionario,29,0,29
sdgl,29,28,1
wtc,29,26,3
duplex,29,11,18
caregiv,29,22,7
mogul,29,27,2
treadmil,29,20,9
immor,29,15,14
overkil,29,26,3
sanguin,29,6,23
wday,29,29,0
noticia,29,19,10
hearst,29,25,4
eneh,29,29,0
sensori,29,2,27
biotec,29,0,29
felic,29,13,16
incredul,29,2,27
childish,29,4,25
dementia,29,12,17
apx,29,29,0
dvi,29,20,9
piant,29,0,29
celiac,29,4,25
jeep,29,9,20
hershey,29,18,11
dgram,29,29,0
electrolyt,29,0,29
locu,29,25,4
cargil,29,20,9
selbst,29,7,22
maguir,29,27,2
scriptdir,29,29,0
whop,29,16,13
statesmen,29,0,29
speedway,29,11,18
minivan,29,13,16
opsescapenumberpm,29,29,0
forbad,29,0,29
proctor,29,5,24
delin,29,11,18
generos,29,16,13
gyroscop,29,24,5
mira,29,23,6
pretax,29,28,1
dtomi,29,0,29
stato,29,23,6
critter,29,10,19
jako,29,26,3
chiefli,29,9,20
swf,29,24,5
nil,29,15,14
planta,29,4,25
tmpl,29,29,0
loxcfwlox,29,29,0
carton,29,1,28
clientndr,29,29,0
standardis,29,29,0
mcnamara,29,27,2
unsuspect,29,18,11
thine,29,2,27
toolssign,29,2,27
tribeca,29,28,1
banquet,29,9,20
prosaic,29,1,28
feuer,29,3,26
programmat,29,29,0
senza,29,22,7
usergroup,29,28,1
eliza,29,1,28
emeet,29,29,0
nsaid,29,17,12
pantyhos,29,1,28
bamako,29,2,27
rpcstr,29,29,0
cloudburst,29,0,29
peacekeep,29,25,4
slimi,29,2,27
hardw,29,1,28
onal,29,11,18
kuerzer,29,3,26
biddi,29,7,22
casari,29,29,0
pharaoh,29,12,17
mico,29,7,22
zia,29,28,1
xmlchar,29,29,0
xmpp,29,27,2
colder,29,23,6
tessi,29,29,0
barrow,29,12,17
rutin,29,1,28
oscil,29,15,14
piscina,29,0,29
estrang,29,17,12
gestern,29,7,22
whatladi,29,0,29
nda,29,20,9
sudoku,29,28,1
blacksburg,29,29,0
tpm,29,7,22
herum,29,0,29
jockey,29,21,8
pueda,29,5,24
indec,29,20,9
denunci,29,9,20
faraway,29,27,2
booti,29,15,14
qualcomm,29,17,12
ecol,29,13,16
fud,29,26,3
esophag,29,0,29
genesi,29,17,12
stow,29,22,7
kubica,29,18,11
thejoin,29,0,29
earnestli,29,5,24
coa,29,23,6
classobj,29,29,0
mediev,29,16,13
mag,29,8,21
soonest,29,4,25
occipit,29,0,29
ioplex,28,28,0
swan,28,9,19
seescapenumb,28,18,10
bescapenumberd,28,5,23
sfo,28,28,0
pollock,28,17,11
avion,28,6,22
getacl,28,28,0
authlibdir,28,28,0
taka,28,19,9
sideeffect,28,3,25
aphrodisia,28,0,28
daimler,28,12,16
maptool,28,28,0
mrmt,28,0,28
abridg,28,12,16
exet,28,22,6
xslt,28,22,6
granddaught,28,12,16
robmcg,28,28,0
atyp,28,17,11
doveki,28,0,28
retrac,28,19,9
essai,28,27,1
memoria,28,4,24
outpost,28,23,5
mlogl,28,28,0
heller,28,24,4
callaftermov,28,28,0
bantu,28,1,27
sarco,28,28,0
swisher,28,27,1
nowhttp,28,0,28
rockefel,28,14,14
buen,28,5,23
uescapenumberz,28,0,28
precursor,28,14,14
abramoff,28,28,0
bundi,28,4,24
rummag,28,13,15
stove,28,5,23
matttest,28,28,0
avista,28,28,0
platter,28,18,10
stoni,28,6,22
datren,28,28,0
fioat,28,0,28
yvonn,28,18,10
guerrero,28,24,4
caba,28,0,28
billboard,28,13,15
prefixpath,28,28,0
isoescapenumb,28,27,1
clergyman,28,1,27
differfront,28,0,28
solitud,28,2,26
lcrypt,28,28,0
deathb,28,6,22
granni,28,17,11
coldli,28,2,26
groupmap,28,28,0
wellington,28,22,6
horserac,28,27,1
candac,28,12,16
centernbsp,28,0,28
rndchar,28,0,28
pli,28,9,19
opl,28,17,11
lao,28,11,17
fmc,28,23,5
cuyo,28,9,19
clorox,28,0,28
escapenumbercimg,28,0,28
crohn,28,4,24
coloss,28,8,20
escapenumberbn,28,28,0
rsvgtipsdevic,28,28,0
paramo,28,28,0
ou,28,3,25
yearend,28,28,0
muito,28,1,27
nder,28,14,14
gaseou,28,4,24
estilo,28,1,27
clyde,28,11,17
iplist,28,28,0
swaim,28,28,0
burdensom,28,9,19
renaud,28,26,2
chesapeak,28,17,11
cleft,28,0,28
ellipsoid,28,4,24
smyrnian,28,0,28
webinar,28,17,11
travail,28,8,20
columnb,28,28,0
teamwork,28,24,4
cnico,28,5,23
seppi,28,28,0
previo,28,2,26
findnss,28,28,0
ludicr,28,17,11
unison,28,0,28
keylen,28,28,0
subdata,28,28,0
dap,28,19,9
ueberzeugend,28,0,28
kindest,28,8,20
mydf,28,28,0
cccccc,28,17,11
borough,28,12,16
vale,28,12,16
lawdban,28,0,28
erfordert,28,0,28
bcast,28,28,0
ough,28,10,18
pedimo,28,2,26
backupbasedir,28,28,0
ean,28,18,10
crp,28,0,28
elsi,28,13,15
bodisen,28,0,28
maloney,28,17,11
dcrescapenumb,28,0,28
sheppard,28,18,10
diaper,28,7,21
dignifi,28,6,22
benz,28,4,24
formail,28,28,0
parrinello,28,28,0
apapl,28,0,28
netfon,28,0,28
fromhttp,28,0,28
astut,28,6,22
gurante,28,3,25
myminregstr,28,28,0
totalment,28,2,26
argonn,28,23,5
durchdacht,28,0,28
yeager,28,20,8
emmi,28,20,8
associa,28,27,1
hanna,28,10,18
barricad,28,7,21
pulitz,28,21,7
uninstallbin,28,28,0
swann,28,26,2
abbi,28,12,16
slaptest,28,28,0
valet,28,13,15
dsa,28,23,5
myx,28,28,0
lifelong,28,11,17
atenc,28,8,20
penetrationsr,28,0,28
crossov,28,11,17
hangov,28,2,26
amir,28,15,13
deutschen,28,4,24
gottspon,28,28,0
irreplac,28,21,7
runway,28,25,3
ueberal,28,1,27
grandpar,28,11,17
smuggler,28,27,1
palabra,28,3,25
raytheon,28,23,5
stockbrok,28,11,17
canadianpharm,28,0,28
handheldm,28,0,28
rehears,28,16,12
escapenumberfkdc,28,28,0
draper,28,19,9
strncpi,28,26,2
abecedarian,28,8,20
chk,28,26,2
saturn,28,17,11
pt,28,22,6
imparti,28,9,19
stave,28,18,10
hagen,28,19,9
fcrich,28,28,0
governsid,28,28,0
puni,28,21,7
tenuat,28,0,28
upturn,28,10,18
galvan,28,18,10
toledo,28,12,16
ge,28,14,14
panicki,28,2,26
medida,28,13,15
claday,28,28,0
wefa,28,28,0
gineer,28,28,0
hoist,28,15,13
ionamin,28,0,28
hippolyt,28,0,28
multilin,28,27,1
deanna,28,10,18
botnet,28,28,0
wield,28,20,8
crux,28,17,11
enfant,28,2,26
flextra,28,0,28
chromium,28,1,27
wbu,28,0,28
installlibcmd,28,28,0
dort,28,18,10
cfe,28,27,1
cheng,28,13,15
recurr,28,19,9
xoxo,28,24,4
maynard,28,15,13
listsugar,28,27,1
shaggi,28,2,26
arent,28,1,27
yaound,28,22,6
xul,28,28,0
intelectu,28,28,0
vowel,28,1,27
onderwerp,28,27,1
livesci,28,9,19
ivivi,28,6,22
acropoli,28,17,11
bedim,28,0,28
pundit,28,17,11
transluc,28,25,3
ursin,28,0,28
hellman,28,26,2
eecc,28,28,0
honeywel,28,8,20
curact,28,28,0
stratu,28,28,0
catapult,28,11,17
vigra,28,0,28
ballplay,28,1,27
erequest,28,28,0
pareto,28,25,3
erreichten,28,0,28
floatval,28,28,0
rubat,28,28,0
patholog,28,12,16
priori,28,16,12
esgic,28,0,28
escapenumbermillion,28,11,17
lexpad,28,28,0
deve,28,12,16
linkcit,28,2,26
skg,28,28,0
aescapenumberp,28,2,26
espous,28,9,19
mclean,28,19,9
languish,28,14,14
ick,28,14,14
cxescapenumb,28,1,27
astigmat,28,0,28
unfairli,28,26,2
boluescapenumb,28,28,0
simplif,28,23,5
dobe,28,2,26
cesar,28,5,23
shutter,28,11,17
unmanagedstruct,28,28,0
pdffile,28,28,0
canist,28,15,13
zu,28,20,8
suqgest,28,0,28
skelaxin,28,0,28
nextpart,28,3,25
proportion,28,20,8
copytalk,28,0,28
avalanch,28,7,21
fallaci,28,11,17
nicholaa,28,1,27
opportunist,28,19,9
akron,28,20,8
venn,28,26,2
brillianc,28,5,23
escapenumberctd,28,0,28
avow,28,1,27
backspac,28,15,13
endlessli,28,3,25
marqu,28,16,12
midwiferi,28,0,28
infiniband,28,28,0
flexeril,28,0,28
quando,28,3,25
moval,28,0,28
livecd,28,27,1
bitterli,28,11,17
evra,28,0,28
bescapenumberp,28,1,27
johnlans,28,0,28
mot,28,8,20
thimbl,28,16,12
fffont,28,0,28
elektro,28,25,3
preprocess,28,28,0
sala,28,11,17
frist,28,26,2
gpsi,28,0,28
clump,28,7,21
fume,28,14,14
msgid,28,25,3
underst,28,23,5
sund,28,28,0
narcot,28,4,24
cramp,28,15,13
ritchi,28,21,7
nucleic,28,1,27
newsstand,28,12,16
hump,28,15,13
orthodont,28,21,7
malawi,28,24,4
indigen,28,16,12
classschema,28,28,0
bungalow,28,4,24
aescapenumbers,28,26,2
antic,28,9,19
munk,28,28,0
undeliv,28,4,24
dhaka,28,28,0
redraft,28,28,0
ologiqu,28,28,0
catv,28,0,28
fluent,28,18,10
portz,28,28,0
cupboard,28,2,26
bayport,28,9,19
putenv,28,28,0
invstment,28,0,28
bussel,28,28,0
dominican,28,16,12
mora,28,22,6
geir,28,28,0
hornet,28,13,15
coli,28,24,4
trough,28,19,9
dce,28,24,4
realmoney,28,28,0
parrotio,28,28,0
wdeclar,28,28,0
recdesc,28,28,0
concoct,28,0,28
hlavati,28,28,0
groin,28,12,16
triphasil,28,0,28
heip,28,0,28
eachlak,28,0,28
cryptogram,28,3,25
tern,28,22,6
seulement,28,5,23
dugan,28,2,26
briefcas,28,10,18
ptrtype,28,28,0
biblic,28,7,21
grocer,28,8,20
depp,28,26,2
fiuctuat,28,0,28
gbm,28,28,0
testcal,28,28,0
steward,28,11,17
sheik,28,14,14
winn,28,7,21
stengel,28,28,0
cpcvpm,28,28,0
decompos,28,8,20
fido,28,22,6
djcustomclip,28,28,0
cctype,28,28,0
zebut,28,0,28
xspline,28,28,0
madli,28,1,27
si,28,12,16
crate,28,18,10
charad,28,4,24
relent,28,11,17
moneyback,28,0,28
goodretailguid,28,0,28
dynamik,28,0,28
pilgrim,28,10,18
devicepath,28,28,0
billina,28,0,28
burchfield,28,28,0
vapor,28,5,23
luego,28,13,15
libor,28,27,1
graci,28,24,4
hopley,28,28,0
ssen,28,20,8
rins,28,1,27
fisharerojo,28,28,0
vertriebsloesungen,28,0,28
tenn,28,28,0
adel,28,10,18
profus,28,0,28
gono,28,28,0
linkmodul,28,28,0
ket,28,19,9
thenc,28,0,28
ttt,28,25,3
mors,28,18,10
extdn,28,28,0
eronn,28,28,0
ghetto,28,2,26
trochta,28,28,0
nunca,28,6,22
deplor,28,10,18
ecthou,28,28,0
vertragsprodukten,28,0,28
gm,28,25,3
viceroy,27,0,27
calvert,27,12,15
linwood,27,1,26
intrest,27,5,22
knowledgetre,27,27,0
aescapenumberv,27,1,26
schafer,27,17,10
paleologo,27,27,0
iba,27,7,20
cit,27,14,13
dickson,27,17,10
braid,27,2,25
hobbl,27,13,14
patsi,27,15,12
sysvol,27,27,0
duchess,27,4,23
aoescapenumberfvzsz,27,27,0
basel,27,15,12
fof,27,18,9
downtim,27,19,8
wherein,27,12,15
neurolog,27,11,16
dispinfo,27,27,0
hadnt,27,0,27
brisk,27,4,23
wpd,27,26,1
magician,27,7,20
comptrol,27,13,14
kirsten,27,25,2
karolin,27,27,0
stmvar,27,27,0
hashrecord,27,27,0
sharyn,27,26,1
npc,27,26,1
javelin,27,12,15
aint,27,7,20
uidtonam,27,27,0
tck,27,27,0
celular,27,6,21
lnstant,27,0,27
irrig,27,8,19
freshest,27,1,26
investigacion,27,16,11
martian,27,1,26
godpar,27,0,27
bookcas,27,6,21
incestu,27,0,27
congratulatori,27,2,25
dugout,27,8,19
guaaraante,27,0,27
flist,27,27,0
zlab,27,27,0
darrin,27,22,5
havebzr,27,27,0
rocker,27,18,9
oke,27,10,17
medicina,27,13,14
administraci,27,2,25
unav,27,27,0
referencia,27,3,24
nite,27,11,16
infom,27,17,10
dant,27,4,23
eum,27,1,26
cicada,27,19,8
rozen,27,27,0
guillermo,27,21,6
hsieh,27,27,0
amerada,27,19,8
clientel,27,3,24
poston,27,27,0
elpaso,27,26,1
renc,27,17,10
aloha,27,6,21
mathwork,27,27,0
magna,27,20,7
deruescapenumb,27,27,0
coma,27,9,18
sani,27,0,27
dowel,27,18,9
miltinho,27,27,0
myfunct,27,27,0
goodguy,27,27,0
bergwat,27,0,27
pml,27,25,2
stuffi,27,1,26
miieston,27,0,27
irm,27,8,19
lrc,27,27,0
empt,27,21,6
expend,27,11,16
wanadoo,27,0,27
putnam,27,21,6
oblivion,27,2,25
confeder,27,11,16
edici,27,2,25
demagnifi,27,0,27
bioshield,27,0,27
pvt,27,11,16
axiom,27,5,22
montovano,27,27,0
lathyru,27,0,27
bcmescapenumberxx,27,27,0
biood,27,0,27
afactor,27,27,0
comwww,27,0,27
mistook,27,4,23
briar,27,11,16
demarc,27,14,13
watc,27,0,27
droplinegnom,27,27,0
ppescapenumb,27,9,18
poetic,27,8,19
mailivis,27,0,27
allegi,27,6,21
stmlog,27,27,0
artichok,27,11,16
burt,27,11,16
congresso,27,0,27
googlemail,27,27,0
curkey,27,27,0
titular,27,10,17
ubiqu,27,19,8
prognos,27,6,21
afar,27,4,23
unchristian,27,0,27
recompens,27,3,24
poulhet,27,0,27
sextuplet,27,20,7
jock,27,20,7
wct,27,26,1
bzescapenumb,27,25,2
guam,27,13,14
epithet,27,3,24
ching,27,20,7
zug,27,3,24
hasselbeck,27,27,0
elemento,27,5,22
shitov,27,27,0
sba,27,7,20
marrow,27,7,20
scottsdal,27,6,21
dcenter,27,0,27
llodra,27,27,0
uol,27,1,26
repr,27,14,13
invite,27,22,5
rican,27,6,21
soundcard,27,24,3
longz,27,0,27
leigh,27,18,9
silverman,27,24,3
hither,27,0,27
mcp,27,27,0
clarenc,27,11,16
mond,27,22,5
farina,27,20,7
fledg,27,15,12
droll,27,1,26
cursori,27,18,9
rockhard,27,0,27
wserv,27,27,0
bringtotop,27,27,0
societ,27,9,18
convoy,27,11,16
gst,27,26,1
fnscale,27,27,0
neilson,27,27,0
interessieren,27,3,24
hayslett,27,27,0
sag,27,14,13
nutriti,27,2,25
realnetwork,27,2,25
shortiy,27,0,27
pcworld,27,27,0
reck,27,24,3
audibl,27,10,17
haarder,27,0,27
uniformli,27,24,3
breviti,27,15,12
gre,27,11,16
deduc,27,8,19
wilmington,27,18,9
stsd,27,27,0
novedad,27,6,21
naturopath,27,7,20
tdbfile,27,27,0
mapper,27,26,1
seduc,27,7,20
ibv,27,24,3
estamo,27,6,21
mcmc,27,27,0
mahalanobi,27,27,0
equivil,27,1,26
chanley,27,27,0
compassion,27,9,18
rewrot,27,24,3
winni,27,13,14
considera,27,12,15
unhealthi,27,17,10
fiesta,27,7,20
rri,27,20,7
rmaci,27,0,27
porno,27,3,24
trident,27,7,20
ccprivacypolici,27,26,1
unsupport,27,23,4
belittl,27,7,20
ifconfig,27,17,10
mayfield,27,24,3
telegram,27,12,15
elijah,27,1,26
lum,27,1,26
rescapenumberp,27,0,27
nmath,27,27,0
continua,27,2,25
diyala,27,19,8
cohort,27,17,10
kayak,27,20,7
roundworm,27,0,27
gull,27,1,26
emap,27,0,27
bbcescapenumb,27,27,0
immers,27,14,13
violet,27,4,23
swescapenumb,27,16,11
elk,27,11,16
revit,27,16,11
adjrescapenumb,27,27,0
hun,27,1,26
iniqu,27,2,25
diamondflo,27,0,27
pollster,27,25,2
deru,27,27,0
runoff,27,21,6
ninguna,27,4,23
ripen,27,3,24
gallantri,27,0,27
protecci,27,12,15
daschl,27,25,2
strlower,27,27,0
remix,27,20,7
contagi,27,12,15
benevid,27,27,0
fia,27,0,27
introducci,27,0,27
waverley,27,25,2
benchopen,27,27,0
babysitt,27,13,14
freelotto,27,0,27
happenst,27,2,25
stratusandtheswirl,27,27,0
fnmatch,27,27,0
emori,27,15,12
aspecto,27,7,20
comun,27,7,20
disposa,27,0,27
timberland,27,5,22
prise,27,7,20
transmut,27,0,27
jaguar,27,7,20
espanol,27,6,21
locktest,27,27,0
brunch,27,13,14
keyinfo,27,27,0
industrial,27,24,3
darlen,27,20,7
bigfloat,27,27,0
newsblog,27,26,1
cllick,27,0,27
ndrdump,27,27,0
texhash,27,27,0
monti,27,19,8
agel,27,0,27
lec,27,4,23
morass,27,4,23
subpath,27,27,0
gdata,27,27,0
onth,27,14,13
diver,27,15,12
nader,27,27,0
squir,27,3,24
eldavojohn,27,27,0
infra,27,7,20
nucleo,27,16,11
jani,27,23,4
elus,27,13,14
geller,27,27,0
labdsv,27,27,0
unquestion,27,6,21
ced,27,7,20
bullock,27,9,18
goksi,27,27,0
slescapenumb,27,24,3
pore,27,16,11
kite,27,8,19
releg,27,25,2
birch,27,11,16
cduoescapenumb,27,0,27
multisub,27,27,0
btamail,27,0,27
yachtmast,27,0,27
spect,27,15,12
lowel,27,16,11
htmlparseinfo,27,27,0
chp,27,27,0
homemad,27,11,16
nit,27,10,17
tesla,27,24,3
loadnamespac,27,27,0
smitten,27,0,27
ftabl,27,27,0
useabl,27,25,2
pun,27,10,17
crappi,27,7,20
ropec,27,0,27
ert,27,3,24
collegebasketbal,27,27,0
tramp,27,1,26
tuft,27,16,11
enarg,27,0,27
liberian,27,6,21
gef,27,11,16
prim,27,8,19
gin,27,4,23
eroeffnung,27,1,26
skirmish,27,12,15
livr,27,7,20
boyer,27,24,3
cogniz,27,6,21
geof,27,27,0
caff,27,4,23
recklessli,27,4,23
escapenumberarg,27,0,27
lebeau,27,27,0
hkviagra,27,1,26
piazza,27,15,12
berth,27,12,15
strtok,27,27,0
anthropomorph,27,0,27
sidescapenumbergid,27,27,0
somat,27,0,27
neuro,27,9,18
vermeer,27,26,1
ziplip,27,26,1
llcens,27,0,27
crumb,27,1,26
ister,27,5,22
nuc,27,25,2
mikey,27,27,0
canton,27,11,16
policeman,27,5,22
bednarz,27,27,0
unl,27,19,8
velopp,27,27,0
feverish,27,5,22
idc,27,7,20
ranlib,27,27,0
bancroft,27,5,22
cfa,27,25,2
opcion,27,0,27
displeasur,27,3,24
antagonist,27,10,17
stratifi,27,24,3
wien,27,26,1
aronowitz,27,27,0
philanthrop,27,11,16
shouldgrass,27,0,27
shuffleescapenumb,27,27,0
tdbname,27,27,0
rnescapenumb,27,3,24
gama,27,0,27
checkhttp,27,0,27
apacheescapenumb,27,27,0
shaffer,27,20,7
eix,27,26,1
wollen,27,6,21
costilla,27,27,0
annett,27,12,15
reentrant,27,21,6
alfonsi,27,27,0
homeiand,27,0,27
bjoern,27,26,1
estructura,27,4,23
ufc,27,14,13
capon,27,23,4
dandi,27,2,25
viiagrra,27,0,27
omin,27,12,15
nepal,27,13,14
bmp,27,20,7
rtf,27,23,4
a,27,6,21
hera,27,17,10
galapago,27,23,4
overzeal,27,2,25
unrestrict,27,19,8
pasado,27,23,4
miriam,27,18,9
experto,27,13,14
sunbeam,27,21,6
vigramax,27,2,25
lionel,27,8,19
hocu,27,16,11
cyc,27,18,9
cr,27,11,16
menopaus,27,13,14
datatyp,27,27,0
saskatchewan,27,6,21
nexium,27,0,27
ura,27,0,27
metropoli,27,18,9
microarray,27,24,3
viva,27,7,20
creatinq,27,0,27
gpr,27,25,2
parsimoni,27,14,13
gush,27,4,23
nsiwebbrows,27,27,0
thestreet,27,25,2
coreescapenumb,27,13,14
teleflex,27,27,0
uecker,27,27,0
testaclescapenumb,27,27,0
mythic,27,3,24
xix,27,10,17
amonqth,27,0,27
credul,27,2,25
dhave,27,27,0
countrysid,27,13,14
ccp,27,26,1
stevenmh,27,27,0
seau,27,20,7
parenthood,27,23,4
saharan,27,25,2
norfolk,27,17,10
pana,27,26,1
whappl,27,27,0
convalesc,27,1,26
daugherti,27,14,13
maxit,27,27,0
newborn,27,21,6
someplac,27,15,12
quelqu,27,14,13
dungeon,27,9,18
kazub,27,0,27
tome,27,16,11
instail,27,0,27
bloss,26,0,26
hostent,26,26,0
pmcproxi,26,26,0
outro,26,4,22
debootstrap,26,26,0
percel,26,26,0
maurer,26,22,4
dorwin,26,4,22
edwin,26,13,13
booz,26,12,14
audiovisu,26,4,22
unimpl,26,26,0
insuranceiq,26,0,26
ool,26,0,26
suni,26,19,7
embarass,26,4,22
higg,26,13,13
datastructur,26,26,0
kilometr,26,16,10
koo,26,14,12
mcginni,26,14,12
aunqu,26,17,9
francoi,26,20,6
anr,26,20,6
apposit,26,2,24
fte,26,13,13
sunwin,26,0,26
westwood,26,4,22
hereund,26,15,11
genierc,26,0,26
heiligendamm,26,25,1
errgener,26,26,0
pigment,26,5,21
dsescapenumb,26,15,11
lastnam,26,25,1
sttc,26,0,26
austinr,26,0,26
goudstikk,26,26,0
exclusivo,26,2,24
ermoeglichen,26,0,26
vika,26,26,0
embroil,26,12,14
pittsburg,26,2,24
unsurpass,26,0,26
resurg,26,9,17
firearm,26,12,14
sunsail,26,26,0
csnd,26,26,0
hazel,26,6,20
aster,26,5,21
shinawatra,26,17,9
allberi,26,26,0
pccreturn,26,26,0
cmiller,26,26,0
shrivastava,26,26,0
causat,26,4,22
murtha,26,24,2
angelo,26,11,15
unpatch,26,17,9
knoxvil,26,18,8
hendrik,26,26,0
servernam,26,25,1
olympia,26,20,6
if,26,22,4
tecnologia,26,1,25
entangl,26,17,9
vilhjalmur,26,1,25
shl,26,4,22
ivi,26,17,9
formatc,26,26,0
hamlet,26,0,26
passcod,26,26,0
dlescapenumb,26,20,6
esoter,26,13,13
lisi,26,10,16
pediment,26,1,25
yeow,26,26,0
jacquelyn,26,23,3
gsa,26,12,14
beirut,26,17,9
edenescapenumb,26,0,26
hklm,26,26,0
overdon,26,11,15
eex,26,26,0
vestment,26,5,21
hemo,26,4,22
dlscreet,26,0,26
alga,26,1,25
cervix,26,12,14
concili,26,16,10
deber,26,3,23
hoa,26,25,1
clevelandart,26,26,0
choi,26,24,2
sten,26,24,2
debrief,26,12,14
hue,26,10,16
jarrett,26,17,9
aescapenumbero,26,0,26
francia,26,21,5
asst,26,22,4
merlin,26,20,6
soescapenumb,26,23,3
tub,26,8,18
dein,26,8,18
pmichaud,26,26,0
chiffr,26,26,0
opp,26,10,16
crtc,26,0,26
pob,26,19,7
escapenumberftdb,26,26,0
drn,26,26,0
shabbi,26,2,24
overwritten,26,24,2
groov,26,6,20
weber,26,15,11
rupe,26,21,5
executor,26,3,23
conduc,26,6,20
perro,26,0,26
olshanski,26,26,0
newel,26,14,12
benchlock,26,26,0
mali,26,16,10
twit,26,1,25
burnish,26,3,23
voiceless,26,0,26
drake,26,11,15
dhcprequest,26,26,0
bragg,26,6,20
moshou,26,26,0
bib,26,13,13
mdata,26,26,0
longbourn,26,1,25
exasper,26,4,22
ipaq,26,13,13
banqu,26,8,18
guis,26,17,9
biblioteca,26,11,15
burlingam,26,1,25
majest,26,3,23
squeaki,26,4,22
yosemit,26,23,3
comit,26,9,17
afterthought,26,7,19
postdoctor,26,22,4
cockcrow,26,0,26
aquariu,26,0,26
lkl,26,24,2
iwon,26,23,3
ve,26,10,16
unbeliv,26,0,26
ncftp,26,26,0
methodnam,26,26,0
galleria,26,24,2
turbotax,26,24,2
grimli,26,0,26
adobechoos,26,0,26
microsoftchoos,26,0,26
clueless,26,23,3
barrymor,26,18,8
doorsymbol,26,0,26
mkescapenumberi,26,25,1
setparm,26,25,1
gdat,26,26,0
pretens,26,2,24
backtrack,26,17,9
overtur,26,15,11
strangl,26,13,13
verit,26,8,18
generlc,26,0,26
zcol,26,23,3
ptoken,26,26,0
versac,26,1,25
worlds,26,0,26
lens,26,8,18
hoo,26,19,7
ttl,26,23,3
anchorag,26,6,20
swoop,26,12,14
latina,26,16,10
factescapenumb,26,26,0
exhibitor,26,7,19
mischief,26,1,25
gao,26,17,9
packer,26,19,7
signeg,26,26,0
prairi,26,16,10
eureka,26,7,19
uss,26,9,17
downplay,26,18,8
militar,26,11,15
southerli,26,26,0
outputescapenumb,26,26,0
anarchi,26,11,15
asu,26,15,11
cori,26,19,7
dbid,26,26,0
bighorn,26,1,25
assinatura,26,1,25
tdbpack,26,26,0
dilat,26,0,26
emailbcc,26,26,0
maximis,26,25,1
shaun,26,10,16
ereect,26,0,26
purch,26,11,15
presser,26,24,2
tdp,26,0,26
nm,26,26,0
denud,26,0,26
personag,26,4,22
lfirst,26,26,0
sbc,26,25,1
rebelli,26,2,24
peninsula,26,15,11
cmdscale,26,26,0
bolsa,26,4,22
bulldoz,26,9,17
carti,26,2,24
netmus,26,0,26
tark,26,26,0
chaperon,26,3,23
statsescapenumb,26,26,0
benn,26,14,12
monsieur,26,4,22
patrimoni,26,16,10
beh,26,4,22
electro,26,5,21
emailfrom,26,26,0
jpmorgan,26,24,2
itemescapenumb,26,26,0
firenz,26,24,2
burl,26,6,20
hollist,26,7,19
commensur,26,5,21
solchem,26,0,26
workdir,26,26,0
lpq,26,22,4
ei,26,16,10
glaxosmithklin,26,24,2
her,26,20,6
mato,26,23,3
rowescapenumb,26,26,0
syring,26,1,25
voium,26,0,26
imageescapenumb,26,6,20
yianni,26,26,0
blender,26,19,7
polem,26,1,25
bobbin,26,0,26
genoud,26,26,0
ipe,26,26,0
usman,26,7,19
bmc,26,25,1
bladder,26,13,13
vinci,26,16,10
debunk,26,15,11
warf,26,25,1
submethod,26,26,0
kaddr,26,26,0
hindranc,26,11,15
rebutt,26,21,5
cerberu,26,10,16
pavlovitch,26,0,26
ritter,26,17,9
springmailsit,26,0,26
amin,26,11,15
embanet,26,26,0
yorkshir,26,16,10
lioler,26,0,26
segunda,26,14,12
confianc,26,0,26
tentacl,26,8,18
straightth,26,0,26
choppi,26,18,8
getpwuid,26,26,0
virginica,26,26,0
refwork,26,26,0
conscienti,26,4,22
svnanon,26,26,0
migrant,26,20,6
walc,26,26,0
confusingli,26,26,0
tescapenumberday,26,0,26
inscript,26,10,16
deiray,26,0,26
avastin,26,26,0
vibrant,26,18,8
escapenumberfutil,26,26,0
worrisom,26,22,4
hoover,26,14,12
gesellschaften,26,3,23
prelim,26,26,0
pamphlet,26,5,21
subgroup,26,20,6
prepost,26,25,1
audaci,26,15,11
domenico,26,17,9
adversari,26,13,13
sidestep,26,11,15
sshd,26,25,1
vinobi,26,0,26
escapenumberem,26,3,23
falta,26,10,16
counterproduct,26,15,11
eassey,26,26,0
ldbbrows,26,26,0
smbcacl,26,26,0
imagehost,26,5,21
pancanadian,26,26,0
louder,26,14,12
synops,26,20,6
counterclaim,26,26,0
aaaaaa,26,20,6
smbescapenumberacl,26,26,0
wrench,26,16,10
mcallist,26,1,25
kyl,26,21,5
gregor,26,17,9
elat,26,6,20
mulch,26,3,23
misstat,26,26,0
fingernail,26,4,22
gripe,26,15,11
economia,26,2,24
dati,26,19,7
westward,26,13,13
tradestar,26,0,26
uninstallmodul,26,26,0
foresight,26,8,18
dobbin,26,5,21
helmet,26,9,17
realsportsworld,26,0,26
systcom,26,0,26
andrzej,26,26,0
deboisblanc,26,26,0
breathless,26,1,25
saen,26,26,0
libel,26,12,14
iplacereport,26,0,26
oftwar,26,0,26
msw,26,18,8
inertia,26,15,11
chalcocit,26,0,26
beng,26,0,26
emailto,26,26,0
webscr,26,0,26
sigpo,26,26,0
irremov,26,0,26
designe,26,26,0
ternari,26,22,4
allyourstonight,26,0,26
burgher,26,12,14
nigh,26,6,20
sortabl,26,0,26
infuri,26,14,12
entstehen,26,0,26
awri,26,12,14
aescapenumberat,26,0,26
blanca,26,17,9
finch,26,3,23
cladist,26,2,24
lipa,26,26,0
damit,26,6,20
outstandinq,26,0,26
dosemu,26,26,0
supernova,26,17,9
tallahasse,26,19,7
gruesom,26,8,18
sso,26,20,6
carlton,26,11,15
aco,26,3,23
searchabl,26,13,13
sonia,26,18,8
abscissa,26,9,17
unspeak,26,3,23
biotechnoiogi,26,0,26
eden,26,13,13
nibbl,26,10,16
svrescapenumb,26,26,0
bonfir,26,5,21
marx,26,8,18
keyhol,26,1,25
bois,26,9,17
luz,26,5,21
cavalri,26,6,20
internacional,26,7,19
ruser,26,26,0
onboard,26,17,9
bescapenumberu,26,0,26
holt,26,11,15
mateescapenumb,26,0,26
wildest,26,2,24
diskett,26,11,15
escapenumbergufftj,26,0,26
laboratorio,26,2,24
audi,26,18,8
sciview,26,26,0
theregist,26,26,0
sivasakthi,26,26,0
infantil,26,2,24
ucrit,26,26,0
lateiy,26,0,26
menor,26,8,18
lolita,26,2,24
varou,26,0,26
tdbkey,26,26,0
nopr,26,26,0
artemi,26,12,14
carcentr,26,0,26
centrica,26,26,0
mirael,26,0,26
stocrin,26,26,0
quadrant,26,0,26
isfiv,26,0,26
cescapenumberf,26,1,25
oge,26,26,0
nxescapenumb,26,3,23
iescapenumbern,26,25,1
showroom,26,9,17
teb,26,23,3
ssa,26,11,15
betraegt,26,0,26
vinson,26,19,7
optinrealbig,26,0,26
parasit,26,13,13
shoal,26,13,13
sdfuoisduf,26,0,26
mydir,26,26,0
arfsten,26,26,0
insidescoop,26,26,0
limeston,26,12,14
tikid,26,26,0
oakmont,26,26,0
diatom,26,0,26
gibbon,26,11,15
brodick,26,0,26
mydat,26,26,0
sena,26,24,2
woid,26,26,0
donn,26,14,12
addi,26,6,20
morgen,26,2,24
moussa,26,1,25
tanner,26,13,13
nitpick,26,22,4
expediti,26,10,16
extinguish,26,10,16
unaid,26,19,7
elut,26,2,24
verdur,26,1,25
brazen,26,13,13
truce,26,11,15
enclav,26,16,10
spate,26,22,4
chug,26,1,25
previousiy,26,0,26
tilney,26,26,0
artisan,26,2,24
fest,26,11,15
annq,26,0,26
culver,26,9,17
senay,26,26,0
tectiv,26,25,1
protoobject,26,26,0
joyou,26,1,25
unintent,26,21,5
trilog,26,19,7
marvelloul,26,0,26
tentlap,26,0,26
submerg,26,10,16
padilla,26,25,1
anton,26,6,20
lgb,26,1,25
watchmak,26,0,26
sendto,26,25,1
cheesi,26,5,21
drugescapenumb,26,26,0
unclean,26,9,17
bertil,26,26,0
frontera,26,25,1
sweetheart,26,8,18
cowtrap,26,26,0
bovin,26,1,25
lantern,26,1,25
prelud,26,15,11
opportunit,26,15,11
gimmick,26,11,15
eescapenumberl,26,21,5
ream,26,11,15
juliet,26,11,15
firmer,26,7,19
fijo,26,1,25
willow,26,19,7
gaylard,26,26,0
assidu,26,2,24
wigan,26,25,1
unfit,26,6,20
mdn,26,26,0
kivlighn,26,26,0
cro,26,14,12
crescendo,26,16,10
apathi,26,8,18
netmask,26,20,6
conqueror,26,3,23
therefor,26,4,22
dreamer,26,7,19
unplug,26,19,7
xim,26,0,26
intemper,26,0,26
cackl,26,1,25
pmatch,26,26,0
satin,26,2,24
hydropow,26,25,1
kroft,26,26,0
aiocb,26,26,0
nescapenumbern,26,0,26
councilman,26,9,17
puedan,26,3,23
traitor,26,3,23
otter,26,11,15
aerodynam,26,13,13
effet,26,8,18
greenwich,26,18,8
trabajar,26,2,24
cil,26,7,19
insuper,26,6,20
planembark,26,0,26
gland,26,3,23
dahl,26,12,14
pherl,26,0,26
storytel,26,20,6
shockwav,26,14,12
hurley,26,5,21
reyna,26,17,9
hacerlo,26,11,15
pacbel,25,0,25
protract,25,13,12
virtuaiiy,25,0,25
moduleescapenumb,25,25,0
maverick,25,18,7
hydra,25,2,23
xlsolut,25,25,0
reced,25,14,11
spime,25,25,0
armen,25,24,1
escapenumbermhz,25,21,4
spamcop,25,17,8
charilao,25,25,0
eg,25,17,8
inroad,25,9,16
pseg,25,25,0
wbret,25,25,0
refina,25,0,25
postion,25,17,8
wstrict,25,25,0
proje,25,3,22
zhendong,25,25,0
isella,25,25,0
rdnattid,25,25,0
brighton,25,11,14
unitaid,25,25,0
saran,25,1,24
styllsh,25,0,25
ester,25,7,18
duff,25,17,8
tten,25,17,8
doherti,25,7,18
burberri,25,7,18
bethea,25,0,25
cellulos,25,12,13
aplicaci,25,1,24
dlsym,25,25,0
libpath,25,25,0
manger,25,18,7
keoni,25,25,0
datplot,25,25,0
mmm,25,21,4
silverlight,25,25,0
vandenberg,25,1,24
cen,25,22,3
strftime,25,25,0
calf,25,9,16
blandford,25,24,1
epitom,25,4,21
muzzl,25,10,15
destitut,25,3,22
adip,25,0,25
tranni,25,14,11
nui,25,23,2
requi,25,9,16
circa,25,20,5
afoot,25,3,22
overa,25,0,25
chano,25,25,0
parturi,25,0,25
rootdir,25,25,0
ahh,25,24,1
hungarian,25,9,16
kat,25,18,7
unb,25,24,1
pest,25,7,18
orn,25,18,7
courriel,25,13,12
clarissa,25,23,2
lh,25,25,0
brg,25,25,0
aescapenumberbut,25,0,25
rwanda,25,7,18
getvnnmap,25,25,0
physiqu,25,18,7
cautionari,25,15,10
breen,25,7,18
compton,25,6,19
creacion,25,0,25
rui,25,4,21
nord,25,23,2
teri,25,19,6
eam,25,19,6
rata,25,21,4
boatman,25,9,16
wasp,25,16,9
stri,25,20,5
arson,25,14,11
relaunch,25,21,4
benitez,25,21,4
psalm,25,16,9
leroux,25,8,17
clyatt,25,25,0
workbench,25,21,4
judd,25,17,8
demean,25,7,18
timeleft,25,25,0
dcp,25,0,25
burrough,25,8,17
hoja,25,3,22
fumbl,25,4,21
analysten,25,2,23
ow,25,5,20
woodrow,25,14,11
ond,25,8,17
oryannescapenumb,25,25,0
furor,25,24,1
cyan,25,18,7
npi,25,24,1
recyci,25,0,25
witchcraft,25,9,16
muc,25,10,15
kugel,25,11,14
enqu,25,25,0
pip,25,16,9
sasha,25,10,15
dredg,25,16,9
strachan,25,4,21
incess,25,0,25
bdr,25,23,2
clitori,25,0,25
einmal,25,3,22
babysit,25,2,23
ii,25,9,16
busbi,25,21,4
talon,25,14,11
erworben,25,1,24
uptod,25,10,15
suraj,25,25,0
perspectiva,25,1,24
bere,25,23,2
monoton,25,8,17
ctla,25,0,25
drummond,25,13,12
flamma,25,0,25
cholmod,25,25,0
bowsher,25,25,0
icici,25,23,2
spine,25,10,15
gmain,25,25,0
escapenumberfsetup,25,25,0
elm,25,8,17
leland,25,16,9
anderen,25,16,9
praveen,25,25,0
dla,25,19,6
nielsen,25,19,6
mardi,25,17,8
virtualiy,25,0,25
alland,25,25,0
unmanag,25,11,14
burrow,25,7,18
xattr,25,25,0
batik,25,0,25
excipi,25,0,25
mrd,25,25,0
hbin,25,25,0
uganda,25,20,5
adema,25,1,24
objfoo,25,25,0
coronado,25,14,11
sreenivasan,25,25,0
provo,25,5,20
lif,25,7,18
stet,25,0,25
multibillion,25,20,5
mdq,25,24,1
whither,25,2,23
flutter,25,0,25
northland,25,20,5
sprl,25,2,23
outli,25,18,7
xaxt,25,25,0
oceanographi,25,23,2
thingi,25,22,3
libstdc,25,25,0
cfescapenumb,25,21,4
raisin,25,9,16
gnuc,25,25,0
addendum,25,18,7
seminari,25,5,20
socio,25,7,18
cucumb,25,6,19
kaf,25,24,1
cocina,25,0,25
allus,25,5,20
oakvil,25,8,17
rile,25,24,1
gaff,25,17,8
alejandro,25,12,13
juanita,25,12,13
hyphen,25,12,13
remarket,25,23,2
mxl,25,1,24
myvariablenam,25,25,0
sarray,25,25,0
libpython,25,25,0
resco,25,25,0
mona,25,15,10
luo,25,23,2
fie,25,4,21
manor,25,19,6
unidirect,25,3,22
tuit,25,13,12
dgamma,25,25,0
histrion,25,2,23
worldli,25,2,23
osnam,25,25,0
escapenumberzh,25,22,3
lanka,25,11,14
uphil,25,14,11
fnd,25,24,1
teller,25,14,11
patern,25,15,10
aroma,25,4,21
onload,25,23,2
gmake,25,24,1
pellet,25,5,20
altavista,25,2,23
apri,25,16,9
lutil,25,25,0
netcom,25,12,13
sect,25,13,12
btn,25,12,13
apoio,25,18,7
mo,25,11,14
thesepowerfui,25,0,25
gccescapenumb,25,25,0
quinn,25,14,11
erro,25,20,5
unshift,25,25,0
newx,25,23,2
mattress,25,12,13
grent,25,25,0
crackl,25,4,21
dogmat,25,1,24
ldapdbdir,25,25,0
unaffili,25,11,14
candlestick,25,10,15
powerg,25,25,0
policymak,25,24,1
gutsi,25,18,7
cryptograph,25,16,9
jona,25,11,14
fifa,25,4,21
hoeh,25,1,24
gong,25,4,21
festu,25,3,22
fabl,25,12,13
redeliv,25,25,0
tene,25,3,22
anatawokib,25,0,25
hkbest,25,0,25
impression,25,3,22
dlinklist,25,25,0
abey,25,7,18
mcclain,25,14,11
allianz,25,20,5
crick,25,25,0
sss,25,23,2
mule,25,8,17
lamin,25,6,19
caltrat,25,0,25
eyewar,25,0,25
sharedref,25,25,0
abstain,25,7,18
unsettl,25,11,14
burger,25,20,5
dport,25,25,0
fuera,25,10,15
llescapenumb,25,0,25
weakest,25,14,11
nergi,25,25,0
fo,25,1,24
procedimiento,25,6,19
oxi,25,20,5
frag,25,18,7
opnum,25,25,0
cbtxpress,25,25,0
panton,25,0,25
stamford,25,16,9
konto,25,2,23
goer,25,17,8
tewk,25,25,0
ajust,25,17,8
sizeescapenumb,25,25,0
exogen,25,20,5
frm,25,23,2
obituari,25,6,19
nproc,25,25,0
strauss,25,23,2
directx,25,3,22
barkley,25,24,1
corsican,25,0,25
flatteri,25,7,18
peruvian,25,18,7
ersiti,25,24,1
woodruff,25,18,7
rundown,25,17,8
ihn,25,15,10
stangl,25,24,1
unforeseen,25,14,11
suid,25,25,0
eggplant,25,10,15
behemoth,25,23,2
churchyard,25,1,24
burkina,25,4,21
relacionado,25,11,14
steril,25,9,16
booki,25,7,18
whereabout,25,16,9
uacp,25,0,25
beckett,25,12,13
musica,25,0,25
pkey,25,25,0
lookout,25,14,11
mccabe,25,14,11
inflam,25,8,17
ferrou,25,17,8
tgt,25,23,2
vvatch,25,0,25
kowalk,25,25,0
atkinson,25,10,15
grit,25,8,17
greenpeac,25,18,7
speedili,25,3,22
roundup,25,15,10
halten,25,2,23
waiter,25,13,12
cheri,25,11,14
enf,25,25,0
forcibl,25,8,17
ede,25,21,4
drexel,25,18,7
sympatico,25,4,21
retort,25,5,20
lloydmos,25,0,25
accesd,25,0,25
abbot,25,4,21
autocrat,25,1,24
onlinestatu,25,25,0
ldheatmap,25,25,0
pygam,25,25,0
theolog,25,7,18
amulet,25,5,20
decontrol,25,0,25
radeon,25,20,5
anbar,25,12,13
terr,25,9,16
inhalt,25,6,19
activatian,25,2,23
antisemit,25,0,25
gabbi,25,25,0
tief,25,24,1
cacheprim,25,25,0
mappabl,25,25,0
chu,25,10,15
betsey,25,0,25
agosto,25,1,24
covmat,25,25,0
codein,25,0,25
ttk,25,25,0
yala,25,0,25
krige,25,25,0
eliabl,25,3,22
drawl,25,1,24
priesthood,25,1,24
focal,25,11,14
securitiesact,25,0,25
mung,25,19,6
lc,25,20,5
scholarli,25,13,12
tmz,25,24,1
souvenir,25,8,17
sporad,25,17,8
encumb,25,11,14
ntoa,25,25,0
gamespyid,25,0,25
depioy,25,0,25
clt,25,19,6
bugreport,25,25,0
leroy,25,5,20
amiss,25,2,23
fadv,25,25,0
theyr,25,0,25
getclass,25,24,1
escapenumberthey,25,0,25
sceneri,25,5,20
dominiqu,25,14,11
zzz,25,25,0
breech,25,6,19
pel,25,3,22
umr,25,25,0
sonoma,25,22,3
hwclock,25,25,0
vnocompatwarn,25,25,0
wmur,25,25,0
filtrat,25,3,22
hillsid,25,6,19
interesado,25,1,24
engross,25,0,25
fungu,25,13,12
escapenumberdb,25,14,11
statin,25,14,11
caplan,25,4,21
addin,25,11,14
crc,25,24,1
etruscan,25,17,8
carryov,25,19,6
geschichten,25,3,22
archambault,25,25,0
texi,25,25,0
perrin,25,19,6
pica,25,19,6
invidi,25,0,25
sbse,25,25,0
aiiti,25,0,25
flatul,25,1,24
lume,25,0,25
okla,25,20,5
oksanen,25,25,0
befuddl,25,1,24
depositori,25,10,15
dall,25,20,5
greer,25,15,10
modulu,25,16,9
serpentin,25,2,23
lpg,25,22,3
boredom,25,7,18
eet,25,10,15
cartero,25,0,25
mould,25,4,21
mockeri,25,1,24
grime,25,12,13
mkey,25,25,0
furti,25,25,0
cient,25,12,13
spni,25,0,25
midsess,25,25,0
labb,25,25,0
loft,25,7,18
yolanda,25,21,4
spadea,25,0,25
inactivedestroy,25,25,0
ember,25,6,19
ullish,25,0,25
aquat,25,10,15
admonit,25,7,18
hkperson,25,0,25
valnek,25,25,0
gute,25,5,20
moratorium,25,21,4
insol,25,1,24
diversa,25,7,18
dnescapenumb,25,21,4
qld,25,23,2
btc,25,1,24
sycamor,25,15,10
articlein,25,1,24
baro,25,3,22
tpa,25,24,1
bridgeport,25,6,19
prec,25,23,2
cavort,25,8,17
einmalig,25,6,19
tamper,25,14,11
aescapenumberx,25,3,22
franki,25,5,20
ahmadinejad,25,13,12
fsb,25,6,19
vmdk,25,25,0
cholic,25,0,25
cornerston,25,12,13
incluso,25,11,14
terrac,25,7,18
geco,25,25,0
softviagra,25,0,25
iptv,25,21,4
sil,25,18,7
carbohydr,25,1,24
vlgr,25,0,25
panteen,25,0,25
digress,25,4,21
copula,25,25,0
hoyer,25,11,14
hofdat,25,25,0
redact,25,19,6
buttercup,25,1,24
aoescapenumberfvzwh,25,25,0
chaney,25,20,5
venga,25,1,24
riskwat,25,25,0
tasksel,25,25,0
irst,25,19,6
orkut,25,25,0
tkpt,25,0,25
contrit,25,5,20
yuko,25,7,18
ordain,25,0,25
hord,25,7,18
czi,25,24,1
iaf,25,24,1
snail,25,11,14
comando,25,16,9
evanston,25,5,20
sidescapenumberuid,25,25,0
whisk,25,3,22
multilingu,25,1,24
sycarcentr,25,0,25
wtd,25,24,1
bendix,25,17,8
spew,25,10,15
impacto,25,1,24
fuhlen,25,0,25
budgetari,25,14,11
wolfram,25,24,1
ploy,25,6,19
bakeri,25,7,18
osteoporosi,25,12,13
tci,25,2,23
shenzhen,25,3,22
unqualifi,25,16,9
lightgray,24,24,0
motel,24,12,12
maior,24,4,20
apologet,24,3,21
hideou,24,3,21
spiegel,24,6,18
naivebay,24,24,0
unsaf,24,13,11
tapscott,24,24,0
indow,24,0,24
cnum,24,24,0
heathman,24,22,2
sovers,24,24,0
nul,24,24,0
telco,24,7,17
percol,24,6,18
tmpbuf,24,24,0
livecom,24,0,24
curdl,24,0,24
formulari,24,24,0
febrero,24,8,16
packaq,24,0,24
menuconfig,24,24,0
anadarko,24,21,3
symphoni,24,16,8
downhil,24,7,17
freecultur,24,24,0
untitl,24,3,21
pail,24,3,21
pui,24,3,21
ferdishenko,24,0,24
niger,24,13,11
mieri,24,24,0
fset,24,24,0
repaid,24,17,7
nish,24,19,5
wyndham,24,22,2
dcraig,24,0,24
csmo,24,0,24
hassan,24,5,19
centerless,24,0,24
perk,24,13,11
sax,24,17,7
custodian,24,12,12
fujitsu,24,6,18
voila,24,14,10
deacero,24,24,0
freepay,24,0,24
itsp,24,0,24
etwa,24,14,10
diner,24,10,14
kruoemf,24,3,21
kishkil,24,24,0
diller,24,23,1
escapenumberden,24,17,7
questo,24,15,9
bil,24,18,6
primariiy,24,0,24
dj,24,4,20
glaze,24,7,17
fixedbooleanarray,24,24,0
astray,24,6,18
siberia,24,11,13
copymap,24,24,0
uninterrupt,24,17,7
brigg,24,13,11
alk,24,9,15
cduo,24,0,24
tshirt,24,2,22
camil,24,11,13
hober,24,0,24
abras,24,4,20
flowgat,24,24,0
concierg,24,2,22
parol,24,15,9
uck,24,0,24
bereav,24,3,21
subtre,24,19,5
casi,24,4,20
boi,24,8,16
satieti,24,0,24
pliant,24,0,24
soundexchang,24,24,0
cuarto,24,2,22
rodric,24,0,24
delc,24,0,24
lep,24,23,1
multic,24,24,0
vla,24,0,24
espn,24,15,9
immediateiy,24,0,24
groupinfo,24,24,0
slush,24,0,24
neve,24,13,11
figura,24,9,15
kck,24,0,24
conson,24,8,16
chamberlain,24,14,10
caliph,24,0,24
tommorow,24,9,15
luigi,24,15,9
dvescapenumb,24,1,23
ccl,24,24,0
untold,24,16,8
informavor,24,24,0
gall,24,2,22
parrotlibrari,24,24,0
opteron,24,22,2
unauthoris,24,18,6
isquit,24,0,24
larsen,24,18,6
formic,24,0,24
powergen,24,24,0
newyork,24,23,1
staircas,24,6,18
zeu,24,6,18
doubli,24,19,5
sagitt,24,0,24
spectacularli,24,2,22
describewomen,24,0,24
rwandan,24,24,0
forsaken,24,1,23
willne,24,24,0
brine,24,11,13
genericown,24,24,0
fxn,24,24,0
gagel,24,24,0
countescapenumb,24,24,0
ddr,24,2,22
wasaff,24,24,0
finan,24,20,4
filelist,24,24,0
onli,24,7,17
trac,24,23,1
wiiliam,24,0,24
yasr,24,24,0
pasta,24,7,17
poco,24,7,17
gallium,24,3,21
libm,24,24,0
tive,24,9,15
unrealist,24,13,11
nonparticip,24,1,23
epstein,24,16,8
ismail,24,20,4
lebroc,24,24,0
actid,24,24,0
managedstruct,24,24,0
leaden,24,1,23
escapenumberflibrpc,24,24,0
chanq,24,0,24
pybal,24,0,24
bestir,24,0,24
ppv,24,0,24
ruffl,24,4,20
brea,24,11,13
wolfgang,24,12,12
boardroom,24,15,9
clifil,24,24,0
chateau,24,0,24
pornstar,24,0,24
chkescapenumb,24,24,0
mtab,24,22,2
sahara,24,3,21
palisad,24,14,10
qsort,24,24,0
hksecur,24,0,24
zhu,24,24,0
tart,24,5,19
dereferenc,24,23,1
atmo,24,24,0
fink,24,19,5
mputer,24,13,11
ifsl,24,0,24
ebel,24,1,23
codin,24,1,23
bede,24,9,15
pdblibdir,24,24,0
snowbal,24,7,17
uhash,24,24,0
ntquota,24,24,0
waren,24,14,10
merc,24,16,8
chronoswiss,24,0,24
edelman,24,24,0
chl,24,20,4
dbusgobject,24,24,0
feedstock,24,11,13
pidgin,24,20,4
usc,24,18,6
latch,24,6,18
liveri,24,0,24
shoemak,24,12,12
cto,24,11,13
ajedrez,24,0,24
unum,24,24,0
questionair,24,5,19
qhat,24,24,0
gsia,24,24,0
striker,24,22,2
pdfwrite,24,24,0
prerog,24,12,12
fcdh,24,0,24
ephedrin,24,0,24
bowc,24,0,24
stent,24,7,17
exemail,24,24,0
subtleti,24,18,6
feruz,24,0,24
dashiel,24,23,1
multicolor,24,5,19
indicar,24,1,23
kulonga,24,24,0
youd,24,1,23
oorspronkelijk,24,24,0
rpcecho,24,24,0
ineffectu,24,5,19
escapenumberbird,24,0,24
jre,24,21,3
krish,24,24,0
coolli,24,3,21
mothertail,24,0,24
kino,24,1,23
bloodlin,24,3,21
aero,24,13,11
entidad,24,12,12
fluffi,24,1,23
mooney,24,15,9
carepictur,24,0,24
everthyth,24,1,23
accentur,24,23,1
pullback,24,13,11
inhuman,24,6,18
applet,24,13,11
speciaiti,24,0,24
tbgzcixad,24,24,0
smog,24,18,6
westport,24,11,13
sorgt,24,3,21
emphasis,24,21,3
larson,24,14,10
gabl,24,11,13
jari,24,24,0
sinescapenumb,24,24,0
dealofday,24,13,11
briator,24,24,0
leftov,24,16,8
kazakhstan,24,20,4
wcrtomb,24,24,0
mosquito,24,12,12
testdir,24,24,0
eccentr,24,3,21
belat,24,5,19
tenga,24,4,20
strassmann,24,24,0
pijip,24,24,0
nicosia,24,17,7
isomorph,24,1,23
plaid,24,6,18
everest,24,14,10
ynet,24,24,0
maken,24,18,6
joana,24,24,0
mediashaperonlin,24,0,24
bestellung,24,0,24
spilak,24,24,0
willingli,24,3,21
nazareth,24,16,8
bicep,24,1,23
cutback,24,15,9
champagn,24,7,17
ravish,24,2,22
deltestescapenumb,24,24,0
codebas,24,22,2
ukrainian,24,10,14
myvariablewidth,24,24,0
lear,24,10,14
drone,24,6,18
eescapenumbert,24,9,15
aromat,24,5,19
hilgert,24,24,0
clausen,24,1,23
propia,24,5,19
crowescapenumb,24,0,24
regimen,24,19,5
natuur,24,23,1
dcooper,24,0,24
aeehassa,24,0,24
lapmdj,24,24,0
inflammatori,24,9,15
echol,24,22,2
maxin,24,10,14
westin,24,24,0
mier,24,22,2
cescapenumberdea,24,24,0
xpm,24,18,6
extric,24,5,19
alden,24,3,21
capacidad,24,3,21
ntoh,24,24,0
myrrh,24,0,24
mcsherri,24,24,0
tionlimit,24,0,24
sari,24,9,15
basepath,24,3,21
succinct,24,20,4
chahal,24,24,0
renoir,24,20,4
sightless,24,1,23
chez,24,17,7
luv,24,2,22
yelavich,24,24,0
ammo,24,5,19
cheung,24,3,21
gusti,24,17,7
hypothalamu,24,0,24
wowgao,24,0,24
dgl,24,24,0
propio,24,3,21
ltima,24,12,12
ostdiek,24,24,0
joh,24,15,9
poppler,24,24,0
huffington,24,22,2
tingl,24,0,24
brome,24,0,24
zagerholm,24,24,0
dollardbox,24,0,24
snafu,24,21,3
metallocen,24,24,0
ilec,24,1,23
tracey,24,11,13
dalli,24,10,14
wand,24,10,14
joao,24,24,0
scm,24,17,7
steinmeier,24,0,24
appendic,24,7,17
drainag,24,6,18
bedtim,24,6,18
philanthropist,24,10,14
conservatori,24,3,21
srcname,24,24,0
allegra,24,2,22
sausag,24,13,11
lagardi,24,0,24
ossibl,24,1,23
parrotinterpret,24,24,0
seli,24,0,24
loca,24,1,23
etr,24,16,8
comport,24,4,20
spezial,24,2,22
mercer,24,13,11
estan,24,1,23
fredrik,24,24,0
claimant,24,9,15
hutchin,24,16,8
nia,24,24,0
gradat,24,7,17
rse,24,4,20
faintli,24,0,24
newsday,24,23,1
nnoemb,24,0,24
datasetescapenumb,24,24,0
ude,24,2,22
haiti,24,6,18
notari,24,0,24
objn,24,24,0
deirdr,24,20,4
puritan,24,1,23
wrigley,24,1,23
ajdspambucket,24,24,0
clergi,24,1,23
sphm,24,0,24
alessandro,24,23,1
propuesta,24,4,20
retreiv,24,20,4
pfaff,24,23,1
dari,24,18,6
gahn,24,24,0
incipi,24,8,16
bareword,24,24,0
titanium,24,7,17
typeset,24,11,13
vmi,24,14,10
ifhsc,24,24,0
theswamp,24,24,0
deiti,24,7,17
elaast,24,0,24
sandbox,24,19,5
undertook,24,12,12
piqu,24,11,13
interviewe,24,21,3
aqra,24,0,24
libfam,24,24,0
quasar,24,0,24
houstonian,24,24,0
honeycomb,24,4,20
coilect,24,0,24
heartgard,24,0,24
voi,24,2,22
ivanho,24,14,10
blip,24,10,14
middleman,24,12,12
crescapenumb,24,20,4
nbyte,24,24,0
quarantin,24,18,6
iness,24,4,20
rtgage,24,0,24
llqueue,24,24,0
mindbeak,24,0,24
stingi,24,8,16
loughridg,24,24,0
quintek,24,0,24
omw,24,7,17
kao,24,12,12
mashup,24,18,6
sermon,24,4,20
receb,24,1,23
progsescapenumb,24,24,0
roan,24,20,4
anatom,24,6,18
enviamo,24,0,24
aso,24,9,15
pgt,24,23,1
aescapenumberso,24,0,24
bort,24,1,23
basappa,24,24,0
opal,24,6,18
orchard,24,8,16
tidal,24,17,7
flicker,24,8,16
convictionsi,24,24,0
raster,24,11,13
cabo,24,12,12
flaccid,24,0,24
garver,24,24,0
celsiu,24,4,20
flux,24,14,10
fst,24,23,1
caper,24,12,12
measureescapenumb,24,24,0
uif,24,22,2
gigabit,24,5,19
blueexcept,24,0,24
nger,24,15,9
rmation,24,6,18
csoundserv,24,24,0
truman,24,12,12
pervad,24,4,20
tdbtest,24,24,0
ooop,24,24,0
gartner,24,15,9
aktienkur,24,2,22
spurt,24,5,19
guerrilla,24,7,17
depositari,24,9,15
tdi,24,18,6
broderick,24,16,8
erleben,24,1,23
mower,24,11,13
oni,24,14,10
hinau,24,1,23
escapenumbernm,24,19,5
motivo,24,7,17
simplist,24,16,8
endnetgr,24,24,0
virgi,24,20,4
cuff,24,7,17
robbin,24,9,15
overshadow,24,21,3
fhcgb,24,24,0
poptcontext,24,24,0
multinomi,24,19,5
bjp,24,22,2
grunt,24,3,21
desmoinesregist,24,24,0
bjescapenumbern,24,0,24
folsom,24,23,1
coleccion,24,1,23
cambiar,24,1,23
furious,24,8,16
rezept,24,0,24
brbrbrbr,24,0,24
rarr,24,7,17
amarillo,24,12,12
fuell,24,10,14
contriburl,24,24,0
hasnt,24,1,23
newnovelist,24,24,0
piss,24,10,14
cadet,24,10,14
lahor,24,12,12
pud,24,5,19
vindic,24,14,10
sogomonian,24,24,0
sva,24,0,24
firstfourbyt,24,24,0
smilesn,24,0,24
lop,24,2,22
resizablefloatarray,24,24,0
weathereffect,24,24,0
transpir,24,10,14
winnipeg,24,19,5
ooxml,24,24,0
boreali,24,9,15
shouldnt,24,3,21
tanzania,24,16,8
jia,24,23,1
payperview,24,0,24
nebula,24,4,20
bobcat,24,6,18
auftrag,24,22,2
overcrowd,24,19,5
harlem,24,19,5
japh,24,24,0
machen,24,8,16
ftr,24,24,0
netextraincom,24,0,24
unplan,24,20,4
hypothes,24,19,5
wavefront,24,0,24
phusiewluwzyqjpc,24,24,0
xdate,24,24,0
andrewdonnellan,24,24,0
emblem,24,10,14
cracknam,24,24,0
hennessi,24,23,1
lesotho,24,13,11
condol,24,11,13
smbstatu,24,24,0
delist,24,18,6
fahrenheit,24,19,5
iona,24,11,13
carcinogen,24,6,18
darkgray,24,24,0
jpl,24,11,13
rndmtn,24,24,0
mainland,24,4,20
psihsofta,24,0,24
lenart,24,24,0
dernier,24,13,11
obelisk,24,9,15
masculin,24,3,21
bbq,24,20,4
tm,24,24,0
ound,24,14,10
cardbu,24,19,5
schoolroom,24,14,10
ranabir,24,24,0
sdmescapenumb,24,24,0
porto,24,7,17
puerta,24,13,11
ccprod,24,19,5
eberhard,24,0,24
unixwar,24,24,0
mosley,24,14,10
osteal,24,0,24
mistransmiss,24,24,0
interno,24,12,12
dewar,24,3,21
bilden,24,1,23
loterij,24,0,24
ventral,24,0,24
lndesiqn,24,0,24
legibl,24,20,4
induct,24,5,19
apian,24,0,24
instalar,24,1,23
xdgmimepar,24,24,0
hourpay,24,0,24
aron,24,19,5
circumpolar,24,1,23
loesungen,24,1,23
imprecis,24,10,14
minimis,24,23,1
polynomi,24,19,5
shortnam,24,24,0
elbertson,24,24,0
tripod,24,2,22
venic,24,10,14
fresno,24,16,8
maher,24,18,6
braun,24,17,7
dynamisch,24,0,24
interf,24,12,12
manfr,24,13,11
bombast,24,8,16
clitran,24,24,0
farescapenumb,24,24,0
vall,24,7,17
alist,24,8,16
guarana,24,0,24
costco,24,4,20
mcdowel,24,14,10
nypost,24,24,0
usrctx,24,24,0
scrawni,24,0,24
scurri,24,8,16
selfishli,24,4,20
ctt,24,23,1
scp,24,21,3
beget,24,5,19
preempt,24,18,6
instali,24,0,24
srivastav,24,24,0
ajar,24,2,22
chartr,24,15,9
lmhost,24,24,0
albanian,24,8,16
googlepag,24,15,9
saguaro,24,17,7
clockwis,24,8,16
prepend,24,23,1
ankara,24,5,19
icalx,24,24,0
duet,24,6,18
escapenumberhav,24,0,24
progr,24,17,7
acebuf,24,24,0
entonc,24,3,21
mockup,24,16,8
assuag,24,15,9
importancia,24,7,17
steepl,23,1,22
fileanchor,23,0,23
middlemen,23,10,13
medzon,23,0,23
junkcod,23,23,0
disneyland,23,8,15
pekisko,23,0,23
verpassen,23,1,22
clench,23,2,21
hyperbol,23,13,10
lokey,23,22,1
novv,23,0,23
geral,23,18,5
krsti,23,23,0
orden,23,15,8
erfuellt,23,0,23
dkni,23,0,23
kliva,23,0,23
jargon,23,16,7
atheist,23,2,21
neu,23,10,13
unterhaltsam,23,0,23
yana,23,22,1
amc,23,17,6
crimea,23,13,10
rsenbl,23,0,23
sape,23,23,0
economictim,23,23,0
stanza,23,16,7
codicil,23,0,23
kilmer,23,23,0
minot,23,1,22
seinen,23,16,7
leipzig,23,20,3
effus,23,0,23
mantenimiento,23,2,21
gemeinschaften,23,0,23
demolish,23,11,12
dropout,23,9,14
berti,23,4,19
abject,23,8,15
amelior,23,3,20
limerick,23,6,17
konrad,23,8,15
titoni,23,0,23
amnesia,23,7,16
hazi,23,8,15
reverber,23,11,12
claremont,23,10,13
docsdir,23,23,0
wakefield,23,22,1
mediakonzept,23,0,23
ambi,23,0,23
daf,23,20,3
spinal,23,9,14
schumer,23,23,0
battleground,23,11,12
ecod,23,23,0
utilidad,23,0,23
outl,23,0,23
whim,23,10,13
eescapenumber,23,15,8
bulwark,23,0,23
avistar,23,23,0
herp,23,0,23
tktoplevel,23,23,0
gern,23,8,15
trigon,23,22,1
hunch,23,9,14
conceito,23,0,23
menendez,23,23,0
sincerest,23,18,5
tga,23,1,22
burleson,23,23,0
thelma,23,0,23
pompano,23,3,20
capt,23,10,13
downsiz,23,11,12
wardl,23,23,0
thei,23,11,12
dinero,23,5,18
chirp,23,7,16
abwicklung,23,0,23
waver,23,5,18
specificaili,23,0,23
mclaughlin,23,18,5
wilfr,23,20,3
citrat,23,0,23
garnet,23,1,22
jiong,23,23,0
phylli,23,12,11
perr,23,20,3
uptak,23,17,6
isi,23,6,17
hkyour,23,0,23
grecian,23,0,23
equidist,23,17,6
meritocraci,23,23,0
craftsman,23,4,19
bridegroom,23,0,23
addison,23,3,20
dua,23,1,22
wristwatch,23,3,20
fstype,23,23,0
tendr,23,3,20
weekcenturi,23,0,23
recaptur,23,11,12
baun,23,0,23
caneum,23,0,23
wreath,23,8,15
escapenumberwho,23,0,23
catb,23,23,0
morningstar,23,23,0
jensen,23,15,8
onso,23,22,1
hubb,23,23,0
stepwis,23,18,5
cleav,23,1,22
evolutionari,23,14,9
superstit,23,0,23
indecis,23,14,9
tarjeta,23,6,17
rpackag,23,23,0
directiy,23,0,23
palat,23,7,16
manpow,23,17,6
unixerror,23,23,0
refman,23,23,0
noncor,23,23,0
slinger,23,23,0
breathtak,23,8,15
tissto,23,0,23
korellian,23,0,23
popularityov,23,0,23
unfram,23,2,21
cessat,23,6,17
transcrib,23,7,16
dorm,23,14,9
janzen,23,23,0
enew,23,23,0
fixedpmcarray,23,23,0
scot,23,15,8
zijn,23,2,21
duval,23,22,1
zoolog,23,5,18
sdl,23,18,5
informationto,23,0,23
cingular,23,17,6
enmax,23,23,0
cescapenumber,23,0,23
reievant,23,0,23
adulteri,23,1,22
breve,23,2,21
overtaken,23,2,21
waterg,23,19,4
rder,23,1,22
feingold,23,16,7
montpelli,23,23,0
vivienda,23,2,21
montr,23,20,3
olaf,23,14,9
colmean,23,23,0
droog,23,0,23
echelon,23,6,17
earthmov,23,1,22
hickori,23,12,11
instituut,23,23,0
russo,23,12,11
foothil,23,14,9
phelp,23,7,16
elsevi,23,5,18
meteorit,23,11,12
myra,23,1,22
governo,23,21,2
flw,23,18,5
mana,23,10,13
buttock,23,0,23
consecr,23,0,23
patrician,23,0,23
bethlehem,23,13,10
pluribu,23,23,0
lockup,23,12,11
nocturn,23,9,14
oldout,23,23,0
tstock,23,23,0
olusegun,23,2,21
congressmen,23,14,9
isod,23,23,0
alcantara,23,4,19
rosman,23,23,0
spokesmen,23,17,6
chinden,23,0,23
enviro,23,21,2
exud,23,2,21
clubhous,23,12,11
bvgari,23,0,23
iook,23,0,23
moyez,23,23,0
tastyshop,23,23,0
casket,23,6,17
hydroxyl,23,1,22
ketter,23,18,5
godfrey,23,19,4
rainless,23,0,23
jkeen,23,23,0
erini,23,0,23
asdf,23,16,7
nei,23,16,7
webtv,23,3,20
orderedhash,23,23,0
participl,23,17,6
weve,23,1,22
ital,23,18,5
electronico,23,0,23
pak,23,8,15
mcescapenumb,23,21,2
vinay,23,23,0
cheetah,23,18,5
antarct,23,5,18
laquo,23,4,19
svgplotescapenumb,23,23,0
dartmouth,23,11,12
incoher,23,2,21
dendrit,23,0,23
darkest,23,6,17
copywrit,23,3,20
principal,23,2,21
cobol,23,5,18
fondo,23,8,15
swipe,23,16,7
nimo,23,8,15
cervic,23,20,3
lorena,23,8,15
dlm,23,22,1
courteou,23,5,18
spielerisch,23,0,23
scrip,23,11,12
compo,23,3,20
xtra,23,16,7
adolesc,23,7,16
auditorium,23,14,9
hitherto,23,7,16
biodiesel,23,12,11
viola,23,18,5
biochemistri,23,2,21
buzzard,23,2,21
diphtheria,23,0,23
peabodi,23,21,2
joystick,23,12,11
lute,23,15,8
perci,23,2,21
pwinfo,23,23,0
ying,23,20,3
stunk,23,1,22
aoescapenumberfvzna,23,23,0
erction,23,0,23
crdito,23,0,23
centra,23,0,23
beseech,23,0,23
arpa,23,10,13
hap,23,3,20
jug,23,2,21
underwat,23,22,1
oppel,23,23,0
buckey,23,6,17
padron,23,16,7
detract,23,12,11
aclu,23,23,0
soro,23,6,17
circumspect,23,7,16
nikkei,23,23,0
underdog,23,17,6
clidgram,23,23,0
foriegn,23,0,23
rpad,23,23,0
methodologi,23,23,0
fuili,23,0,23
antler,23,0,23
diminut,23,7,16
comprar,23,4,19
fulham,23,13,10
trodden,23,0,23
huddl,23,4,19
doubtless,23,4,19
legitimaci,23,15,8
ledg,23,7,16
lmm,23,22,1
scada,23,23,0
rollin,23,18,5
seh,23,22,1
monarchi,23,6,17
customiz,23,14,9
crossbar,23,0,23
rer,23,12,11
corral,23,7,16
encryptedtext,23,23,0
washbowl,23,0,23
missi,23,13,10
bescapenumberr,23,4,19
marktpotenzial,23,0,23
azur,23,8,15
hothardwar,23,23,0
superintend,23,15,8
suttl,23,23,0
bersehen,23,0,23
celesti,23,6,17
guthri,23,11,12
sunpow,23,23,0
rebekah,23,19,4
barco,23,13,10
stimuiat,23,0,23
amherst,23,7,16
fourti,23,0,23
wiener,23,13,10
correio,23,0,23
tosiz,23,23,0
nrmm,23,0,23
rosalinda,23,20,3
csa,23,17,6
hayn,23,20,3
borrett,23,0,23
getlogg,23,23,0
bescapenumberz,23,0,23
uninq,23,23,0
rosenfeld,23,23,0
massif,23,13,10
bumper,23,7,16
tingleaf,23,23,0
austauschen,23,0,23
gehman,23,0,23
piccadilli,23,6,17
liti,23,16,7
jericho,23,20,3
cowardli,23,2,21
tbd,23,23,0
kbescapenumberelv,23,23,0
fuli,23,0,23
dotnet,23,22,1
alhambra,23,8,15
epl,23,0,23
habitat,23,15,8
trudg,23,6,17
woggl,23,0,23
printerdata,23,23,0
mural,23,15,8
fclose,23,23,0
thunk,23,21,2
flo,23,5,18
cot,23,7,16
junta,23,13,10
leakag,23,12,11
eea,23,15,8
pastich,23,9,14
heret,23,6,17
bum,23,9,14
predica,23,9,14
spaniard,23,11,12
carrot,23,5,18
fno,23,23,0
salsa,23,11,12
mrp,23,8,15
acco,23,15,8
awl,23,10,13
ood,23,3,20
infor,23,2,21
friendlier,23,5,18
ida,23,6,17
infocu,23,2,21
glmm,23,23,0
pagar,23,0,23
reservado,23,0,23
genaescapenumberuk,23,23,0
alguien,23,4,19
laboratoir,23,23,0
sitemap,23,0,23
whore,23,3,20
onlinebook,23,23,0
amatu,23,0,23
wordcount,23,23,0
schmalhof,23,23,0
ibe,23,5,18
incarcer,23,9,14
wichita,23,15,8
decker,23,10,13
combn,23,23,0
hostess,23,5,18
moglen,23,22,1
caiserman,23,23,0
eto,23,1,22
sorta,23,20,3
hescapenumberm,23,0,23
crimp,23,7,16
totalsportsworld,23,0,23
alb,23,2,21
sicken,23,16,7
abr,23,7,16
nossa,23,6,17
reelect,23,17,6
airi,23,5,18
quirki,23,14,9
wreckag,23,15,8
grubert,23,23,0
patric,23,8,15
impenetr,23,9,14
athena,23,11,12
bottlebrush,23,1,22
pricelist,23,0,23
fadi,23,1,22
germin,23,4,19
moroney,23,23,0
isotop,23,4,19
collectescapenumb,23,23,0
arduou,23,3,20
sqlqueri,23,23,0
revoc,23,18,5
raiser,23,20,3
impresi,23,0,23
showbuzz,23,23,0
crcommun,23,23,0
recuperar,23,22,1
camara,23,2,21
caprici,23,7,16
keenli,23,19,4
onslaught,23,18,5
andor,23,1,22
chairwoman,23,14,9
versi,23,12,11
peal,23,0,23
ition,23,15,8
vaigra,23,0,23
astrophys,23,4,19
gaverstraat,23,23,0
portugu,23,2,21
mcphee,23,23,0
junip,23,16,7
ueberfuellt,23,0,23
nak,23,21,2
scaramella,23,0,23
qin,23,4,19
bosonderzoek,23,23,0
oden,23,22,1
powermal,23,23,0
xxxxxxxx,23,11,12
aktiv,23,1,22
vittal,23,23,0
veja,23,8,15
throve,23,0,23
erschlossen,23,0,23
handicraft,23,2,21
stower,23,23,0
domainsid,23,23,0
fosdick,23,23,0
grievanc,23,11,12
noncommerci,23,23,0
thame,23,12,11
unseren,23,2,21
cinm,23,0,23
afor,23,2,21
financiero,23,0,23
netcool,23,23,0
lpplng,23,0,23
besthealthgroup,23,0,23
claro,23,16,7
valenti,23,21,2
befor,23,10,13
convoc,23,6,17
enclosur,23,16,7
wilt,23,1,22
finess,23,3,20
tint,23,5,18
ellenberg,23,23,0
buik,23,0,23
anglai,23,22,1
mastermind,23,18,5
taetig,23,0,23
garantia,23,0,23
drc,23,14,9
escapenumberinkjet,23,0,23
memorabilia,23,15,8
uac,23,18,5
eogresourc,23,23,0
unsatisfactori,23,22,1
brees,23,22,1
qsl,23,1,22
westcoast,23,23,0
legisla,23,5,18
reguiatori,23,0,23
mmt,23,23,0
preben,23,23,0
jiang,23,11,12
reforma,23,10,13
fkqp,23,0,23
toru,23,18,5
snw,23,23,0
melancholi,23,0,23
cinemat,23,7,16
hereinaft,23,2,21
mehrdimensional,23,0,23
regroup,23,9,14
olga,23,10,13
eop,23,19,4
goldeditor,23,0,23
qood,23,0,23
flax,23,1,22
tierra,23,6,17
crl,23,16,7
podium,23,16,7
apodaca,23,23,0
statem,23,2,21
gtkescapenumb,23,22,1
visita,23,1,22
dunno,23,20,3
ithttp,23,0,23
wring,23,2,21
hydraul,23,14,9
psco,23,22,1
blacken,23,6,17
indel,23,2,21
civilli,23,0,23
finkelstein,23,23,0
dynamo,23,9,14
bunker,23,15,8
beltway,23,23,0
homolog,23,1,22
divisor,23,4,19
experten,23,2,21
stringer,23,18,5
tort,23,18,5
horsepow,23,15,8
sia,23,21,2
stockwatch,23,18,5
escapenumberlm,23,0,23
qoil,23,0,23
mptecwibqr,23,0,23
complexion,23,5,18
folha,23,22,1
arisen,23,11,12
bescapenumberf,23,10,13
creaci,23,0,23
catawba,23,15,8
managernn,23,0,23
finer,23,14,9
kwaliteitszorg,23,23,0
uptight,23,1,22
tostr,23,22,1
shrimp,23,7,16
spart,23,0,23
theo,23,10,13
coun,23,7,16
gget,23,0,23
fvalu,23,23,0
furto,23,23,0
deze,23,0,23
ktu,23,0,23
prescapenumberc,23,0,23
exempi,23,23,0
bilingu,23,6,17
delaney,23,15,8
conklin,23,6,17
chown,23,23,0
suman,23,23,0
nitrat,23,0,23
esperando,23,0,23
darueb,23,0,23
clio,23,11,12
grossem,23,0,23
ellipt,23,11,12
aoescapenumberfvzkz,23,23,0
infantri,23,8,15
unwelcom,23,14,9
papel,23,6,17
unmet,23,22,1
feroci,23,7,16
perfidi,23,0,23
svd,23,22,1
engulf,23,18,5
istanbul,23,16,7
dover,23,19,4
marken,23,0,23
meinen,23,3,20
crispytooth,23,0,23
chiropractor,23,1,22
rbuf,23,23,0
muebl,23,6,17
swli,23,21,2
buddydisappear,23,23,0
photon,23,4,19
enero,23,5,18
warhol,23,23,0
roadway,23,7,16
shu,23,15,8
bowi,23,7,16
authdata,23,23,0
hann,23,23,0
opac,23,10,13
cccentr,23,0,23
qbuf,23,23,0
morton,23,16,7
sandston,23,5,18
pasha,23,3,20
choleski,23,23,0
lienzo,23,21,2
turnout,23,17,6
trylogo,23,0,23
smokeserv,23,23,0
darveaux,23,23,0
quadratur,23,19,4
canvass,23,6,17
statloneri,23,0,23
escapenumberoh,23,1,22
fernandez,23,18,5
internacionai,23,2,21
satt,23,0,23
transfus,23,7,16
heartbeat,23,12,11
mcnair,23,22,1
lber,23,23,0
msgtest,23,23,0
qkjstoyphp,23,0,23
spire,23,3,20
tvescapenumb,23,17,6
erich,23,12,11
implos,23,20,3
expmescapenumb,23,23,0
agu,23,5,18
hubert,23,13,10
demot,23,11,12
geraardsbergen,23,23,0
retcontinu,23,23,0
meridiia,23,0,23
mythtv,23,22,1
aii,23,0,23
pumpkin,23,2,21
puke,22,13,9
vil,22,5,17
physiolog,22,10,12
peut,22,6,16
insomnia,22,7,15
perth,22,4,18
dunkirk,22,8,14
ppo,22,1,21
valentino,22,19,3
energycast,22,22,0
cna,22,3,19
xeril,22,0,22
dud,22,8,14
farc,22,16,6
generatefram,22,22,0
impract,22,9,13
seminol,22,14,8
vargo,22,22,0
usi,22,9,13
tco,22,17,5
xsl,22,19,3
umount,22,22,0
claret,22,4,18
fishi,22,17,5
evi,22,1,21
movimiento,22,4,18
renat,22,1,21
patio,22,6,16
stairway,22,4,18
excelent,22,1,21
tbgxwescapenumb,22,22,0
cosmograph,22,0,22
alistair,22,9,13
ito,22,7,15
isva,22,0,22
shockingli,22,14,8
tarot,22,0,22
howe,22,13,9
ern,22,13,9
warden,22,9,13
ejsseterrormsg,22,22,0
tryphena,22,0,22
salida,22,10,12
tonya,22,17,5
beescapenumb,22,20,2
fetchrow,22,22,0
gmodel,22,22,0
remembr,22,12,10
rye,22,5,17
convivi,22,7,15
denytest,22,22,0
impart,22,4,18
citadel,22,8,14
statcomput,22,22,0
egpfc,22,22,0
deescapenumb,22,1,21
fudan,22,21,1
pszparmvalu,22,22,0
aeronaut,22,6,16
mackenzi,22,16,6
centert,22,0,22
boxwex,22,22,0
nescapenumberbno,22,22,0
nosi,22,0,22
considerando,22,13,9
emm,22,2,20
yearescapenumb,22,22,0
tricia,22,18,4
deign,22,2,20
efkfempaxo,22,0,22
instructionshttp,22,0,22
openp,22,22,0
escapenumberof,22,0,22
rovar,22,22,0
suav,22,5,17
balm,22,4,18
critica,22,2,20
carefre,22,2,20
cpm,22,6,16
undistribut,22,22,0
bebop,22,0,22
hondura,22,15,7
waterfal,22,2,20
aveva,22,11,11
cordon,22,1,21
safekeep,22,4,18
timezon,22,19,3
niamh,22,22,0
sampson,22,12,10
bioquest,22,0,22
aliium,22,0,22
cosmo,22,5,17
subdu,22,8,14
epi,22,22,0
getattr,22,22,0
applebi,22,10,12
usershar,22,22,0
optarg,22,22,0
cintolo,22,22,0
regrett,22,17,5
feld,22,22,0
seks,22,22,0
aliacut,22,0,22
ller,22,14,8
spruce,22,13,9
geadresseerd,22,18,4
politi,22,5,17
lem,22,5,17
biologist,22,16,6
haz,22,3,19
krueger,22,4,18
sibbald,22,22,0
rhome,22,22,0
irk,22,11,11
adsero,22,0,22
ryaca,22,22,0
isguit,22,0,22
slant,22,9,13
ress,22,9,13
addrregistri,22,22,0
williston,22,8,14
jeudi,22,21,1
houst,22,22,0
nosync,22,22,0
compu,22,3,19
aisha,22,14,8
emilio,22,9,13
antelop,22,16,6
erb,22,13,9
escapenumberay,22,16,6
minicdso,22,0,22
ejecutivo,22,2,20
logdir,22,22,0
sapir,22,7,15
rena,22,9,13
ventsepar,22,0,22
regno,22,22,0
ndow,22,0,22
vtablecach,22,22,0
pretoria,22,4,18
aoa,22,0,22
fone,22,17,5
inumservic,22,22,0
simescapenumb,22,22,0
salisburi,22,18,4
africom,22,22,0
sith,22,20,2
netlog,22,22,0
standstil,22,15,7
egregi,22,12,10
mtrace,22,22,0
seymour,22,8,14
developnotic,22,0,22
amput,22,3,19
ktwarwicdd,22,0,22
crocker,22,17,5
operacion,22,3,19
uter,22,4,18
appolog,22,11,11
devonish,22,22,0
goodlink,22,22,0
pew,22,15,7
outstretch,22,1,21
buiit,22,0,22
crist,22,14,8
pcp,22,18,4
datastep,22,22,0
hearth,22,0,22
megabyt,22,12,10
kramer,22,10,12
btem,22,0,22
balli,22,4,18
ciencia,22,12,10
sniffex,22,0,22
kirkpatrick,22,19,3
fnc,22,22,0
rekindl,22,15,7
thickli,22,1,21
membr,22,1,21
sunncomm,22,0,22
usersview,22,22,0
liven,22,16,6
nausea,22,11,11
littleton,22,8,14
sanitari,22,6,16
roadster,22,8,14
brunt,22,14,8
bonham,22,22,0
amidst,22,9,13
dunton,22,21,1
tubethi,22,0,22
melyakhlifi,22,22,0
preprint,22,22,0
ecth,22,22,0
bbo,22,21,1
sher,22,8,14
eyelid,22,1,21
bandag,22,0,22
harley,22,5,17
aegicapl,22,0,22
trescapenumb,22,0,22
fdiebold,22,22,0
aescapenumberg,22,1,21
krammer,22,22,0
reh,22,21,1
haggard,22,1,21
pratt,22,17,5
pbil,22,22,0
ged,22,13,9
viaagrra,22,0,22
omc,22,22,0
dissuad,22,13,9
mackescapenumb,22,0,22
gujarat,22,17,5
algier,22,8,14
mejorar,22,0,22
intelligenc,22,20,2
captor,22,7,15
namelen,22,22,0
gameplay,22,11,11
linuxaudioerror,22,22,0
escapenumbercn,22,0,22
superimpos,22,17,5
brasileiro,22,20,2
fixedfloatarray,22,22,0
fr,22,15,7
smirk,22,2,20
betancourt,22,22,0
marsha,22,12,10
automag,22,21,1
dayton,22,14,8
ltimo,22,15,7
anthropolog,22,9,13
contracept,22,5,17
creed,22,2,20
elv,22,8,14
broadsid,22,7,15
masquerad,22,10,12
ttel,22,0,22
adsorb,22,0,22
proband,22,22,0
wgm,22,22,0
gcse,22,1,21
parrotrunningthread,22,22,0
duress,22,9,13
corollari,22,9,13
myweb,22,21,1
guido,22,15,7
foilow,22,0,22
holster,22,0,22
battalion,22,6,16
komplexen,22,0,22
wachstumsgeschicht,22,0,22
hippa,22,0,22
establec,22,11,11
ampli,22,2,20
fseri,22,22,0
pqueri,22,22,0
belch,22,7,15
statisticien,22,22,0
discouunt,22,0,22
openwrt,22,22,0
sami,22,19,3
sophomor,22,13,9
resescapenumb,22,22,0
morpheu,22,21,1
glisten,22,0,22
fragranc,22,7,15
discord,22,8,14
enrag,22,9,13
paparazzi,22,19,3
kindr,22,0,22
slingbox,22,22,0
guzman,22,21,1
uninsur,22,13,9
ccffo,22,0,22
perjuri,22,18,4
gnuwinescapenumb,22,21,1
sphinx,22,5,17
sanch,22,7,15
escapenumbercdiv,22,0,22
nadal,22,21,1
undress,22,0,22
solvent,22,16,6
picl,22,22,0
psychiatri,22,18,4
dystrophi,22,7,15
hypertext,22,8,14
personalweb,22,22,0
totski,22,0,22
solberg,22,22,0
paraphras,22,14,8
crump,22,10,12
cun,22,1,21
mintz,22,21,1
escapenumberfdsdb,22,22,0
rlm,22,21,1
silveri,22,0,22
upw,22,1,21
outpac,22,18,4
jugador,22,0,22
perspir,22,3,19
shdh,22,22,0
titi,22,2,20
wescapenumberf,22,0,22
moth,22,5,17
abogado,22,10,12
altra,22,20,2
langhornn,22,0,22
nvect,22,22,0
afb,22,3,19
kfitmescapenumb,22,22,0
sor,22,6,16
brunelleschi,22,0,22
paquet,22,6,16
motorist,22,16,6
viacut,22,0,22
gustav,22,10,12
conjug,22,6,16
lexinfo,22,22,0
pequ,22,4,18
shebanow,22,0,22
quickerand,22,0,22
noescapenumb,22,2,20
cando,22,22,0
tqueue,22,22,0
corneliu,22,3,19
laufzeitvertraegen,22,0,22
anod,22,0,22
tolow,22,19,3
bosch,22,15,7
zuge,22,0,22
bequeath,22,3,19
smbescapenumberk,22,22,0
prostoalex,22,22,0
guerra,22,13,9
giveth,22,0,22
bipolar,22,13,9
castleman,22,22,0
wno,22,20,2
posixt,22,22,0
fishermen,22,7,15
bradshaw,22,2,20
foll,22,16,6
nodal,22,13,9
tto,22,21,1
feller,22,9,13
underdevelop,22,3,19
pinnaci,22,0,22
distclean,22,22,0
positioniert,22,0,22
wner,22,2,20
intelligram,22,0,22
linesescapenumb,22,22,0
jacon,22,0,22
fsmo,22,22,0
cavil,22,0,22
glean,22,16,6
tzamourani,22,22,0
tomographi,22,2,20
oec,22,19,3
staab,22,22,0
wiggl,22,15,7
dryli,22,1,21
quirt,22,0,22
wri,22,6,16
subhead,22,16,6
eula,22,18,4
diffeomorph,22,0,22
cockpit,22,8,14
esc,22,5,17
sowa,22,17,5
fiorida,22,0,22
ila,22,13,9
anbsp,22,0,22
sailaja,22,22,0
roo,22,14,8
vee,22,2,20
pluperfect,22,0,22
lpf,22,16,6
ministr,22,15,7
kvno,22,22,0
vdg,22,0,22
rourk,22,16,6
viii,22,3,19
displeas,22,3,19
fixedintegerarray,22,22,0
michaelmoor,22,22,0
abstin,22,12,10
sharesec,22,22,0
reposit,22,14,8
bard,22,8,14
takeoff,22,4,18
rofession,22,1,21
canonpath,22,22,0
cice,22,0,22
propheci,22,8,14
circ,22,10,12
ciacut,22,0,22
envia,22,0,22
antarctica,22,8,14
titulo,22,1,21
aut,22,10,12
defac,22,4,18
capston,22,3,19
diputado,22,20,2
debas,22,2,20
dailyko,22,22,0
exual,22,0,22
escapenumberfauth,22,22,0
optra,22,0,22
hkour,22,0,22
omer,22,8,14
gyro,22,15,7
hss,22,22,0
rnquist,22,22,0
colplot,22,22,0
unixid,22,22,0
totter,22,4,18
libxml,22,22,0
sqlfetch,22,22,0
kastrin,22,22,0
perlr,22,22,0
durrel,22,0,22
kiteumpir,22,0,22
kudo,22,11,11
mpani,22,17,5
mainloop,22,22,0
elizabethtown,22,3,19
cleco,22,22,0
typepad,22,18,4
methodescapenumb,22,22,0
factura,22,0,22
smilesnn,22,0,22
constescapenumb,22,22,0
playlist,22,12,10
dh,22,17,5
kund,22,0,22
incon,22,1,21
pplng,22,0,22
macedon,22,1,21
shiv,22,20,2
fixedstringarray,22,22,0
mayank,22,22,0
kinneman,22,22,0
membran,22,13,9
baroqu,22,9,13
thesepow,22,0,22
endoscopi,22,0,22
hee,22,3,19
subcommand,22,20,2
chopper,22,6,16
ovin,22,0,22
lind,22,6,16
discon,22,0,22
etf,22,3,19
ximo,22,4,18
purdu,22,17,5
talki,22,0,22
backstag,22,8,14
gleason,22,11,11
ceiv,22,4,18
rti,22,9,13
extran,22,11,11
whoa,22,12,10
pyongyang,22,11,11
nmake,22,18,4
ejaculaton,22,0,22
ussr,22,19,3
escapenumberhp,22,17,5
emp,22,8,14
rive,22,19,3
infostrada,22,22,0
dmc,22,5,17
fujita,22,21,1
bienenstock,22,22,0
libbigballofmud,22,22,0
dreyfu,22,17,5
sublicens,22,22,0
unmask,22,21,1
bayer,22,17,5
plymouth,22,12,10
shipley,22,14,8
elucid,22,9,13
gla,22,4,18
allofmpescapenumb,22,22,0
dearth,22,5,17
voir,22,10,12
csir,22,22,0
statesman,22,13,9
dimli,22,0,22
syck,22,22,0
bimetal,22,0,22
cctv,22,17,5
plli,22,0,22
chide,22,14,8
goof,22,12,10
asund,22,1,21
mieh,22,22,0
simmer,22,6,16
smother,22,4,18
riskier,22,20,2
yokel,22,0,22
apport,22,10,12
voltair,22,6,16
terceiro,22,1,21
slab,22,11,11
anchorit,22,0,22
receta,22,0,22
ethel,22,3,19
heaithi,22,0,22
tercer,22,3,19
unearth,22,18,4
cawthorn,22,22,0
roper,22,19,3
adulter,22,1,21
vorgelegt,22,0,22
devolv,22,7,15
puma,22,2,20
mihalik,22,22,0
ojo,22,6,16
mcgill,22,11,11
ay,22,9,13
hydrolog,22,16,6
kissimme,22,0,22
wilma,22,11,11
affcon,22,0,22
mxescapenumb,22,1,21
ucb,22,13,9
bungl,22,12,10
scrollwheel,22,22,0
ushealthcarequot,22,0,22
rune,22,8,14
hogar,22,0,22
nrc,22,18,4
blous,22,2,20
torqu,22,14,8
tallocdir,22,22,0
mcpan,22,22,0
dfsescapenumb,22,22,0
worcest,22,15,7
kone,22,11,11
ctrlescapenumb,22,22,0
solubl,22,2,20
mbyte,22,20,2
fussi,22,12,10
plaqu,22,15,7
theirsiz,22,0,22
citizenri,22,9,13
enel,22,22,0
multiarray,22,22,0
finfo,22,22,0
juillet,22,17,5
ju,22,6,16
archeolog,22,21,1
emshwil,22,22,0
specifica,22,0,22
hagu,22,8,14
altruism,22,7,15
aescapenumberd,22,3,19
cobiella,22,22,0
tukeyhsd,22,22,0
esm,22,17,5
dissatisfact,22,16,6
nah,22,10,12
matron,22,1,21
beit,22,1,21
primero,22,7,15
esponlogo,22,22,0
irma,22,10,12
tallest,22,14,8
genethliac,22,0,22
dorcheu,22,22,0
itll,22,0,22
dubili,22,22,0
starri,22,0,22
severin,22,7,15
videoconfer,22,22,0
datalin,22,22,0
stumpag,22,0,22
brotherhood,22,15,7
neubauer,22,22,0
mobilfunkboom,22,0,22
anglican,22,2,20
softphon,22,0,22
oling,22,21,1
getent,22,22,0
steakhous,22,22,0
apoyo,22,13,9
friedrich,22,17,5
steveb,22,22,0
backout,22,22,0
nw,22,22,0
octal,22,17,5
rwx,22,22,0
tdbsam,22,22,0
elp,22,14,8
quicki,22,14,8
pert,22,3,19
wen,22,7,15
pavement,22,10,12
dput,22,21,1
romin,22,22,0
freetown,22,0,22
refrigerio,22,0,22
innovativen,22,0,22
ihm,22,14,8
pretext,22,10,12
foresaw,22,6,16
whourli,22,22,0
niveau,22,11,11
seba,22,22,0
mcdermott,22,9,13
biject,22,0,22
spenc,22,15,7
termoelettrico,22,22,0
soluci,22,1,21
unbeachtet,22,0,22
powerlit,22,0,22
drepl,22,22,0
gf,22,21,1
croni,22,8,14
pastim,22,8,14
psaux,22,22,0
encroach,22,10,12
circuitri,22,9,13
uribl,22,0,22
tomlinson,22,12,10
didact,22,6,16
mappstat,22,22,0
venom,22,11,11
brownsvil,22,22,0
bayesianfilt,22,22,0
bellingham,22,8,14
exactranktest,22,22,0
crawley,22,21,1
aficionado,22,5,17
ictsd,22,22,0
rustl,22,2,20
nspluginwrapp,22,22,0
webi,22,21,1
sargent,22,8,14
clk,22,10,12
ungodli,22,1,21
kurapati,22,22,0
networkmanag,22,22,0
or,22,15,7
admirrant,22,0,22
fiie,22,0,22
replyabov,22,0,22
eetim,22,1,21
isilon,22,22,0
incis,22,3,19
mitra,22,19,3
decentr,22,15,7
deuc,21,0,21
beatric,21,8,13
groupeddata,21,21,0
celmescapenumb,21,0,21
soie,21,0,21
konnten,21,2,19
powerescapenumb,21,20,1
urat,21,20,1
straightway,21,0,21
seedl,21,14,7
glossari,21,12,9
astr,21,7,14
ticcount,21,21,0
cbsmarketwatch,21,21,0
preoccupi,21,3,18
wartim,21,16,5
alabast,21,7,14
bernd,21,21,0
vect,21,21,0
malowney,21,21,0
videofrom,21,20,1
bystand,21,6,15
lowdown,21,15,6
louisvil,21,14,7
treebut,21,0,21
buxton,21,0,21
parri,21,15,6
rmt,21,9,12
reconoc,21,8,13
moskalyuk,21,21,0
smt,21,21,0
escapenumberjr,21,17,4
veuillez,21,6,15
meantemp,21,21,0
lrt,21,21,0
tr,21,15,6
swisscom,21,19,2
pussycat,21,0,21
cdd,21,21,0
asper,21,0,21
fern,21,8,13
eudora,21,15,6
honeymoon,21,5,16
afield,21,2,19
kneisley,21,21,0
leer,21,4,17
pujol,21,17,4
ho,21,11,10
libnmath,21,21,0
celebrexsoma,21,0,21
juke,21,0,21
leisch,21,21,0
skydiv,21,16,5
cretac,21,0,21
ldbadd,21,21,0
aduana,21,21,0
garfield,21,10,11
bir,21,5,16
pulpit,21,11,10
boobi,21,5,16
impolit,21,4,17
rosetta,21,14,7
egipcio,21,21,0
sidecar,21,13,8
supersit,21,0,21
xye,21,20,1
carrington,21,21,0
husain,21,21,0
envo,21,0,21
component,21,3,18
shambl,21,14,7
mondial,21,10,11
vibe,21,7,14
salesperson,21,8,13
safeharbor,21,0,21
levit,21,8,13
necklac,21,4,17
ruixin,21,21,0
nuhan,21,0,21
hexagon,21,2,19
piscatori,21,0,21
haskel,21,20,1
obten,21,4,17
confut,21,0,21
intelect,21,1,20
colmodel,21,21,0
bcw,21,0,21
gmm,21,20,1
cinderella,21,4,17
correa,21,6,15
pesquisa,21,8,13
apotex,21,21,0
sheldon,21,6,15
condi,21,9,12
deci,21,14,7
escape,21,0,21
tk,21,20,1
sampler,21,14,7
mysubset,21,21,0
myle,21,1,20
xxxxx,21,10,11
kernal,21,21,0
parameter,21,16,5
snowi,21,8,13
keteyian,21,21,0
maman,21,21,0
wirelessli,21,3,18
ballmer,21,18,3
cula,21,1,20
tove,21,21,0
ireand,21,0,21
yof,21,0,21
gillett,21,11,10
lasterr,21,21,0
bashrc,21,21,0
formanc,21,19,2
birdi,21,10,11
feeder,21,13,8
beak,21,3,18
caja,21,0,21
butcher,21,6,15
bingshan,21,21,0
uloemch,21,0,21
hardcopi,21,19,2
adminpass,21,21,0
disquisit,21,8,13
cleber,21,21,0
agnihotri,21,21,0
blackwel,21,9,12
cmo,21,12,9
cheshir,21,7,14
mswinescapenumb,21,21,0
enronavailso,21,21,0
cethr,21,0,21
rowmean,21,21,0
sunspot,21,16,5
notfound,21,19,2
aiescapenumb,21,19,2
oralux,21,21,0
cierp,21,0,21
fcv,21,21,0
burnearth,21,0,21
parrotbug,21,21,0
contourplot,21,21,0
gervai,21,21,0
thug,21,8,13
saisi,21,21,0
opalsplash,21,0,21
enumvalu,21,21,0
lobo,21,15,6
aiarm,21,0,21
brash,21,9,12
strstart,21,21,0
monthiy,21,0,21
managerq,21,0,21
outskirt,21,10,11
nighttim,21,9,12
deiiver,21,0,21
overthrew,21,0,21
xviii,21,11,10
zillion,21,13,8
aescapenumbert,21,7,14
cobbl,21,11,10
earner,21,6,15
wouter,21,21,0
scratchi,21,0,21
pthread,21,21,0
blocksiz,21,21,0
hoodiawork,21,0,21
perltrain,21,21,0
thalia,21,17,4
croatian,21,19,2
fsurvescapenumb,21,21,0
nonent,21,1,20
psf,21,4,17
splendor,21,0,21
hoodiacontain,21,0,21
kmucpgvooj,21,0,21
uraland,21,0,21
tamara,21,20,1
molestia,21,0,21
ais,21,21,0
crete,21,6,15
showweek,21,0,21
chais,21,0,21
beneficio,21,1,20
geror,21,0,21
daten,21,16,5
ola,21,11,10
electrnico,21,0,21
deflect,21,13,8
gerhardsen,21,21,0
instalaci,21,1,20
parochi,21,5,16
tragamoneda,21,0,21
hoecker,21,21,0
guarantor,21,14,7
hectar,21,3,18
glycerin,21,1,20
ouster,21,21,0
dition,21,4,17
optran,21,21,0
dendf,21,21,0
treacher,21,2,19
hmo,21,14,7
recon,21,6,15
ridia,21,0,21
devalu,21,18,3
landslid,21,16,5
chatti,21,9,12
blotter,21,3,18
protestor,21,20,1
karima,21,21,0
publicitario,21,0,21
dobl,21,3,18
bilberri,21,21,0
myy,21,20,1
domicil,21,8,13
diem,21,4,17
weg,21,7,14
bucharest,21,8,13
iost,21,0,21
josip,21,18,3
antiguo,21,9,12
ril,21,4,17
genteel,21,0,21
unattend,21,10,11
unscal,21,21,0
platti,21,0,21
accescapenumb,21,21,0
cherub,21,0,21
biblia,21,7,14
elc,21,20,1
autorizada,21,1,20
offsystem,21,21,0
nyy,21,20,1
meati,21,1,20
coconut,21,11,10
combinatori,21,14,7
mypackag,21,21,0
famil,21,9,12
frainj,21,21,0
suzuki,21,10,11
bienvenida,21,0,21
localstatedir,21,21,0
moveon,21,21,0
chastis,21,10,11
jacksonvil,21,11,10
rte,21,6,15
semin,21,13,8
adieu,21,0,21
pescapenumberx,21,15,6
ndp,21,21,0
retro,21,14,7
santana,21,18,3
pickett,21,14,7
evict,21,11,10
shod,21,0,21
fic,21,16,5
softbal,21,7,14
befog,21,0,21
subasta,21,21,0
jumbl,21,4,17
cari,21,10,11
shaker,21,4,17
hoffmann,21,18,3
seksan,21,21,0
eslon,21,0,21
pigeon,21,5,16
rapach,21,21,0
iconfer,21,21,0
alexei,21,5,16
cine,21,0,21
decir,21,6,15
clearescapenumberd,21,21,0
ciaalisviagra,21,0,21
papaci,21,3,18
externo,21,1,20
lvc,21,16,5
infern,21,1,20
krbhst,21,21,0
brock,21,9,12
doyel,21,21,0
horseback,21,7,14
gation,21,1,20
ktrue,21,21,0
kernkraftwerk,21,0,21
ccd,21,2,19
fiance,21,3,18
csf,21,13,8
neurosci,21,20,1
slat,21,13,8
goldhab,21,21,0
rmvol,21,0,21
prompter,21,20,1
ambrosia,21,0,21
ascrib,21,7,14
turismo,21,4,17
philescapenumberpp,21,0,21
nnoemf,21,0,21
byrn,21,4,17
idxattr,21,21,0
catalyt,21,3,18
prosz,21,21,0
messagelab,21,7,14
uneas,21,19,2
sclerosi,21,17,4
escapenumbernow,21,0,21
marlon,21,13,8
riskmetr,21,21,0
benelux,21,12,9
dissens,21,3,18
dorado,21,5,16
closekey,21,21,0
broom,21,3,18
spiro,21,16,5
perimet,21,6,15
rlnorm,21,21,0
godfath,21,19,2
caviti,21,14,7
untru,21,13,8
perlvar,21,21,0
rotmat,21,21,0
escapenumbercspan,21,0,21
befal,21,3,18
fizzl,21,12,9
bbnwjwvtla,21,0,21
libldb,21,21,0
heroism,21,12,9
weller,21,17,4
enumkey,21,21,0
escapenumberbc,21,15,6
kouri,21,21,0
innumer,21,4,17
sfa,21,21,0
iswr,21,21,0
ranbaxi,21,21,0
coliect,21,0,21
isvalidpostalcod,21,21,0
pygobject,21,21,0
beetl,21,4,17
cu,21,12,9
youngberg,21,21,0
dino,21,10,11
corinthian,21,3,18
champaign,21,9,12
bancorp,21,21,0
stodgi,21,16,5
obli,21,1,20
nouveau,21,14,7
kurdish,21,20,1
aden,21,3,18
manten,21,3,18
xuald,21,0,21
polylin,21,21,0
peniss,21,0,21
uimanag,21,21,0
gwit,21,0,21
donparessai,21,21,0
shlppl,21,0,21
viewabl,21,5,16
abstrus,21,9,12
trang,21,17,4
backwat,21,4,17
lsr,21,20,1
karri,21,21,0
lego,21,19,2
purif,21,5,16
patrimoin,21,21,0
hardwaremanag,21,21,0
functionaldivers,21,21,0
eor,21,1,20
pixmap,21,21,0
mallik,21,21,0
howald,21,21,0
odbcconnect,21,21,0
getdbmap,21,21,0
nautic,21,15,6
nicament,21,3,18
hpuxacl,21,21,0
softswitch,21,0,21
rerout,21,9,12
aprovado,21,0,21
mli,21,2,19
fghypmvjlx,21,0,21
angelika,21,21,0
ferdinand,21,6,15
directament,21,0,21
ilescapenumb,21,20,1
attic,21,7,14
setvalu,21,21,0
dibbl,21,2,19
chrome,21,4,17
decryptedtext,21,21,0
odin,21,0,21
ldwi,21,0,21
edmonton,21,2,19
bearer,21,11,10
centenari,21,6,15
sinn,21,5,16
mingwin,21,21,0
absurdli,21,3,18
bondag,21,5,16
blk,21,18,3
wep,21,13,8
litt,21,5,16
lenient,21,7,14
utoronto,21,16,5
escapenumberor,21,1,20
hoodiagorgonii,21,0,21
mcspieal,21,21,0
goldsmith,21,9,12
deepa,21,21,0
esler,21,21,0
bittorr,21,20,1
coronari,21,7,14
doiiar,21,0,21
ttowel,21,0,21
afsacl,21,21,0
hangzhou,21,1,20
birthplac,21,4,17
muchacho,21,2,19
coolidg,21,12,9
el,21,14,7
invigor,21,9,12
nassau,21,1,20
dichotomi,21,8,13
requier,21,6,15
bong,21,11,10
hilf,21,13,8
computerstuff,21,21,0
kpmg,21,17,4
misinform,21,21,0
spsc,21,0,21
cantrel,21,20,1
escapenumbere,21,12,9
foolishli,21,5,16
geforc,21,17,4
matchbox,21,15,6
voyeur,21,4,17
xenlcal,21,0,21
azerbaijan,21,6,15
gayl,21,18,3
iaiiti,21,0,21
svm,21,20,1
schult,21,21,0
shen,21,19,2
eleventh,21,6,15
perlscalar,21,21,0
gedankenkonstrukt,21,21,0
wangfa,21,21,0
deeff,21,0,21
turret,21,10,11
ulsoftsh,21,0,21
armchair,21,2,19
ico,21,13,8
cush,21,13,8
helium,21,11,10
atc,21,20,1
cpanplu,21,21,0
sturbridg,21,14,7
irisson,21,21,0
kirbi,21,10,11
cog,21,6,15
tatiana,21,21,0
lnsl,21,21,0
vide,21,8,13
xo,21,21,0
martel,21,21,0
nhh,21,20,1
shakeout,21,21,0
bild,21,15,6
reich,21,8,13
bidirect,21,9,12
uritok,21,21,0
tiresom,21,4,17
gerber,21,15,6
cubicl,21,9,12
cng,21,13,8
curtsey,21,0,21
parrotthread,21,21,0
profan,21,7,14
pmcnull,21,21,0
easement,21,21,0
setsql,21,21,0
stamer,21,21,0
pantri,21,1,20
unavoid,21,13,8
adamson,21,11,10
exemplari,21,18,3
uhc,21,16,5
jordin,21,21,0
fib,21,2,19
loro,21,14,7
loopback,21,18,3
bedhead,21,0,21
myserv,21,21,0
shlp,21,0,21
adjoin,21,7,14
clemon,21,18,3
delinqu,21,5,16
connectescapenumb,21,21,0
feldt,21,21,0
szczesniak,21,21,0
infiltr,21,9,12
bridget,21,9,12
varnam,21,21,0
bridesmaid,21,2,19
debar,21,1,20
tdimg,21,0,21
overvalu,21,19,2
tiksubj,21,21,0
tapti,21,21,0
zhopoemka,21,0,21
sofort,21,6,15
piecem,21,18,3
mygat,21,21,0
ldapdisplaynam,21,21,0
graphit,21,3,18
dao,21,0,21
mol,21,10,11
distinctli,21,13,8
ngt,21,11,10
contravent,21,3,18
wrapup,21,16,5
readcnt,21,21,0
ececec,21,0,21
mkstemp,21,21,0
parma,21,2,19
epg,21,20,1
whoi,21,17,4
melvin,21,9,12
ticid,21,21,0
tkcanva,21,21,0
kinki,21,1,20
stylu,21,3,18
umebi,21,0,21
deshi,21,0,21
nysun,21,21,0
rrr,21,16,5
quadratcount,21,21,0
halberstam,21,21,0
amarna,21,19,2
namesescapenumb,21,21,0
bigfoot,21,18,3
typifi,21,3,18
esrescapenumb,21,21,0
spiderman,21,20,1
tangenti,21,16,5
wacki,21,11,10
argo,21,8,13
selloff,21,21,0
seclud,21,1,20
melod,21,1,20
jeremiah,21,10,11
clu,21,14,7
jpi,21,19,2
bookbind,21,1,20
isspac,21,21,0
gentil,21,2,19
modconf,21,21,0
mommi,21,12,9
luk,21,19,2
unalt,21,20,1
buscar,21,4,17
brittani,21,7,14
surreal,21,15,6
tumultu,21,13,8
landak,21,21,0
rapper,21,20,1
puddingdetach,21,0,21
tempescapenumb,21,21,0
hoodiapil,21,0,21
ervin,21,12,9
parenthet,21,12,9
scrubber,21,20,1
typok,21,0,21
hauss,21,9,12
snitch,21,21,0
hoodiag,21,0,21
slava,21,19,2
depto,21,15,6
nchannel,21,21,0
lucid,21,6,15
fractiou,21,12,9
breathitt,21,21,0
bewail,21,0,21
bestrewardsaround,21,0,21
hacienda,21,0,21
bibul,21,0,21
btowc,21,21,0
malta,21,14,7
escapenumbersec,21,21,0
jornada,21,9,12
oad,21,14,7
reali,21,13,8
nordea,21,0,21
siescapenumberux,21,21,0
produto,21,3,18
medsal,21,0,21
callr,21,21,0
rae,21,12,9
libspeechd,21,21,0
qnx,21,13,8
assigne,21,6,15
funk,21,6,15
rii,21,16,5
fibonacci,21,1,20
rlce,21,0,21
sammassimo,21,21,0
steni,21,7,14
omg,21,11,10
abx,21,3,18
qpix,21,0,21
roxann,21,2,19
parqu,21,2,19
milano,21,16,5
oldconfig,21,21,0
hilt,21,1,20
lastbadpassword,21,21,0
clearinghous,21,20,1
averi,21,4,17
kines,21,0,21
ck,21,4,17
spectra,21,19,2
outstandlng,21,0,21
nlminb,21,21,0
denigr,21,4,17
plng,21,0,21
rcompgen,21,21,0
pouvez,21,7,14
snooz,21,4,17
preload,21,15,6
phenterminemeridia,21,0,21
hpa,21,1,20
nescapenumbert,21,0,21
achim,21,21,0
untar,21,21,0
db,21,17,4
schoolchildren,21,7,14
jingm,21,21,0
pamper,21,7,14
thk,21,20,1
worldcom,21,19,2
overdo,21,3,18
jumpstart,21,4,17
planescapenumb,21,21,0
afescapenumb,21,15,6
dduncan,21,21,0
lacklust,21,11,10
o,21,6,15
generalist,21,19,2
tmxt,21,0,21
sonic,21,4,17
hoodiaconcentr,21,0,21
statuspag,21,21,0
opin,21,16,5
mosh,21,20,1
africanhoodia,21,0,21
carpint,21,0,21
agentl,21,0,21
etat,21,6,15
avk,21,19,2
lliy,21,0,21
winehq,21,21,0
integrand,21,17,4
jobless,21,21,0
geodet,21,12,9
visualizar,21,0,21
eci,21,18,3
haggl,21,11,10
thoug,21,0,21
getnameinfo,21,21,0
dwyer,21,5,16
acloc,21,21,0
avoc,21,2,19
biogener,21,9,12
falsifi,21,8,13
floe,21,0,21
bpub,21,20,1
xiii,21,10,11
donaldson,21,4,17
autobiographi,21,1,20
incalcul,21,11,10
nin,21,6,15
distancia,21,2,19
macrom,21,0,21
mourner,21,17,4
fiebert,21,21,0
daimlerchrysl,21,17,4
avanzada,21,1,20
inordin,21,5,16
yeo,21,18,3
wle,21,20,1
itworld,21,21,0
autist,21,15,6
talkleft,21,21,0
durchstarten,21,4,17
catfish,21,9,12
choosefunct,21,21,0
fairchild,21,15,6
difford,21,21,0
goulet,21,20,1
arbeit,21,5,16
oas,21,2,19
vanquish,21,2,19
preferenti,21,13,8
buildinq,21,0,21
mation,21,2,19
useful,21,18,3
clickabl,21,20,1
bole,21,7,14
ainsley,21,21,0
alamac,21,21,0
enu,21,20,1
cftc,21,21,0
compendium,21,8,13
exl,21,21,0
schnabel,21,15,6
fron,21,18,3
gunther,21,13,8
aerob,21,7,14
sukali,21,21,0
caledonia,21,19,2
reembolso,21,0,21
scenic,21,12,9
deceler,21,8,13
pharmalot,21,21,0
wholesom,21,1,20
crinkl,21,0,21
hehe,21,15,6
frigid,21,3,18
sensuou,21,1,20
smote,21,0,21
undisput,21,12,9
wk,21,16,5
ynescapenumb,21,19,2
scorecard,21,13,8
anomal,21,5,16
repudi,21,11,10
acyc,21,0,21
balak,21,0,21
clireadwrit,21,21,0
dejar,21,2,19
shuttleworth,21,21,0
microbi,21,0,21
kfac,21,21,0
muehlstein,21,0,21
ertegun,21,21,0
hostescapenumb,21,10,11
phamaci,21,0,21
glenda,21,7,14
flagler,21,6,15
workday,21,10,11
hatzi,21,21,0
barter,21,5,16
wyeth,21,17,4
jain,21,18,3
fascist,21,9,12
fissur,21,3,18
mogo,21,0,21
asymmetr,21,20,1
solidar,21,14,7
trolltech,21,21,0
declaratori,21,9,12
cpufreq,21,21,0
notim,20,0,20
obasanjo,20,2,18
capricorn,20,4,16
retransmiss,20,15,5
dmesg,20,19,1
cardboard,20,8,12
jewerli,20,0,20
newp,20,20,0
mermaid,20,6,14
preven,20,18,2
umk,20,0,20
squabbl,20,13,7
bav,20,20,0
badger,20,7,13
octavian,20,19,1
fmlist,20,20,0
sludg,20,0,20
fiala,20,20,0
annualiy,20,0,20
doppler,20,3,17
gelber,20,20,0
gimm,20,12,8
gom,20,20,0
lackey,20,8,12
hinter,20,6,14
mazda,20,16,4
tasteless,20,1,19
suma,20,16,4
duquesn,20,15,5
airtight,20,6,14
realizado,20,5,15
emeritu,20,8,12
flout,20,12,8
charlton,20,17,3
denom,20,20,0
warp,20,10,10
enumescapenumb,20,20,0
bertram,20,8,12
hom,20,6,14
hubri,20,14,6
carmin,20,12,8
cignam,20,0,20
lava,20,10,10
fruiti,20,13,7
udep,20,20,0
webseit,20,0,20
gini,20,20,0
peevey,20,20,0
colocar,20,1,19
rsq,20,19,1
delud,20,5,15
censori,20,0,20
vid,20,6,14
helleveien,20,20,0
annuaiiz,20,0,20
vaiium,20,0,20
undon,20,11,9
plil,20,0,20
vpopmail,20,0,20
zeigen,20,5,15
tard,20,5,15
confiden,20,3,17
pix,20,8,12
finni,20,13,7
upstart,20,12,8
morocco,20,8,12
pintor,20,13,7
tb,20,0,20
cuisin,20,7,13
bescapenumbern,20,9,11
inexplic,20,5,15
nairobi,20,7,13
chfr,20,0,20
pilar,20,14,6
chromosom,20,7,13
gpled,20,20,0
dfc,20,20,0
cryptographi,20,9,11
baromet,20,9,11
sonntag,20,19,1
offseason,20,20,0
alfredo,20,9,11
mul,20,14,6
sectionhead,20,0,20
dissoci,20,1,19
agg,20,17,3
depui,20,13,7
equiva,20,20,0
breakabl,20,1,19
allemand,20,5,15
barefoot,20,0,20
hmmmm,20,20,0
algo,20,3,17
gaddafi,20,2,18
hotwir,20,16,4
decision,20,2,18
mcguir,20,8,12
rsi,20,16,4
harmaci,20,0,20
dxescapenumb,20,16,4
unixnam,20,20,0
sendlen,20,20,0
collong,20,20,0
emaillink,20,20,0
bilinear,20,2,18
dbf,20,8,12
ahoy,20,2,18
lucenti,20,20,0
granular,20,15,5
ffcbescapenumb,20,20,0
cfoo,20,20,0
bmg,20,7,13
letterhead,20,7,13
frien,20,8,12
oui,20,2,18
canfield,20,9,11
transistor,20,8,12
ondernem,20,0,20
unansw,20,13,7
bristow,20,20,0
sicilian,20,14,6
gepl,20,20,0
derang,20,3,17
construcci,20,1,19
marten,20,14,6
gma,20,13,7
basalt,20,2,18
buster,20,8,12
glee,20,2,18
ibxg,20,0,20
eisenhow,20,2,18
affront,20,0,20
banzai,20,0,20
openai,20,20,0
bub,20,0,20
cormier,20,17,3
coliseum,20,11,9
getaddrinfo,20,20,0
eboni,20,9,11
ramirez,20,16,4
spamguard,20,17,3
freitag,20,8,12
copytal,20,0,20
marian,20,12,8
rgrjr,20,20,0
getkeysecur,20,20,0
synergist,20,3,17
huntsvil,20,11,9
ruiz,20,19,1
streawkceur,20,20,0
nippon,20,11,9
rbinom,20,20,0
oi,20,16,4
espaol,20,1,19
sxga,20,4,16
indescrib,20,7,13
bilcar,20,20,0
shapeescapenumb,20,20,0
reinhard,20,0,20
windblow,20,20,0
vuchetich,20,20,0
lyme,20,18,2
emptiv,20,19,1
errbadpath,20,20,0
kunstwerk,20,20,0
acess,20,11,9
centertrtd,20,0,20
ziemlich,20,3,17
fireplac,20,5,15
millend,20,20,0
disbar,20,18,2
guatemaia,20,0,20
elescapenumb,20,12,8
strife,20,6,14
comor,20,0,20
distutil,20,20,0
sweetli,20,0,20
ffaoa,20,0,20
damsel,20,0,20
harrow,20,9,11
limelight,20,10,10
optlen,20,20,0
ptonescapenumb,20,20,0
comhttp,20,19,1
mayan,20,12,8
smithsonian,20,17,3
smartwin,20,0,20
hindawi,20,0,20
ktwarwicd,20,0,20
especial,20,1,19
mamaroneck,20,4,16
escriba,20,0,20
crutch,20,3,17
politik,20,4,16
bequest,20,2,18
chisel,20,5,15
databasehandl,20,20,0
wellesley,20,17,3
humpback,20,14,6
eyefontm,20,0,20
panna,20,20,0
utopia,20,5,15
vielleicht,20,4,16
snuff,20,2,18
belinda,20,15,5
clinician,20,12,8
diagrammat,20,14,6
siteescapenumb,20,20,0
ludwig,20,16,4
unholi,20,1,19
exempl,20,12,8
hofer,20,0,20
worldexpo,20,0,20
wellknown,20,14,6
unbelivabi,20,0,20
lintner,20,0,20
grassley,20,20,0
mauna,20,18,2
empathi,20,8,12
anarch,20,4,16
dishearten,20,16,4
escribir,20,0,20
bloomer,20,20,0
atav,20,1,19
retai,20,1,19
foyer,20,7,13
townsend,20,13,7
sinist,20,8,12
wallst,20,0,20
blusteri,20,3,17
timescal,20,19,1
verhelst,20,20,0
eltern,20,0,20
rumsfeld,20,18,2
devilish,20,0,20
bissonnett,20,20,0
axl,20,3,17
minitab,20,20,0
geni,20,11,9
kitagawa,20,20,0
newscientisttech,20,20,0
harshbarg,20,20,0
plumhead,20,20,0
voyagedown,20,0,20
jovi,20,17,3
expescapenumb,20,20,0
horatio,20,4,16
mailx,20,1,19
starlet,20,6,14
mcgrath,20,17,3
palmieri,20,20,0
niter,20,20,0
martini,20,5,15
sev,20,12,8
smoother,20,16,4
sarimah,20,20,0
olddir,20,20,0
zwar,20,5,15
furmanfw,20,0,20
absente,20,4,16
giacomo,20,14,6
anteced,20,9,11
vernr,20,20,0
ldapmodul,20,20,0
chennai,20,17,3
eriksson,20,20,0
paivi,20,0,20
pnbsp,20,0,20
arialretail,20,0,20
loudest,20,8,12
litmu,20,9,11
ramsauer,20,0,20
descapenumbern,20,0,20
alacr,20,0,20
lten,20,1,19
banda,20,10,10
lstar,20,20,0
deregist,20,19,1
entourag,20,9,11
scaiabi,20,0,20
strate,20,11,9
collus,20,14,6
geynil,20,20,0
objectnam,20,20,0
nig,20,2,18
brande,20,20,0
papier,20,11,9
starcraft,20,19,1
practica,20,0,20
omput,20,9,11
phentermln,20,0,20
toulous,20,18,2
freder,20,10,10
eadb,20,20,0
beal,20,16,4
surmis,20,13,7
bugfix,20,15,5
gon,20,12,8
servern,20,20,0
anticompetit,20,20,0
deliquesc,20,0,20
rescind,20,12,8
aquarium,20,12,8
lvlt,20,1,19
suppo,20,5,15
unaffect,20,12,8
dublon,20,11,9
cgide,20,0,20
macht,20,10,10
schoolyard,20,6,14
wig,20,3,17
burch,20,1,19
boogi,20,3,17
abyssinia,20,3,17
jhooamnqg,20,0,20
naia,20,20,0
blitzer,20,19,1
propri,20,18,2
crust,20,1,19
drawbridg,20,10,10
martino,20,19,1
havinq,20,0,20
guitarra,20,0,20
babcock,20,9,11
summi,20,20,0
dallman,20,18,2
tbgtjlnad,20,20,0
waltz,20,5,15
arialba,20,0,20
pervert,20,3,17
begrudg,20,1,19
getanydcnam,20,20,0
dconway,20,12,8
autohelp,20,20,0
palavra,20,0,20
hardwork,20,3,17
windowxp,20,0,20
aescapenumberbi,20,0,20
gbn,20,16,4
atomkraftwerk,20,0,20
propound,20,2,18
camouflag,20,10,10
confirmlog,20,20,0
biberist,20,20,0
daryl,20,11,9
pasar,20,2,18
codeiin,20,0,20
pbescapenumb,20,0,20
deiay,20,0,20
setnetgr,20,20,0
pilewort,20,0,20
cosmolog,20,10,10
sollen,20,2,18
nav,20,12,8
nationalnew,20,20,0
vajpaye,20,20,0
rcheck,20,20,0
tepelini,20,0,20
abdic,20,0,20
btescapenumb,20,12,8
americabonu,20,0,20
preemptiv,20,8,12
siratu,20,0,20
jeer,20,11,9
tweedi,20,6,14
quotemeta,20,20,0
cai,20,2,18
darialfont,20,0,20
starr,20,13,7
hungrili,20,0,20
whic,20,7,13
escapenumberdrev,20,20,0
romanian,20,13,7
amongth,20,0,20
billiton,20,11,9
manxl,20,0,20
verkaufen,20,2,18
havesvk,20,20,0
nata,20,0,20
antelopehn,20,0,20
examplefun,20,20,0
gilchrist,20,15,5
bemoan,20,3,17
heteroscedast,20,20,0
goid,20,0,20
mkrule,20,20,0
helloworld,20,20,0
obi,20,4,16
petrol,20,3,17
beguil,20,0,20
firstca,20,9,11
sbval,20,20,0
keeney,20,20,0
ecp,20,12,8
ung,20,3,17
ballerina,20,1,19
imam,20,5,15
opic,20,19,1
gabriela,20,13,7
bein,20,1,19
simplement,20,1,19
nandialath,20,20,0
dignitari,20,4,16
visag,20,3,17
usg,20,12,8
hepburn,20,5,15
thompsonvil,20,20,0
lrcj,20,0,20
enbridg,20,20,0
mammal,20,11,9
vultur,20,10,10
getnetgr,20,20,0
rmgzshd,20,20,0
peruano,20,20,0
additionai,20,1,19
escapenumberfwb,20,20,0
patton,20,7,13
canadien,20,20,0
terabyt,20,19,1
ativ,20,2,18
foust,20,19,1
sustra,20,20,0
underpin,20,19,1
hlh,20,20,0
granari,20,0,20
defiantli,20,0,20
dnc,20,18,2
grecc,20,20,0
tix,20,20,0
clam,20,5,15
rmino,20,4,16
wc,20,19,1
qatar,20,17,3
geil,20,1,19
tbg,20,20,0
fopen,20,20,0
mandi,20,16,4
quicktim,20,13,7
eed,20,9,11
burgunderstrass,20,20,0
reflex,20,8,12
dopo,20,9,11
tuwien,20,20,0
spotless,20,1,19
escapenumberday,20,19,1
ens,20,8,12
afforest,20,0,20
serena,20,18,2
prosaka,20,0,20
futuro,20,0,20
txpo,20,0,20
rcom,20,20,0
mulong,20,20,0
drape,20,6,14
yong,20,16,4
inth,20,8,12
pont,20,7,13
archetyp,20,4,16
thonr,20,0,20
affymetrix,20,20,0
tuscani,20,6,14
disgruntl,20,10,10
monologu,20,2,18
chf,20,18,2
taxicab,20,0,20
modalidad,20,0,20
outnumb,20,18,2
issuid,20,20,0
circumstanti,20,6,14
flour,20,4,16
gte,20,20,0
conniv,20,2,18
whirlpool,20,3,17
defam,20,18,2
bsize,20,20,0
brahm,20,5,15
allstat,20,13,7
hitachi,20,8,12
sciencedaili,20,20,0
furrow,20,10,10
bollywood,20,13,7
olimit,20,20,0
yavuz,20,20,0
powerpcescapenumb,20,20,0
alumna,20,0,20
colonist,20,4,16
tackett,20,16,4
smbpid,20,20,0
prong,20,12,8
molten,20,7,13
incendio,20,7,13
llk,20,20,0
notebookplu,20,0,20
biodivers,20,19,1
gosl,20,11,9
gleich,20,3,17
annonc,20,9,11
ott,20,13,7
caviar,20,3,17
visiongain,20,0,20
vc,20,19,1
geiger,20,10,10
sportak,20,0,20
notfounderror,20,20,0
katharin,20,7,13
imbroglio,20,13,7
stanton,20,14,6
sfileinfo,20,20,0
fstat,20,17,3
xen,20,20,0
nvda,20,17,3
thor,20,12,8
ayuda,20,4,16
oldhash,20,20,0
amb,20,4,16
rtner,20,1,19
vy,20,16,4
wikitravel,20,20,0
aparato,20,1,19
maniac,20,2,18
techdirt,20,20,0
geescapenumberrec,20,20,0
deletelocalgroup,20,20,0
pluggabl,20,14,6
dtoi,20,0,20
flay,20,18,2
respit,20,11,9
armm,20,0,20
standaion,20,0,20
loteria,20,0,20
addescapenumb,20,20,0
gdbm,20,20,0
banburi,20,0,20
stockman,20,20,0
mumbl,20,4,16
suitcas,20,7,13
webal,20,5,15
gauch,20,9,11
grower,20,7,13
hustl,20,9,11
bauli,20,20,0
feerick,20,20,0
escapenumberrz,20,0,20
pue,20,16,4
autloyn,20,0,20
nottingham,20,13,7
aqgi,20,0,20
wapa,20,20,0
kuku,20,20,0
arialour,20,0,20
sumner,20,17,3
dever,20,11,9
distdir,20,19,1
itcapp,20,20,0
usw,20,9,11
jusqu,20,8,12
henna,20,0,20
constern,20,1,19
delashera,20,20,0
anoint,20,7,13
bufescapenumb,20,20,0
homag,20,8,12
xmid,20,20,0
softer,20,13,7
bordeaux,20,4,16
vjestika,20,0,20
tageshoch,20,0,20
publico,20,0,20
rori,20,19,1
utmp,20,20,0
thebullreport,20,0,20
chinatown,20,0,20
prowess,20,8,12
yao,20,17,3
jie,20,18,2
usaforinnov,20,20,0
tirad,20,14,6
fibr,20,13,7
surpri,20,2,18
softciali,20,0,20
ramasami,20,20,0
trampl,20,4,16
croupier,20,0,20
donut,20,15,5
cuanto,20,5,15
arrayref,20,20,0
oggetti,20,20,0
hobb,20,7,13
descripci,20,0,20
slopi,20,0,20
muishkin,20,0,20
qbmjpvsh,20,0,20
betei,20,0,20
quart,20,5,15
kiodex,20,20,0
rater,20,18,2
hickey,20,5,15
kaj,20,0,20
hoch,20,2,18
logiciel,20,16,4
identiai,20,0,20
ker,20,8,12
phenom,20,13,7
cooley,20,5,15
kicker,20,16,4
norwich,20,10,10
the,20,3,17
dissip,20,3,17
gjsg,20,0,20
soyturk,20,20,0
cest,20,15,5
deerfield,20,4,16
stopper,20,12,8
sila,20,0,20
juuldomingoserv,20,0,20
primat,20,7,13
werk,20,14,6
throng,20,5,15
rapport,20,15,5
cartograph,20,0,20
scmi,20,0,20
myfamili,20,18,2
ilrweb,20,20,0
uncom,20,20,0
luvu,20,0,20
tyurin,20,20,0
nowbuy,20,0,20
readytraveel,20,0,20
yaca,20,20,0
bryceveg,20,20,0
kleiner,20,2,18
qbar,20,20,0
typolog,20,14,6
gotshal,20,20,0
britannica,20,5,15
sham,20,12,8
woodwork,20,7,13
escapenumberour,20,2,18
archaic,20,5,15
furtiv,20,10,10
zuma,20,0,20
transpiant,20,0,20
drinkscal,20,0,20
tbgvljtad,20,20,0
mprvar,20,20,0
cse,20,15,5
frink,20,20,0
denton,20,9,11
perso,20,4,16
remediann,20,0,20
seien,20,17,3
finddc,20,20,0
adelaida,20,0,20
suo,20,6,14
brietil,20,0,20
ait,20,9,11
calculu,20,8,12
spacework,20,20,0
inexor,20,5,15
escapenumberksti,20,20,0
busp,20,0,20
profitabii,20,0,20
racism,20,19,1
tahoma,20,10,10
predatori,20,13,7
chroma,20,20,0
sleepili,20,0,20
antagon,20,2,18
parc,20,19,1
utk,20,20,0
byblob,20,20,0
aker,20,7,13
errnoaccess,20,20,0
endgam,20,8,12
mpften,20,0,20
ldapbackend,20,20,0
dcinfo,20,20,0
tungsten,20,1,19
vue,20,18,2
dirent,20,20,0
mescapenumberr,20,2,18
ctdblogo,20,20,0
indebt,20,11,9
philanthropi,20,7,13
mata,20,11,9
wtf,20,16,4
belmont,20,9,11
ank,20,7,13
newdir,20,20,0
insurmount,20,6,14
candlelight,20,6,14
uch,20,4,16
archipelago,20,1,19
ubar,20,20,0
fabuloso,20,0,20
mgm,20,10,10
linearli,20,20,0
amicogodzilla,20,20,0
inelig,20,4,16
detox,20,15,5
goerzen,20,20,0
formatt,20,16,4
cipla,20,18,2
galton,20,14,6
evas,20,13,7
caw,20,0,20
georgic,20,0,20
aescapenumberr,20,1,19
heartbreak,20,9,11
penc,20,11,9
tro,20,2,18
dingo,20,3,17
smbrun,20,20,0
felon,20,8,12
matson,20,10,10
argot,20,7,13
antipod,20,0,20
moron,20,5,15
aberdeen,20,7,13
cer,20,12,8
binmod,20,20,0
malon,20,9,11
mongolia,20,13,7
adelphia,20,6,14
findstr,20,20,0
arialy,20,0,20
wholiy,20,0,20
frontal,20,5,15
sleet,20,0,20
americana,20,6,14
tdtrtd,20,0,20
infact,20,3,17
rld,20,16,4
bene,20,8,12
leescapenumb,20,18,2
bacteri,20,4,16
ccti,20,0,20
ize,20,5,15
cere,20,8,12
hiccup,20,9,11
tsb,20,3,17
hatten,20,9,11
gesti,20,5,15
seeth,20,1,19
dcenterfont,20,0,20
ainsi,20,7,13
counteract,20,7,13
sordna,20,0,20
danielson,20,11,9
greenbelt,20,0,20
miyai,20,20,0
clich,20,8,12
cifsmount,20,20,0
resetup,20,20,0
flute,20,5,15
impur,20,5,15
disjunct,20,7,13
motsing,20,20,0
anansi,20,20,0
slaughterhous,20,12,8
fribourg,19,17,2
rawal,19,19,0
masterfil,19,19,0
xito,19,5,14
solder,19,0,19
filedir,19,19,0
overdispers,19,19,0
kohlberg,19,17,2
dahlia,19,0,19
culturel,19,19,0
bah,19,3,16
bigchart,19,1,18
doorkeep,19,0,19
annuaili,19,0,19
prologu,19,11,8
wart,19,4,15
excelmortgagegroup,19,0,19
superson,19,19,0
kase,19,19,0
hrung,19,7,12
warship,19,14,5
lina,19,16,3
welterb,19,5,14
pricelin,19,19,0
sysread,19,18,1
morphin,19,7,12
laport,19,18,1
peescapenumb,19,8,11
bcv,19,0,19
clanton,19,17,2
sardon,19,0,19
frac,19,18,1
stank,19,1,18
wavescrib,19,0,19
aspectescapenumberd,19,19,0
jayant,19,19,0
escapenumberhour,19,17,2
vincejkaminski,19,19,0
aescapenumberhi,19,0,19
graffiti,19,16,3
greensboro,19,3,16
apel,19,18,1
demic,19,19,0
kuo,19,19,0
ireq,19,19,0
balneal,19,0,19
abash,19,0,19
pida,19,2,17
contraven,19,11,8
siren,19,10,9
lini,19,3,16
heckl,19,15,4
spilt,19,1,18
golosko,19,0,19
kseeger,19,19,0
upshot,19,9,10
indig,19,7,12
reassembl,19,10,9
sawyer,19,10,9
twelfth,19,4,15
abysm,19,8,11
aristotl,19,4,15
xpd,19,19,0
advi,19,1,18
unfasten,19,0,19
anarchist,19,12,7
sorrel,19,14,5
stiil,19,0,19
nra,19,18,1
imgg,19,0,19
osteoarthr,19,1,18
crispin,19,5,14
clooney,19,18,1
dsm,19,11,8
orchid,19,2,17
lotti,19,0,19
oli,19,9,10
fvisibl,19,19,0
gtescapenumberu,19,0,19
macosxf,19,19,0
forsook,19,0,19
bellweth,19,13,6
cuccia,19,19,0
realiza,19,4,15
chauffeur,19,3,16
condicion,19,0,19
kindl,19,1,18
placat,19,7,12
croft,19,4,15
dodgi,19,18,1
unr,19,16,3
siu,19,19,0
prentic,19,11,8
anchovi,19,0,19
droop,19,2,17
pepsico,19,15,4
tlc,19,7,12
pdflatex,19,19,0
banal,19,6,13
simi,19,11,8
eescapenumberv,19,15,4
cluck,19,2,17
jfsfile,19,19,0
processo,19,1,18
supplant,19,12,7
fanfar,19,7,12
sleigh,19,1,18
pverd,19,19,0
besten,19,4,15
mmog,19,19,0
rebut,19,8,11
dispnam,19,19,0
caravan,19,7,12
mehrer,19,18,1
undream,19,1,18
flavin,19,19,0
serendip,19,0,19
ipso,19,10,9
tain,19,5,14
partnerin,19,0,19
populist,19,15,4
acht,19,2,17
weekof,19,19,0
unintend,19,19,0
irrepress,19,0,19
palpabl,19,7,12
aggressor,19,1,18
grizzli,19,5,14
abzt,19,0,19
compuserv,19,17,2
enviabl,19,3,16
iev,19,0,19
musa,19,1,18
prorat,19,16,3
gullibl,19,3,16
toupe,19,0,19
hkeasi,19,0,19
ocr,19,14,5
beyer,19,18,1
misstep,19,17,2
lightfoot,19,19,0
qmedbuy,19,0,19
mitteilung,19,1,18
faux,19,14,5
hotli,19,8,11
bret,19,13,6
meson,19,0,19
indistinguish,19,2,17
pgamma,19,19,0
addfriend,19,19,0
donrep,19,19,0
lob,19,6,13
mackintosh,19,0,19
tubman,19,0,19
noauth,19,19,0
forex,19,8,11
presentabi,19,0,19
riskpubl,19,19,0
mesquita,19,19,0
condescens,19,0,19
dispositivo,19,3,16
tescapenumbern,19,13,6
mjg,19,19,0
scripp,19,15,4
activestateperl,19,19,0
humana,19,5,14
jsvolsvmwc,19,0,19
perlop,19,19,0
immateri,19,14,5
asyouwin,19,0,19
hubco,19,19,0
proescapenumb,19,1,18
manufact,19,1,18
oldkey,19,19,0
bookshelf,19,7,12
pql,19,19,0
manifold,19,4,15
kunkel,19,19,0
iif,19,18,1
rja,19,12,7
makeinfo,19,19,0
incit,19,4,15
majorwitz,19,19,0
dessi,19,19,0
bernank,19,7,12
slovenia,19,9,10
seco,19,9,10
uninterest,19,6,13
korav,19,0,19
porta,19,6,13
bluster,19,3,16
confirmatori,19,10,9
edibl,19,3,16
lacroix,19,1,18
korajn,19,19,0
supris,19,7,12
improprieti,19,9,10
luigic,19,19,0
ogr,19,15,4
gemini,19,5,14
recentiy,19,0,19
vagina,19,1,18
psychoanalyst,19,1,18
noinit,19,19,0
huffman,19,11,8
smeerenburg,19,0,19
valueerror,19,19,0
tment,19,4,15
fruition,19,10,9
salutojn,19,19,0
admonish,19,2,17
nchen,19,12,7
raz,19,7,12
escapenumberdm,19,14,5
gallop,19,5,14
replika,19,0,19
cint,19,0,19
bsm,19,18,1
fpu,19,8,11
karr,19,19,0
acerb,19,0,19
njmg,19,19,0
privatanleg,19,1,18
upland,19,1,18
acosta,19,7,12
rubelglennrack,19,0,19
besselk,19,19,0
contradistinct,19,0,19
dey,19,4,15
lalitha,19,19,0
corrod,19,1,18
mellacheruvu,19,19,0
beckman,19,4,15
goofi,19,6,13
serbia,19,7,12
cosponsor,19,4,15
infodel,19,0,19
rebuf,19,19,0
incluya,19,1,18
bedspread,19,0,19
sinai,19,14,5
scratchpad,19,19,0
kaiblin,19,19,0
newrecord,19,19,0
regen,19,9,10
djohnsop,19,19,0
dynamit,19,1,18
boyish,19,1,18
gulp,19,1,18
pedigre,19,9,10
wilmer,19,16,3
bootload,19,19,0
nydailynew,19,19,0
edd,19,15,4
ccing,19,19,0
podemo,19,3,16
feescapenumb,19,11,8
aescapenumberhad,19,0,19
genealog,19,8,11
bylo,19,13,6
gba,19,1,18
investigatori,19,13,6
respiratori,19,5,14
soit,19,6,13
richtig,19,1,18
arci,19,18,1
constrict,19,3,16
msgagt,19,19,0
iinclud,19,19,0
crisscross,19,4,15
sleeper,19,7,12
tze,19,17,2
datafil,19,19,0
maac,19,19,0
racer,19,13,6
uhd,19,18,1
bombshel,19,18,1
gilley,19,19,0
rrcov,19,19,0
eagain,19,18,1
ptt,19,2,17
kerb,19,18,1
renunci,19,2,17
xor,19,17,2
womenescapenumb,19,19,0
wasser,19,2,17
adu,19,0,19
josselin,19,19,0
imcpasm,19,19,0
wile,19,6,13
nu,19,13,6
piii,19,0,19
guarda,19,11,8
aumix,19,19,0
hase,19,5,14
mcintyr,19,12,7
culpa,19,5,14
nww,19,19,0
dhabol,19,19,0
homecom,19,5,14
stati,19,17,2
boob,19,3,16
proteg,19,13,6
sle,19,14,5
arb,19,18,1
extremist,19,17,2
bough,19,1,18
hatti,19,11,8
bluf,19,1,18
winslow,19,3,16
versuchen,19,1,18
mousearray,19,19,0
engl,19,9,10
dropterm,19,19,0
ieescapenumb,19,15,4
sockinit,19,19,0
bullfrog,19,2,17
bunk,19,4,15
ogranovich,19,19,0
whit,19,11,8
betraechtlich,19,0,19
armhol,19,0,19
aml,19,18,1
omni,19,13,6
lunchtim,19,14,5
trinari,19,19,0
trench,19,9,10
beteiligung,19,1,18
charcoal,19,6,13
zzescapenumb,19,16,3
henceforth,19,2,17
optmatch,19,19,0
tcoescapenumb,19,19,0
compr,19,7,12
koolrx,19,0,19
preseed,19,19,0
baird,19,8,11
holcomb,19,9,10
ebayisapi,19,1,18
wist,19,3,16
spaniel,19,3,16
therneau,19,19,0
rahaim,19,19,0
christen,19,1,18
permanent,19,11,8
irixacl,19,19,0
finalsmok,19,0,19
kidwarm,19,0,19
guerriero,19,19,0
derogatori,19,8,11
grugstor,19,0,19
recuper,19,15,4
madman,19,2,17
coleccionista,19,19,0
icann,19,10,9
infoseek,19,0,19
neuter,19,3,16
cosmopolitan,19,11,8
ilog,19,19,0
siberian,19,11,8
ratnala,19,19,0
bifurc,19,9,10
individua,19,0,19
timestr,19,19,0
mumi,19,1,18
lca,19,7,12
orion,19,13,6
hardwood,19,1,18
shimmer,19,9,10
whitestrip,19,0,19
eddelbuettel,19,19,0
gild,19,4,15
faso,19,3,16
inconceiv,19,3,16
operador,19,0,19
lotion,19,2,17
nkiy,19,0,19
lockdown,19,17,2
orwel,19,4,15
acto,19,6,13
tallocobj,19,19,0
cowri,19,0,19
disparag,19,15,4
miraelinvest,19,0,19
wurden,19,10,9
aquisit,19,9,10
foadi,19,19,0
cilck,19,0,19
havesvn,19,19,0
perfectiy,19,0,19
namhaft,19,0,19
alhaji,19,0,19
nicholson,19,6,13
qqnorm,19,19,0
odesolv,19,19,0
waterway,19,6,13
frolic,19,1,18
galley,19,3,16
boswel,19,6,13
bernic,19,8,11
ourself,19,14,5
spielen,19,1,18
fh,19,17,2
gnash,19,7,12
chtml,19,7,12
laszlo,19,12,7
verweigert,19,1,18
bismarck,19,1,18
sheff,19,6,13
cipa,19,0,19
treacheri,19,10,9
unico,19,14,5
grimac,19,0,19
xxxxxx,19,12,7
stubblefield,19,17,2
plame,19,19,0
doit,19,14,5
sprechen,19,6,13
groovi,19,9,10
bestatigen,19,0,19
unid,19,19,0
autopsi,19,6,13
ambler,19,19,0
phya,19,0,19
akw,19,0,19
gesch,19,13,6
latvia,19,7,12
tac,19,15,4
lescapenumbers,19,0,19
psu,19,14,5
inteliig,19,0,19
cambio,19,2,17
gestrigen,19,1,18
xia,19,15,4
oculta,19,12,7
rt,19,10,9
disjoint,19,17,2
binocular,19,5,14
consideramo,19,0,19
icom,19,17,2
compan,19,12,7
brainwash,19,1,18
escada,19,2,17
explet,19,12,7
gab,19,11,8
baseman,19,6,13
rosuda,19,19,0
mukta,19,19,0
shortsight,19,13,6
agregar,19,1,18
newsl,19,3,16
demurrag,19,0,19
farmland,19,5,14
wichai,19,19,0
axillari,19,0,19
sarcast,19,10,9
counterflow,19,0,19
automorph,19,0,19
horrorshow,19,0,19
kurzel,19,9,10
estrat,19,2,17
appendag,19,2,17
litso,19,0,19
karma,19,2,17
glycem,19,2,17
bicker,19,4,15
bescapenumbero,19,2,17
ection,19,3,16
igwescapenumb,19,0,19
vald,19,19,0
libev,19,19,0
joaquin,19,12,7
stamped,19,8,11
sceptic,19,10,9
mcmclogit,19,19,0
guia,19,0,19
karyn,19,17,2
rdi,19,18,1
ingreso,19,1,18
snider,19,10,9
filtro,19,0,19
pharmacolog,19,8,11
wendel,19,14,5
stratton,19,8,11
dominick,19,2,17
unedit,19,12,7
ltda,19,4,15
leech,19,10,9
mouvement,19,0,19
fontpath,19,19,0
rivalri,19,13,6
vacuna,19,0,19
hkwe,19,0,19
waterman,19,14,5
inici,19,8,11
corrobor,19,7,12
uintval,19,19,0
guenstig,19,0,19
cmi,19,18,1
fileintsttorundir,19,19,0
impun,19,7,12
breastplat,19,0,19
anda,19,9,10
ingress,19,18,1
redit,19,1,18
buoon,19,0,19
laxminarayan,19,19,0
ostens,19,9,10
tama,19,5,14
tyre,19,17,2
ferret,19,5,14
dickey,19,2,17
riqu,19,18,1
borneo,19,1,18
pounc,19,7,12
bnppariba,19,19,0
handcuff,19,9,10
cardiolog,19,2,17
sigpip,19,19,0
fisherman,19,2,17
zinest,19,7,12
unlucki,19,8,11
escapenumberflibnet,19,19,0
lia,19,14,5
gotti,19,9,10
escenario,19,0,19
starch,19,11,8
unfinish,19,7,12
kurzschluss,19,0,19
aha,19,12,7
ssescapenumb,19,16,3
diuret,19,17,2
ferromagnet,19,0,19
brunsb,19,0,19
caminu,19,19,0
increase,19,0,19
lactam,19,0,19
bock,19,7,12
gubernatori,19,15,4
nascent,19,9,10
prehistor,19,16,3
geben,19,5,14
grisli,19,10,9
bsescapenumb,19,15,4
janitor,19,12,7
eprocur,19,19,0
hanley,19,12,7
hellgum,19,1,18
smilen,19,0,19
codenam,19,9,10
smbtree,19,19,0
getgrgid,19,19,0
felton,19,16,3
fter,19,6,13
pixbuf,19,19,0
cliquez,19,0,19
dade,19,5,14
programmi,19,19,0
clotur,19,9,10
porsch,19,12,7
vinic,19,0,19
fpicflag,19,19,0
dwim,19,19,0
angei,19,0,19
ecclesiast,19,4,15
grayish,19,0,19
wardrob,19,3,16
condo,19,15,4
medcom,19,0,19
inconsider,19,0,19
dielectr,19,2,17
mantel,19,10,9
fbvg,19,0,19
codon,19,0,19
comunidad,19,17,2
authentifi,19,0,19
chalic,19,3,16
pservicedest,19,19,0
beethoven,19,4,15
ttmt,19,0,19
bulkhead,19,0,19
gmu,19,19,0
dealmak,19,19,0
despatch,19,4,15
pacheco,19,16,3
showflag,19,19,0
ikoyi,19,0,19
allerd,19,6,13
sysv,19,18,1
senseless,19,9,10
embolden,19,6,13
sorb,19,0,19
imc,19,18,1
krausz,19,19,0
barrack,19,0,19
strcsequal,19,19,0
incluimo,19,0,19
confint,19,19,0
bookescapenumb,19,0,19
timur,19,19,0
neccessari,19,11,8
dong,19,14,5
probl,19,6,13
bussen,19,11,8
adsorpt,19,0,19
sall,19,10,9
dbmap,19,19,0
nti,19,13,6
fcn,19,0,19
falluja,19,3,16
solvelp,19,19,0
covington,19,12,7
fungi,19,7,12
scc,19,14,5
markedli,19,18,1
arboretum,19,9,10
indwel,19,0,19
delphin,19,2,17
forthright,19,10,9
fatten,19,7,12
mustach,19,1,18
duart,19,16,3
scaescapenumb,19,18,1
caveman,19,3,16
langa,19,0,19
wearer,19,1,18
nuker,19,1,18
areaway,19,0,19
knut,19,19,0
assemblyman,19,18,1
viewilrpdf,19,19,0
krishnaswami,19,19,0
kidd,19,7,12
acorn,19,3,16
akkumulieren,19,0,19
herrl,19,19,0
svga,19,0,19
poltica,19,8,11
infidel,19,9,10
hoe,19,4,15
ef,19,16,3
escapenumberfhdb,19,19,0
lemond,19,18,1
roduct,19,5,14
corrient,19,2,17
rtg,19,11,8
combobox,19,19,0
debentur,19,5,14
specificaliy,19,0,19
waer,19,8,11
pwset,19,19,0
multa,19,9,10
gerv,19,18,1
implod,19,13,6
agnew,19,7,12
lieg,19,15,4
cefer,19,19,0
antimicrobi,19,2,17
eragulon,19,0,19
simulcast,19,13,6
bela,19,5,14
chernobyl,19,11,8
birefring,19,0,19
tratars,19,2,17
blasphem,19,0,19
fuliy,19,0,19
trn,19,19,0
fiend,19,1,18
armpit,19,2,17
crossli,19,0,19
novelist,19,16,3
fon,19,5,14
koalit,19,0,19
beleiv,19,10,9
pereira,19,14,5
mxico,19,0,19
antiquarian,19,6,13
eiectron,19,0,19
jouni,19,19,0
sarasota,19,8,11
utilit,19,19,0
sociedad,19,4,15
correctament,19,1,18
necesidad,19,4,15
lescapenumberz,19,0,19
empress,19,13,6
croquet,19,1,18
witter,19,18,1
chute,19,6,13
mcluca,19,19,0
azor,19,17,2
primudl,19,19,0
umcg,19,19,0
oversold,19,17,2
pilgrimag,19,6,13
rickard,19,2,17
imperil,19,8,11
tgobk,19,0,19
userman,19,19,0
kmean,19,19,0
lallani,19,19,0
arafat,19,2,17
vei,19,14,5
sagt,19,15,4
patente,19,16,3
simou,19,19,0
codepag,19,19,0
escapenumbermi,19,0,19
enciclopedia,19,0,19
escapenumberfbuild,19,19,0
lutz,19,11,8
mbit,19,2,17
frent,19,7,12
twister,19,17,2
gorm,19,0,19
stalker,19,8,11
sert,19,1,18
mongueur,19,19,0
codigo,19,0,19
oti,19,4,15
cannib,19,3,16
pomegran,19,0,19
nttoken,19,19,0
wembley,19,19,0
daub,19,1,18
aubrey,19,7,12
ater,19,12,7
contrariwis,19,4,15
pspp,19,19,0
emboss,19,0,19
nwsourc,19,19,0
rentabilidad,19,0,19
regressor,19,19,0
mismanag,19,15,4
euxin,19,0,19
coiorado,19,0,19
begon,19,9,10
postbox,19,0,19
gzfile,19,19,0
showarticl,19,19,0
algun,19,2,17
cauley,19,19,0
postop,19,2,17
hangar,19,7,12
concuss,19,7,12
cambric,19,0,19
dfree,19,19,0
clockwork,19,5,14
geh,19,15,4
virgen,19,17,2
britta,19,19,0
loren,19,11,8
fflag,19,19,0
kashmir,19,19,0
allthesefre,19,0,19
museen,19,19,0
mercenari,19,5,14
fsd,19,9,10
ssi,19,8,11
filepath,19,19,0
wealthiest,19,12,7
basing,19,19,0
instinet,19,19,0
externa,19,1,18
chemotherapi,19,10,9
dynast,19,1,18
aslg,19,0,19
epo,19,11,8
dune,19,3,16
apartheid,19,1,18
pmi,19,4,15
cnh,19,19,0
wark,19,18,1
campsit,19,2,17
wholesalebyu,19,0,19
tglo,19,19,0
sovereignti,19,11,8
cpicflag,19,19,0
flynt,19,18,1
collagen,19,4,15
fidnum,19,19,0
abundantli,19,10,9
tinla,19,19,0
xpspecial,19,1,18
mansoor,19,19,0
vmx,19,17,2
grader,19,10,9
poultri,19,10,9
hubbl,19,15,4
atlamont,19,0,19
chantel,19,18,1
pfeg,19,19,0
grudg,19,7,12
hlt,19,5,14
escapenumberdlw,19,0,19
conservat,19,7,12
jd,19,19,0
bemba,19,0,19
fora,19,13,6
lessar,19,19,0
creditsight,19,19,0
honorari,19,10,9
manu,19,9,10
downi,19,0,19
bloodbath,19,1,18
ltsp,19,19,0
tvandradio,19,19,0
wether,18,16,2
crowder,18,9,9
grosjean,18,18,0
knob,18,1,17
frail,18,9,9
kimbal,18,8,10
codelayout,18,18,0
gordian,18,8,10
poptprintusag,18,18,0
feedssit,18,0,18
commot,18,1,17
solescapenumb,18,17,1
interactivo,18,0,18
mfg,18,13,5
mascot,18,13,5
canari,18,5,13
micha,18,4,14
glendal,18,8,10
weightless,18,18,0
icat,18,5,13
marvia,18,18,0
mvtnorm,18,18,0
aprox,18,1,17
meiner,18,3,15
pawn,18,13,5
armenian,18,2,16
innergrep,18,18,0
insead,18,18,0
sprinter,18,14,4
warrantless,18,18,0
langaescapenumb,18,7,11
freehost,18,18,0
askonian,18,0,18
villaraigosa,18,18,0
dogma,18,4,14
gott,18,4,14
pgm,18,5,13
viroli,18,18,0
gtype,18,18,0
codestr,18,18,0
lawescapenumb,18,18,0
bundesanw,18,0,18
raq,18,2,16
consumerincent,18,0,18
milord,18,0,18
throug,18,3,15
jankev,18,18,0
microb,18,10,8
kauffman,18,16,2
abaixo,18,0,18
lncurs,18,18,0
petroglyph,18,13,5
guanrao,18,18,0
amoeba,18,0,18
ktt,18,14,4
wilhelm,18,4,14
approb,18,0,18
absolv,18,1,17
remington,18,5,13
pulmonari,18,5,13
udrknntdwc,18,0,18
algerian,18,8,10
itra,18,0,18
cadmium,18,9,9
fath,18,2,16
whirlwind,18,9,9
alva,18,5,13
resurfac,18,18,0
foray,18,8,10
eyefon,18,0,18
shandong,18,8,10
jed,18,7,11
sdaw,18,18,0
lundi,18,15,3
phosphor,18,3,15
homoeopathi,18,0,18
giancola,18,18,0
heali,18,7,11
elefanten,18,1,17
gosnel,18,18,0
topod,18,18,0
ixp,18,18,0
rela,18,8,10
dinh,18,15,3
aca,18,3,15
aescapenumberhav,18,0,18
stomer,18,10,8
saul,18,3,15
multiplay,18,17,1
roslin,18,18,0
kpn,18,12,6
ancestr,18,1,17
accolad,18,10,8
fai,18,4,14
finaiist,18,0,18
handbagtestpanel,18,0,18
reclam,18,3,15
silhouett,18,9,9
toa,18,1,17
estimado,18,7,11
sop,18,4,14
porou,18,3,15
sidel,18,18,0
bengtsson,18,18,0
bodili,18,9,9
robustbas,18,18,0
drowsi,18,5,13
egalitarian,18,0,18
augustu,18,0,18
hearten,18,15,3
unblock,18,7,11
hc,18,17,1
usnew,18,18,0
yup,18,17,1
creami,18,2,16
parr,18,4,14
fortum,18,18,0
usbo,18,0,18
extermin,18,3,15
subtyp,18,17,1
piecewis,18,12,6
tfieldescapenumb,18,18,0
eldridg,18,18,0
brandt,18,9,9
signin,18,1,17
rubberi,18,1,17
woertz,18,18,0
unconvent,18,13,5
tait,18,15,3
mkdtemp,18,18,0
hotter,18,12,6
answ,18,3,15
peppino,18,0,18
mcclendon,18,17,1
webserv,18,9,9
vb,18,1,17
chatham,18,6,12
patalganga,18,18,0
xmit,18,18,0
newsid,18,18,0
interoffic,18,17,1
lark,18,5,13
postgr,18,18,0
djia,18,12,6
tasmanian,18,17,1
pmescapenumb,18,4,14
claustrophob,18,0,18
adhd,18,15,3
escapenumberopen,18,0,18
luu,18,17,1
trailblaz,18,17,1
vitatein,18,0,18
callabl,18,18,0
keypress,18,18,0
machineaccount,18,18,0
crohnsandm,18,0,18
getlog,18,18,0
frusco,18,18,0
penman,18,17,1
granger,18,14,4
defensa,18,10,8
rbuildescapenumb,18,18,0
eec,18,9,9
ztop,18,0,18
eurovis,18,3,15
hepmeg,18,18,0
degiacinto,18,18,0
schlagen,18,0,18
manitoba,18,10,8
donoso,18,18,0
sekhon,18,18,0
cretin,18,0,18
bur,18,2,16
imprud,18,4,14
brogli,18,0,18
schranner,18,0,18
hksafeti,18,0,18
bloomington,18,5,13
ergonom,18,5,13
llegar,18,2,16
bewitch,18,3,15
modesti,18,1,17
fastmail,18,0,18
esurvey,18,0,18
feinstein,18,17,1
speedup,18,11,7
netbiosalia,18,18,0
dipartimento,18,17,1
aravosi,18,18,0
maisonett,18,0,18
onlinesuppli,18,0,18
smbcquota,18,18,0
vit,18,1,17
simpliest,18,1,17
yzc,18,0,18
farid,18,18,0
annapoli,18,10,8
gissin,18,0,18
brack,18,0,18
fredericksburg,18,0,18
vidal,18,17,1
sr,18,16,2
cvx,18,18,0
terrel,18,8,10
caleb,18,2,16
llevaron,18,16,2
acclam,18,0,18
shoul,18,7,11
radiolog,18,0,18
docteur,18,1,17
shipplng,18,0,18
iestyn,18,18,0
ndler,18,4,14
primidi,18,18,0
quarkxpress,18,0,18
brevet,18,3,15
caldera,18,9,9
invitevantag,18,0,18
medzonlin,18,0,18
vocat,18,10,8
coerciv,18,3,15
proclam,18,12,6
disfrutar,18,0,18
eescapenumbera,18,6,12
onetim,18,8,10
rrggbb,18,18,0
outermost,18,8,10
fdi,18,14,4
vertraulich,18,6,12
deforest,18,3,15
corcoran,18,0,18
fetter,18,10,8
mfpiescapenumb,18,18,0
shlppln,18,0,18
exclusivament,18,2,16
amok,18,7,11
escapenumbers,18,1,17
samrconn,18,18,0
uloemod,18,0,18
masoch,18,9,9
quagmir,18,11,7
erectiescapenumber,18,0,18
charismat,18,9,9
swag,18,14,4
adn,18,5,13
libmysql,18,18,0
jot,18,8,10
posey,18,10,8
niagara,18,16,2
aprobado,18,4,14
pronghorn,18,18,0
horowitz,18,12,6
slprintf,18,18,0
muchli,18,18,0
coloem,18,0,18
echterhoff,18,18,0
directstartv,18,0,18
eescapenumbernieur,18,18,0
debatt,18,5,13
brittl,18,7,11
shill,18,7,11
cabinetri,18,3,15
cn,18,5,13
zooslip,18,0,18
commissariat,18,1,17
docbook,18,17,1
roswel,18,16,2
chanceri,18,6,12
smilenn,18,0,18
ferment,18,2,16
oxycontin,18,18,0
bigglm,18,18,0
smat,18,17,1
pillqual,18,0,18
sddp,18,18,0
jule,18,7,11
lowercas,18,14,4
lapook,18,18,0
lund,18,7,11
escapenumberdd,18,9,9
magnolia,18,5,13
imap,18,8,10
fpa,18,16,2
stagnat,18,6,12
blescapenumb,18,15,3
niki,18,13,5
includinq,18,0,18
scourg,18,9,9
escapenumberlum,18,0,18
rosevil,18,18,0
quadrupi,18,0,18
retrogress,18,1,17
courtier,18,0,18
dialysi,18,5,13
thrift,18,14,4
molest,18,3,15
waterhous,18,4,14
llo,18,1,17
cornejo,18,18,0
nstar,18,18,0
chiu,18,17,1
knowl,18,5,13
vastar,18,18,0
somm,18,5,13
camilla,18,2,16
biocomput,18,16,2
canterburi,18,8,10
mvl,18,0,18
powerless,18,7,11
clipper,18,12,6
neutron,18,2,16
catcher,18,9,9
poca,18,10,8
softnutr,18,0,18
backfir,18,15,3
soiid,18,0,18
reinvest,18,9,9
mbi,18,2,16
xarch,18,18,0
decoy,18,2,16
heaithcar,18,0,18
sbp,18,6,12
koh,18,15,3
bumbl,18,7,11
xbr,18,18,0
whitey,18,16,2
muckley,18,0,18
exclusiv,18,17,1
ruthless,18,11,7
altr,18,16,2
timeinc,18,18,0
jubile,18,1,17
touchdown,18,14,4
imitrex,18,0,18
customizechart,18,0,18
rengin,18,18,0
similiar,18,17,1
irrevers,18,6,12
unsustain,18,13,5
congresswoman,18,9,9
piquepail,18,18,0
astral,18,0,18
bldlibrari,18,18,0
eek,18,12,6
sydneycentr,18,0,18
lizh,18,18,0
malcom,18,1,17
intermedio,18,0,18
tation,18,10,8
snamretega,18,18,0
anilin,18,0,18
telekom,18,16,2
dega,18,10,8
bigelow,18,9,9
tikac,18,0,18
gannett,18,2,16
duda,18,1,17
copyhost,18,18,0
optflag,18,18,0
puck,18,6,12
dozier,18,18,0
gandhi,18,15,3
urquhart,18,18,0
butadien,18,0,18
pausa,18,0,18
unlockal,18,18,0
pummel,18,11,7
virtuaili,18,0,18
gwih,18,0,18
wakeham,18,18,0
quarterback,18,15,3
dreadnought,18,0,18
wwwl,18,7,11
perf,18,12,6
eqn,18,18,0
androgen,18,0,18
sloman,18,18,0
cacophonist,18,0,18
vincenzo,18,16,2
umi,18,17,1
defector,18,5,13
preposter,18,7,11
engadget,18,10,8
svr,18,4,14
inscripcion,18,0,18
stevi,18,13,5
itm,18,6,12
epigram,18,0,18
conjur,18,2,16
coliectiveiy,18,0,18
daley,18,4,14
chuckh,18,18,0
nymph,18,0,18
gccc,18,0,18
aea,18,3,15
minder,18,14,4
plum,18,4,14
aplicar,18,6,12
chaplain,18,0,18
bullshit,18,10,8
bossier,18,2,16
moirain,18,0,18
esposito,18,6,12
mullen,18,7,11
tobey,18,18,0
osseou,18,0,18
lvm,18,16,2
cyndi,18,17,1
sidtogid,18,18,0
numop,18,18,0
bancario,18,0,18
pgtt,18,18,0
xandro,18,14,4
escapenumberfdcerpc,18,18,0
ocfsescapenumb,18,18,0
highburi,18,0,18
tych,18,7,11
seguir,18,4,14
xine,18,17,1
neutraceut,18,0,18
privatis,18,18,0
rval,18,15,3
cask,18,5,13
buzzer,18,1,17
damascu,18,7,11
lighthous,18,11,7
readbraw,18,18,0
jamai,18,6,12
nitin,18,18,0
lenin,18,7,11
raphson,18,18,0
qwerti,18,16,2
oili,18,1,17
mgoa,18,0,18
goi,18,9,9
latham,18,13,5
escuela,18,8,10
directisa,18,18,0
fldvay,18,0,18
firstcail,18,0,18
bccrc,18,18,0
brug,18,17,1
weblink,18,18,0
rxfor,18,0,18
ithaca,18,11,7
oiivier,18,0,18
vpp,18,17,1
orissa,18,18,0
aeco,18,18,0
glinda,18,0,18
provox,18,18,0
alemayehu,18,18,0
sundanc,18,11,7
sled,18,1,17
multifactan,18,18,0
impedi,18,13,5
klar,18,15,3
ecours,18,0,18
cathod,18,0,18
pido,18,2,16
realplay,18,8,10
malais,18,12,6
knapp,18,10,8
sternal,18,0,18
atroci,18,7,11
confere,18,4,14
dmr,18,0,18
mandarin,18,10,8
zehn,18,4,14
flask,18,6,12
mlmfitescapenumb,18,18,0
tong,18,8,10
catfil,18,18,0
rappli,18,18,0
allem,18,8,10
bnum,18,18,0
fiftieth,18,1,17
emaci,18,0,18
nurit,18,18,0
indetermin,18,4,14
remitent,18,1,17
salmonella,18,13,5
suffredini,18,18,0
timekeep,18,18,0
ntp,18,18,0
schaefer,18,8,10
polski,18,17,1
ephemeri,18,15,3
iexclud,18,18,0
bulletproof,18,9,9
plagiar,18,12,6
cie,18,3,15
statcach,18,18,0
boni,18,2,16
bankofamerica,18,3,15
pmda,18,18,0
iag,18,3,15
loch,18,17,1
toothi,18,2,16
addida,18,0,18
flagstaff,18,11,7
extravag,18,3,15
preprod,18,18,0
mutant,18,6,12
segurana,18,0,18
burbank,18,5,13
andri,18,18,0
btl,18,6,12
yanzhou,18,0,18
mlcrosoft,18,0,18
presenta,18,1,17
desleigh,18,18,0
kindergarten,18,6,12
castanet,18,5,13
uncontrol,18,4,14
carmichael,18,3,15
leven,18,17,1
sunwspro,18,18,0
seinem,18,13,5
firstc,18,18,0
marmalad,18,1,17
psychosomat,18,0,18
unica,18,0,18
lotterij,18,0,18
strode,18,0,18
mouett,18,18,0
novembr,18,14,4
bba,18,11,7
downloadsquad,18,18,0
pidregion,18,18,0
cowen,18,17,1
telegeographi,18,0,18
pregunta,18,6,12
chilean,18,5,13
folgend,18,6,12
strhex,18,18,0
joyfortoy,18,0,18
bernoulli,18,8,10
setprognam,18,18,0
palermo,18,10,8
fortuna,18,17,1
ktiff,18,18,0
ginseng,18,4,14
bakken,18,0,18
thornton,18,6,12
aref,18,18,0
brander,18,0,18
natal,18,3,15
roubl,18,7,11
tevez,18,18,0
pta,18,1,17
staunch,18,12,6
luxembourg,18,10,8
how,18,6,12
timidli,18,0,18
rebuilt,18,14,4
hecht,18,17,1
resumpt,18,13,5
jitteri,18,9,9
systemfit,18,18,0
wastewat,18,10,8
illustri,18,3,15
sublim,18,3,15
kennebunkport,18,18,0
layni,18,18,0
loneli,18,1,17
incluyendo,18,1,17
pearli,18,0,18
amtk,18,0,18
vespin,18,0,18
collapsedobject,18,18,0
ldband,18,18,0
overwork,18,3,15
jinit,18,18,0
gir,18,7,11
pagerank,18,1,17
purgatori,18,6,12
aceint,18,18,0
asociaci,18,15,3
buser,18,18,0
caraway,18,0,18
serversuppli,18,18,0
ingram,18,9,9
putacl,18,18,0
hstj,18,0,18
overreach,18,17,1
unixuid,18,18,0
diseasepkd,18,18,0
financiera,18,1,17
fileplanet,18,0,18
ficha,18,2,16
becuas,18,8,10
eater,18,8,10
maladapt,18,7,11
oldclass,18,18,0
improb,18,7,11
chromatograph,18,9,9
mima,18,18,0
bassi,18,5,13
vietnames,18,14,4
acromedia,18,0,18
structpn,18,18,0
mme,18,3,15
dermoemka,18,0,18
diddl,18,0,18
frontrunn,18,15,3
umpc,18,12,6
timegm,18,18,0
squint,18,1,17
jetblu,18,14,4
rebrip,18,18,0
blumenth,18,9,9
edific,18,1,17
cypriot,18,3,15
konnen,18,0,18
nationalist,18,12,6
speakupmodifi,18,18,0
ntopescapenumb,18,18,0
kumadira,18,0,18
thereoan,18,0,18
facad,18,2,16
splat,18,0,18
conjoint,18,9,9
pmvnorm,18,18,0
beluga,18,0,18
perfunctori,18,6,12
greeneri,18,3,15
mishap,18,6,12
tagmap,18,18,0
vay,18,0,18
sofya,18,18,0
seaport,18,7,11
nati,18,14,4
behest,18,6,12
ewabl,18,18,0
ndustri,18,15,3
altruist,18,4,14
riti,18,3,15
hemi,18,14,4
igf,18,11,7
colloc,18,0,18
arrescapenumb,18,18,0
ta,18,4,14
dkim,18,17,1
purer,18,6,12
scamp,18,2,16
idiomat,18,12,6
bambi,18,8,10
uiuc,18,18,0
arcfour,18,18,0
quarto,18,0,18
impo,18,2,16
dbkey,18,18,0
imperium,18,0,18
greeli,18,1,17
regula,18,7,11
photobucket,18,18,0
getnodemap,18,18,0
dissector,18,17,1
propuesto,18,0,18
osgood,18,13,5
burp,18,0,18
ranef,18,18,0
dra,18,9,9
sweater,18,2,16
shankster,18,18,0
abiword,18,17,1
sinanju,18,0,18
ganar,18,0,18
statuett,18,14,4
easterli,18,1,17
buoyant,18,5,13
kpasswd,18,16,2
gaescapenumb,18,15,3
cataract,18,0,18
threadescapenumb,18,18,0
aarhu,18,7,11
uti,18,16,2
havegit,18,18,0
lagrang,18,11,7
crucibl,18,6,12
autobytel,18,18,0
polyhedron,18,11,7
pllu,18,18,0
maquina,18,13,5
cinzia,18,18,0
catdb,18,18,0
guardia,18,12,6
durbin,18,18,0
linder,18,18,0
rgement,18,0,18
staatsloterij,18,0,18
airspac,18,7,11
rvice,18,9,9
polina,18,0,18
rizzo,18,10,8
comptia,18,18,0
abrog,18,4,14
erat,18,12,6
monterey,18,9,9
luminesc,18,0,18
totaltim,18,18,0
nodoc,18,18,0
rewind,18,11,7
sordo,18,17,1
principiant,18,0,18
alumina,18,7,11
kallipoleo,18,17,1
financewis,18,18,0
hkpd,18,18,0
formc,18,18,0
iat,18,2,16
gump,18,9,9
imelda,18,16,2
sonar,18,4,14
confucian,18,0,18
colombo,18,4,14
digital,18,3,15
gnitpickd,18,0,18
avaient,18,18,0
ging,18,12,6
ellinghau,18,18,0
hpll,18,18,0
tdbdir,18,18,0
hescapenumberw,18,0,18
infoleg,18,0,18
ashevil,18,5,13
raci,18,8,10
xdr,18,18,0
editar,18,0,18
cort,18,6,12
fontfac,18,18,0
auctionliquid,18,0,18
epac,18,18,0
rephras,18,17,1
gunload,18,18,0
errsrv,18,18,0
kev,18,15,3
xil,18,0,18
cristina,18,6,12
gamespot,18,12,6
bisqu,18,3,15
drafte,18,0,18
criss,18,7,11
footwear,18,7,11
gottlieb,18,17,1
provi,18,6,12
cutti,18,17,1
mvrnorm,18,18,0
kingwood,18,18,0
pascal,18,7,11
frock,18,2,16
misha,18,8,10
trinomi,18,18,0
adela,18,0,18
rijswijk,18,0,18
extraincomeexpert,18,0,18
lessmillion,18,0,18
talkingirc,18,18,0
duluth,18,8,10
weill,18,16,2
eggleston,18,18,0
urer,18,0,18
fletch,18,9,9
wheelabr,18,18,0
conten,18,1,17
benzen,18,12,6
resin,18,8,10
condescend,18,5,13
inut,18,9,9
funki,18,12,6
pulpi,18,0,18
igual,18,2,16
argsref,18,18,0
headlight,18,9,9
rmm,18,0,18
tabloidez,18,0,18
pimp,18,8,10
paddi,18,6,12
soto,18,13,5
volut,18,18,0
ocl,18,18,0
datefundatefun,18,0,18
nofil,18,18,0
fand,18,5,13
conundrum,18,8,10
hebrew,18,4,14
nypd,18,4,14
thinkbank,18,18,0
bogdan,18,18,0
replycloseprint,18,18,0
bracewel,18,16,2
donato,18,17,1
pugilist,18,0,18
nlonesoft,18,0,18
rpctortur,18,18,0
privada,18,6,12
mango,18,10,8
prescott,18,8,10
ecowa,18,0,18
cyto,18,18,0
uba,18,6,12
kang,18,15,3
davila,18,14,4
scalpel,18,0,18
tristan,18,16,2
skylin,18,12,6
diamagnet,18,0,18
lanier,18,16,2
rattlesnak,18,2,16
castellano,18,0,18
turbopark,18,18,0
copiou,18,6,12
dafexpo,18,18,0
nikolay,18,18,0
fdisk,18,14,4
psychometr,18,18,0
alight,18,1,17
dcname,18,18,0
anvil,18,1,17
adler,18,12,6
rle,18,16,2
garg,18,17,1
marino,18,12,6
bmap,18,18,0
lime,18,7,11
nunez,18,12,6
sawn,18,1,17
cerca,18,13,5
zava,18,18,0
karaok,18,2,16
bl,18,9,9
mhcabl,18,18,0
apost,18,1,17
fstescapenumb,18,18,0
bestddeal,18,0,18
agaln,18,0,18
stypeescapenumb,18,18,0
lingo,18,12,6
stationar,18,10,8
comprador,18,6,12
olderr,18,18,0
renda,18,14,4
sabado,18,0,18
eastward,18,4,14
pdftex,18,18,0
scrimmag,18,7,11
loughton,18,0,18
repar,18,9,9
overstock,18,1,17
escapenumbernlin,18,0,18
reusabl,18,15,3
anathema,18,3,15
pardieu,18,0,18
bloke,18,6,12
rhescapenumb,18,14,4
biscuit,18,1,17
effloresc,18,0,18
midgard,18,18,0
gertrud,18,2,16
joanni,18,18,0
foregon,18,5,13
hypnot,18,0,18
accompiish,18,0,18
rtp,18,16,2
dse,18,16,2
crockett,18,5,13
overail,18,0,18
meghan,18,13,5
diseasegn,18,18,0
mildew,18,0,18
pronto,18,8,10
sauber,18,18,0
cabal,18,7,11
moir,18,12,6
ventana,18,4,14
updatechart,18,0,18
sitcom,18,8,10
limousin,18,4,14
pharmaceuticai,18,0,18
increa,18,10,8
antelopehndd,18,0,18
dbsj,18,0,18
shm,18,18,0
grenzen,18,17,1
mactiv,18,18,0
rop,18,0,18
wooli,18,0,18
fondren,18,18,0
lndesign,18,0,18
earthli,18,1,17
clientfind,18,9,9
pcwindow,18,0,18
masturb,18,0,18
buttress,18,5,13
tommorrow,18,17,1
newscast,18,12,6
astrophysicist,18,5,13
jobseven,18,0,18
perder,18,2,16
lilley,18,18,0
recordforward,18,0,18
dreg,18,0,18
suntan,18,2,16
ulrich,18,6,12
bodywrap,18,0,18
sidtouid,18,18,0
diseasean,18,18,0
sergio,18,7,11
fitpad,18,18,0
lll,18,10,8
chuse,18,0,18
bonsay,18,0,18
schoolmast,18,1,17
xleft,18,18,0
secreto,18,0,18
rejtman,18,18,0
rale,18,4,14
hatschepsut,18,0,18
mcmullen,18,12,6
obdp,18,0,18
purcel,18,12,6
villanueva,18,17,1
enl,18,13,5
zilch,18,1,17
direkt,18,3,15
ermi,18,18,0
pouvoir,18,8,10
mastercardrimagin,18,0,18
horrend,18,11,7
dipl,18,17,1
breweri,18,7,11
receptor,17,3,14
escapenumbernew,17,6,11
hkno,17,0,17
sommer,17,16,1
prefectur,17,11,6
eunic,17,6,11
cholesterblock,17,0,17
pcsshare,17,0,17
kabul,17,11,6
probabilist,17,10,7
agribusi,17,8,9
conectiv,17,17,0
escapenumberpl,17,12,5
bidweek,17,17,0
delft,17,4,13
puesto,17,6,11
storyboard,17,11,6
bwplot,17,17,0
usepackag,17,17,0
rcvd,17,2,15
llevar,17,6,11
prospector,17,0,17
affi,17,8,9
zonewww,17,0,17
adept,17,9,8
cwhite,17,17,0
magid,17,17,0
optin,17,1,16
australi,17,0,17
sniper,17,5,12
neptun,17,4,13
fou,17,4,13
mcevoy,17,17,0
alumnu,17,3,14
debutant,17,0,17
photosynthesi,17,16,1
storefront,17,1,16
bullion,17,6,11
tenia,17,0,17
lept,17,0,17
fbkohvaqtg,17,0,17
optometrist,17,0,17
multimillion,17,15,2
venda,17,2,15
auspic,17,6,11
docomo,17,12,5
alimoni,17,0,17
civilis,17,13,4
ultimo,17,3,14
lancet,17,16,1
qualquer,17,1,16
errmsg,17,13,4
chihuli,17,17,0
carrillo,17,11,6
fortuit,17,5,12
privacidad,17,10,7
inja,17,17,0
terman,17,17,0
bespeak,17,1,16
ribonucleoprotein,17,17,0
bswap,17,17,0
koennen,17,7,10
importa,17,2,15
coattail,17,1,16
reenter,17,3,14
idlist,17,17,0
zzzz,17,1,16
somerset,17,7,10
dirichlet,17,4,13
sacrileg,17,1,16
duong,17,17,0
purr,17,5,12
vive,17,7,10
quadri,17,17,0
olivia,17,5,12
newextraincom,17,0,17
bateman,17,4,13
blemish,17,6,11
cate,17,11,6
mailciti,17,1,16
basidiomycet,17,0,17
aduitstem,17,0,17
stealthili,17,0,17
fontain,17,11,6
gebiet,17,0,17
nodeescapenumb,17,17,0
strat,17,12,5
rivet,17,13,4
quel,17,3,14
iceweasel,17,17,0
logitech,17,1,16
vela,17,14,3
thibaut,17,17,0
pais,17,9,8
glht,17,17,0
anl,17,15,2
manda,17,10,7
yadav,17,17,0
emsg,17,17,0
cmescapenumb,17,5,12
boudreaux,17,13,4
getipnodebyaddr,17,17,0
meinel,17,17,0
cochlin,17,17,0
shrunken,17,1,16
escapenumberlong,17,0,17
burr,17,5,12
lipscomb,17,7,10
octan,17,9,8
altair,17,0,17
ngni,17,5,12
larrissa,17,17,0
pedestrian,17,9,8
correspondient,17,5,12
levinson,17,17,0
gtgt,17,0,17
vicarag,17,0,17
entscheidung,17,0,17
butterfield,17,3,14
christain,17,1,16
arith,17,17,0
adss,17,14,3
subsidis,17,17,0
harsher,17,16,1
lawbreak,17,4,13
logauc,17,17,0
bothersom,17,1,16
tarl,17,17,0
multicor,17,14,3
obe,17,4,13
conseil,17,5,12
costacurta,17,17,0
steigenden,17,1,16
biagio,17,2,15
futher,17,9,8
pharmaceutica,17,0,17
mund,17,4,13
pppi,17,17,0
nplot,17,17,0
seaboard,17,5,12
nmd,17,16,1
sc,17,11,6
blinn,17,0,17
garbl,17,10,7
consanguin,17,0,17
giovannini,17,17,0
nordstrom,17,5,12
stupor,17,1,16
therma,17,1,16
helfen,17,4,13
destabil,17,4,13
manur,17,9,8
abyss,17,4,13
maddox,17,8,9
freer,17,12,5
verbindung,17,4,13
magenta,17,9,8
pyfoo,17,17,0
foibl,17,6,11
kurzem,17,3,14
foxmail,17,0,17
mda,17,10,7
oftentim,17,6,11
cabdriv,17,0,17
descuento,17,1,16
biologia,17,15,2
lockdb,17,17,0
ecumen,17,4,13
randolph,17,5,12
vaiuabl,17,0,17
lculo,17,1,16
resound,17,11,6
eucalyptu,17,6,11
ghq,17,16,1
geworden,17,3,14
presion,17,2,15
pigskin,17,0,17
cinemax,17,2,15
patronag,17,4,13
subprim,17,13,4
perp,17,17,0
wirklich,17,3,14
ecstasi,17,3,14
ptech,17,17,0
regierung,17,2,15
processlogon,17,17,0
vielen,17,4,13
alem,17,2,15
dealloc,17,8,9
rapidiy,17,0,17
logfilebas,17,17,0
furri,17,6,11
coffeeshop,17,0,17
gosh,17,11,6
deu,17,3,14
cession,17,0,17
bridal,17,5,12
gettin,17,3,14
scribe,17,2,15
algonquin,17,8,9
catalunya,17,16,1
mickelson,17,12,5
labescapenumb,17,15,2
marqui,17,8,9
bbe,17,6,11
dhcpoffer,17,17,0
spitzweg,17,17,0
operativo,17,4,13
dogan,17,17,0
fdd,17,1,16
generalsekret,17,0,17
greenwood,17,9,8
limmagui,17,17,0
yemen,17,12,5
dariu,17,1,16
keat,17,4,13
pdfmaker,17,17,0
emailremov,17,0,17
healthyskeptic,17,17,0
cctool,17,17,0
shunt,17,5,12
nardin,17,0,17
placid,17,1,16
tam,17,3,14
inert,17,2,15
barnstorm,17,7,10
igsupd,17,17,0
amba,17,5,12
nadia,17,3,14
mktime,17,17,0
baden,17,5,12
ath,17,5,12
trafic,17,17,0
dreamboat,17,1,16
vzor,17,17,0
dlclose,17,17,0
overshoot,17,9,8
entouch,17,17,0
mardon,17,17,0
sullen,17,1,16
faqhelp,17,0,17
cupid,17,2,15
allright,17,17,0
localdomain,17,16,1
misguid,17,14,3
mand,17,7,10
berezovski,17,2,15
iacocca,17,17,0
menlo,17,10,7
cartilag,17,2,15
xpcom,17,17,0
hugefil,17,0,17
appliqu,17,1,16
dadeydawnaweb,17,0,17
newfoundland,17,5,12
actin,17,0,17
jagger,17,16,1
pitney,17,11,6
wpointer,17,17,0
compositor,17,8,9
mole,17,4,13
longstand,17,15,2
spc,17,10,7
chastiti,17,1,16
corinth,17,3,14
guessgentl,17,0,17
londr,17,7,10
plethora,17,8,9
syb,17,0,17
christa,17,12,5
scuffl,17,3,14
jonalan,17,17,0
sonat,17,8,9
maitra,17,17,0
viddi,17,0,17
bbrowseabl,17,17,0
od,17,12,5
extendeddn,17,17,0
vespertilian,17,0,17
lasso,17,9,8
efectivo,17,1,16
settler,17,5,12
gockerman,17,17,0
backstop,17,10,7
soundtrack,17,15,2
sonor,17,0,17
colloquium,17,4,13
aescapenumberu,17,2,15
hahn,17,10,7
mke,17,17,0
escapenumberai,17,6,11
apresentar,17,0,17
durango,17,2,15
circumfix,17,17,0
aplica,17,1,16
verzani,17,17,0
escapenumbereb,17,6,11
grabaci,17,2,15
smelt,17,3,14
cavalcad,17,3,14
cess,17,8,9
volucrin,17,0,17
escapenumberct,17,11,6
asescapenumb,17,10,7
maill,17,13,4
exclusiva,17,1,16
kescapenumberca,17,17,0
sigmaescapenumb,17,17,0
islandhav,17,0,17
ewouldblock,17,17,0
crevic,17,5,12
orwellian,17,6,11
steeli,17,4,13
womack,17,16,1
demianenko,17,17,0
escapenumberabc,17,17,0
nbtd,17,17,0
sugardrop,17,0,17
slacker,17,0,17
alr,17,4,13
ncisco,17,17,0
saie,17,0,17
wmd,17,10,7
participar,17,4,13
lotterien,17,0,17
doseag,17,0,17
demokraten,17,0,17
fsysescapenumb,17,0,17
ofo,17,17,0
curveto,17,17,0
dengi,17,16,1
leicest,17,8,9
descapenumberd,17,1,16
eescapenumberr,17,5,12
paperless,17,3,14
ownershp,17,0,17
timm,17,0,17
blurt,17,0,17
escapenumberwk,17,0,17
greenvolt,17,17,0
lagoon,17,2,15
recomend,17,10,7
stile,17,3,14
detour,17,7,10
releasedetail,17,17,0
mindset,17,10,7
ghan,17,17,0
chadwick,17,0,17
more,17,8,9
dorn,17,15,2
lograr,17,2,15
bonapart,17,4,13
planeador,17,0,17
mailn,17,0,17
aescapenumbermr,17,3,14
mnd,17,16,1
antholog,17,3,14
escapenumberdtru,17,17,0
misspelt,17,0,17
byproduct,17,8,9
escapenumberfsmb,17,17,0
mth,17,14,3
ra,17,6,11
preinstal,17,17,0
eacc,17,17,0
xpdf,17,17,0
conjunto,17,3,14
ttle,17,6,11
graveyard,17,5,12
girrad,17,0,17
sempr,17,5,12
hobbit,17,8,9
cakewalk,17,4,13
roanok,17,15,2
constabl,17,12,5
escapenumbergk,17,1,16
thankyou,17,16,1
fss,17,17,0
biscayn,17,3,14
cik,17,0,17
octav,17,13,4
selma,17,5,12
wilshir,17,5,12
avenida,17,2,15
physi,17,2,15
noos,17,8,9
acroread,17,17,0
appian,17,0,17
patter,17,4,13
henley,17,6,11
digsound,17,0,17
acepack,17,17,0
finefresh,17,0,17
tekon,17,0,17
astoria,17,6,11
haw,17,6,11
unequivoc,17,17,0
concurso,17,1,16
gratif,17,1,16
embezzl,17,3,14
uml,17,12,5
gori,17,9,8
aquello,17,5,12
pawar,17,17,0
distaff,17,0,17
getipnodebynam,17,17,0
ifr,17,14,3
darlington,17,7,10
brig,17,2,15
epow,17,9,8
inanim,17,1,16
overthrown,17,1,16
sucess,17,10,7
prowl,17,10,7
ao,17,5,12
orator,17,0,17
ripper,17,0,17
pixnet,17,0,17
bymonth,17,0,17
inacio,17,17,0
realisiert,17,5,12
potsdam,17,14,3
xma,17,11,6
grandeur,17,0,17
greig,17,17,0
vlagrra,17,0,17
buthow,17,0,17
philbin,17,12,5
suwn,17,0,17
rscript,17,17,0
nozh,17,0,17
directeur,17,13,4
loyd,17,13,4
aiui,17,17,0
assemblag,17,1,16
tantalum,17,0,17
goven,17,0,17
msa,17,15,2
concour,17,1,16
audac,17,4,13
fayettevil,17,7,10
pbr,17,3,14
mediashap,17,0,17
veggi,17,17,0
ntt,17,16,1
peripatet,17,0,17
countervail,17,8,9
pbl,17,1,16
predominantli,17,11,6
breakag,17,8,9
cuomo,17,15,2
alderman,17,3,14
stringoverflow,17,17,0
vaunt,17,14,3
cinnulin,17,0,17
prensa,17,14,3
discl,17,0,17
walki,17,0,17
maxi,17,15,2
addtag,17,17,0
adverbi,17,8,9
restroom,17,5,12
godwin,17,10,7
msetpostlist,17,17,0
crosstown,17,17,0
sunsit,17,17,0
lsoft,17,9,8
interceptor,17,1,16
doorstephttp,17,0,17
crocu,17,0,17
ippm,17,17,0
escapenumberjoin,17,0,17
markey,17,17,0
postmortem,17,10,7
siz,17,0,17
afterglow,17,0,17
kar,17,12,5
subscr,17,1,16
basem,17,0,17
pwnam,17,17,0
chaff,17,1,16
stagnant,17,2,15
creo,17,7,10
spr,17,7,10
csnet,17,0,17
jede,17,7,10
reproductor,17,0,17
writex,17,17,0
palladium,17,7,10
kunstraub,17,17,0
peptid,17,1,16
grommet,17,9,8
correcta,17,4,13
brownian,17,12,5
ccescapenumb,17,7,10
jihad,17,11,6
patina,17,3,14
realment,17,2,15
stunum,17,17,0
disproportion,17,17,0
waysid,17,7,10
debilit,17,5,12
dure,17,14,3
verdad,17,2,15
recombin,17,12,5
courrier,17,0,17
linf,17,15,2
irena,17,15,2
aescapenumberal,17,0,17
triggerman,17,17,0
dorset,17,5,12
getprint,17,17,0
dolomit,17,0,17
wshadow,17,17,0
biock,17,0,17
foliow,17,0,17
systemescapenumb,17,17,0
macvicar,17,17,0
mainzer,17,17,0
churchgo,17,0,17
cipro,17,2,15
hkescapenumb,17,0,17
undecid,17,14,3
risco,17,15,2
getwd,17,16,1
guha,17,17,0
keinen,17,6,11
wget,17,16,1
cowardic,17,4,13
mii,17,0,17
spooki,17,12,5
naturalvassa,17,0,17
rumpl,17,0,17
boucher,17,2,15
eld,17,5,12
rcp,17,6,11
melli,17,17,0
escapenumberdu,17,1,16
clod,17,1,16
acompa,17,1,16
effac,17,1,16
tlumley,17,17,0
mam,17,13,4
neckti,17,0,17
rumin,17,2,15
pymodul,17,17,0
degli,17,15,2
nescapenumber,17,14,3
sesam,17,11,6
opi,17,13,4
pantheon,17,7,10
spokan,17,11,6
kourtney,17,17,0
gelatin,17,0,17
springboard,17,6,11
midrang,17,3,14
woven,17,3,14
escapenumberdr,17,6,11
cui,17,11,6
truco,17,0,17
territorio,17,8,9
seeger,17,17,0
sialkot,17,0,17
berlusconi,17,17,0
dixieland,17,0,17
blurb,17,5,12
doreen,17,2,15
engatiki,17,17,0
computex,17,15,2
unlead,17,10,7
genit,17,0,17
precip,17,17,0
cbtdirect,17,17,0
hrigen,17,6,11
madhav,17,17,0
perino,17,17,0
woken,17,1,16
kawoii,17,0,17
kaminiski,17,17,0
bedazzl,17,1,16
irda,17,0,17
decorum,17,5,12
accomplic,17,9,8
knuckl,17,3,14
feudal,17,3,14
scrawl,17,0,17
beachhead,17,0,17
yuma,17,16,1
escapenumberfsocket,17,17,0
northward,17,3,14
vlad,17,9,8
mirag,17,3,14
surrog,17,12,5
linha,17,0,17
ptrescapenumb,17,17,0
lipman,17,16,1
checkerberri,17,0,17
pmax,17,17,0
nutcrack,17,12,5
cocki,17,4,13
mutil,17,2,15
preauth,17,17,0
chockoala,17,0,17
loaf,17,1,16
familiarli,17,0,17
gouvern,17,13,4
afterlif,17,9,8
cll,17,0,17
catchup,17,1,16
ectric,17,17,0
simeon,17,1,16
sengupta,17,16,1
webdav,17,14,3
spank,17,2,15
margot,17,15,2
arun,17,16,1
eeoc,17,1,16
ptitsin,17,0,17
singi,17,0,17
stepmoth,17,0,17
bindstr,17,17,0
kxescapenumb,17,12,5
usq,17,16,1
irwin,17,7,10
klicken,17,1,16
mkm,17,16,1
bugaboo,17,6,11
buddhism,17,2,15
corundum,17,0,17
stymi,17,9,8
cardiff,17,7,10
rodin,17,17,0
lado,17,4,13
tradenam,17,16,1
snif,17,6,11
stonebridg,17,0,17
chippi,17,17,0
deref,17,17,0
fluke,17,1,16
reconven,17,17,0
priicew,17,0,17
cayenn,17,7,10
prilosec,17,0,17
wlrk,17,17,0
barnyard,17,3,14
windowsxp,17,6,11
transcolorado,17,17,0
vindict,17,1,16
retaliatori,17,15,2
pped,17,2,15
dpm,17,16,1
bott,17,12,5
auburn,17,6,11
juridiqu,17,17,0
esperar,17,1,16
anwendung,17,0,17
octagon,17,0,17
estoy,17,7,10
ife,17,2,15
bronchiol,17,0,17
panick,17,15,2
oyl,17,0,17
bucol,17,1,16
gpa,17,16,1
superfast,17,3,14
nikita,17,12,5
quash,17,9,8
blogabl,17,17,0
scardino,17,17,0
citron,17,3,14
clicktrip,17,17,0
haag,17,3,14
balustrad,17,0,17
grassroot,17,9,8
coset,17,0,17
caruso,17,11,6
corali,17,16,1
errata,17,14,3
realti,17,13,4
aoescapenumberfvzni,17,17,0
entireiy,17,0,17
tabolt,17,17,0
terrier,17,2,15
brownel,17,10,7
univari,17,15,2
netrc,17,17,0
headless,17,16,1
lockescapenumb,17,17,0
cohn,17,4,13
blare,17,1,16
fel,17,10,7
tatter,17,11,6
repeatmus,17,0,17
yanina,17,0,17
guino,17,17,0
listado,17,1,16
nozzl,17,5,12
arid,17,4,13
mundan,17,7,10
debianart,17,17,0
wherewith,17,1,16
physica,17,0,17
debido,17,3,14
gfortran,17,17,0
broach,17,6,11
grado,17,0,17
ebescapenumb,17,11,6
raghavan,17,17,0
strlist,17,17,0
installscript,17,17,0
dicho,17,11,6
amtrak,17,1,16
sniffl,17,0,17
chaotic,17,13,4
upstat,17,5,12
complais,17,0,17
eescapenumberb,17,0,17
meticul,17,7,10
odi,17,11,6
tkgetopenfil,17,17,0
acttre,17,0,17
tuaw,17,17,0
ooz,17,5,12
graphviz,17,17,0
strut,17,6,11
sabbat,17,8,9
waldo,17,3,14
dcc,17,7,10
testsub,17,17,0
brianna,17,0,17
opil,17,0,17
asd,17,0,17
clea,17,9,8
manganes,17,1,16
muzzi,17,17,0
yuck,17,8,9
hogu,17,6,11
rebas,17,17,0
mnp,17,13,4
telemarket,17,1,16
ailow,17,0,17
rua,17,10,7
wintri,17,0,17
infirm,17,7,10
itseif,17,0,17
fonda,17,16,1
gaylord,17,0,17
telefonica,17,1,16
edifici,17,0,17
dectlk,17,17,0
entdeckt,17,6,11
baneberri,17,0,17
handov,17,15,2
tiaiiti,17,0,17
cci,17,11,6
flawless,17,6,11
jdk,17,15,2
rweavehtml,17,17,0
powerfair,17,17,0
afforrd,17,0,17
carney,17,4,13
telfono,17,0,17
zlib,17,16,1
burnout,17,3,14
courtyard,17,6,11
chigger,17,1,16
dictatori,17,3,14
xemac,17,17,0
iceland,17,5,12
asiat,17,1,16
gpi,17,16,1
repliica,17,0,17
dvisor,17,0,17
grandios,17,5,12
joyner,17,15,2
randpass,17,17,0
doff,17,3,14
veslot,17,17,0
changeabl,17,6,11
ifil,17,17,0
smc,17,7,10
debaucheri,17,1,16
hysteria,17,10,7
ditti,17,2,15
childr,17,8,9
antelopehnd,17,0,17
sine,17,3,14
housewar,17,4,13
apa,17,10,7
telemetri,17,16,1
ferragamo,17,0,17
madelin,17,7,10
privet,17,3,14
caltech,17,5,12
desarrollar,17,0,17
hkthank,17,0,17
bigot,17,3,14
crewmat,17,16,1
davecb,17,17,0
riza,17,15,2
unprofit,17,11,6
outset,17,12,5
nola,17,10,7
mccauley,17,8,9
freeaddrinfo,17,17,0
reestablish,17,16,1
chaplainci,17,0,17
nmescapenumb,17,1,16
endocrin,17,1,16
cacao,17,2,15
nimbl,17,9,8
patchwork,17,10,7
ute,17,7,10
swinger,17,0,17
stinkspri,17,0,17
lull,17,5,12
pmsa,17,17,0
bhatia,17,17,0
pocketbook,17,10,7
saviour,17,6,11
frree,17,0,17
banter,17,6,11
gladkowski,17,17,0
oarabil,17,17,0
sabina,17,5,12
covici,17,17,0
fianc,17,7,10
imf,17,10,7
unclass,17,17,0
parroquia,17,17,0
recast,17,13,4
interstellar,17,9,8
dewi,17,0,17
ofrecemo,17,0,17
archibald,17,1,16
hemorrhag,17,9,8
carfar,17,0,17
aixacl,17,17,0
butyl,17,2,15
geescapenumb,17,11,6
rejectrecord,17,17,0
loon,17,11,6
garnish,17,0,17
aicohol,17,0,17
cashew,17,0,17
kurtosi,17,17,0
augur,17,2,15
managerregistri,17,17,0
putti,17,10,7
maui,17,10,7
escapenumberfil,17,13,4
alliter,17,0,17
vend,17,4,13
dateescapenumb,17,17,0
expedi,17,4,13
antig,17,17,0
bronchiti,17,4,13
errand,17,3,14
solu,17,3,14
apocryph,17,0,17
lipiitor,17,0,17
cornucopia,17,9,8
vlagr,17,0,17
gisel,17,10,7
postcircumfix,17,17,0
penit,17,1,16
motherhood,17,15,2
dimpl,17,0,17
emaillaunch,17,0,17
distinta,17,3,14
girlish,17,1,16
cruft,17,17,0
polka,17,2,15
mca,17,3,14
escapenumberdef,17,17,0
depos,17,9,8
livejourn,17,17,0
napl,17,5,12
dcpi,17,0,17
yho,17,16,1
ruddi,17,3,14
hemal,17,0,17
askew,17,2,15
geschaeftsbereich,17,0,17
domopen,17,17,0
festgenommen,17,6,11
projectil,17,7,10
froma,17,1,16
wamu,17,1,16
expertfind,17,17,0
surveri,17,1,16
rodriquez,17,14,3
adroit,17,0,17
kmp,17,16,1
kalotay,17,17,0
goodal,17,16,1
striven,17,0,17
pareja,17,1,16
apu,17,16,1
antwerp,17,3,14
crowel,17,2,15
trinidad,17,8,9
fasescapenumb,17,17,0
bereft,17,2,15
layton,17,12,5
healthnet,17,17,0
ain,17,2,15
gunshot,17,10,7
assura,17,17,0
replacetort,17,17,0
ethiopian,17,17,0
anion,17,1,16
maxlength,17,17,0
releaseid,17,17,0
bavaria,17,2,15
nostril,17,4,13
outflow,17,16,1
espinoza,17,15,2
pecorp,17,17,0
tknight,17,17,0
petticoat,17,3,14
shyli,17,0,17
avocado,17,2,15
mendelsohn,17,17,0
escapenumberurl,17,0,17
tamb,17,6,11
gover,17,4,13
orangutan,17,9,8
diehard,17,4,13
trenton,17,4,13
precipic,17,3,14
epitaxi,17,0,17
beliv,17,8,9
nahezu,17,1,16
folklor,17,7,10
wombat,17,3,14
informati,17,1,16
nightsoffun,17,0,17
diffrent,17,16,1
eliason,17,17,0
areva,17,17,0
caili,17,0,17
bernadin,17,0,17
freud,17,3,14
handel,17,9,8
mahogani,17,8,9
daggerquil,17,17,0
descapenumberz,17,0,17
hich,17,7,10
uraniumenergi,17,0,17
mitosi,17,0,17
oday,17,8,9
fiexibl,17,0,17
underag,17,9,8
miescapenumb,17,12,5
sortfulwert,17,0,17
sambadomain,17,17,0
rard,17,17,0
nationspeci,17,0,17
cygdriv,17,17,0
mayhem,17,10,7
discomfit,17,7,10
buick,17,8,9
timtoadi,17,17,0
obliter,17,10,7
corri,17,17,0
lymphoma,17,12,5
siwenna,17,0,17
brogan,17,17,0
gnat,17,5,12
caescapenumb,17,10,7
staid,17,8,9
nez,16,8,8
sark,16,16,0
dnsdin,16,0,16
flnanc,16,0,16
botswana,16,7,9
utilizando,16,0,16
capsiz,16,10,6
ender,16,7,9
lineofcredit,16,0,16
autolearn,16,7,9
aybar,16,16,0
emeri,16,5,11
arnt,16,15,1
xhobatol,16,0,16
fuzz,16,11,5
illiter,16,2,14
soff,16,16,0
shp,16,13,3
phaseon,16,16,0
sabayoi,16,0,16
slowest,16,12,4
automount,16,15,1
sportswear,16,1,15
ped,16,6,10
fileno,16,16,0
resubmit,16,14,2
pdo,16,13,3
delilah,16,0,16
lpr,16,1,15
ecologist,16,16,0
hopper,16,12,4
aclescapenumb,16,16,0
diario,16,3,13
wean,16,2,14
manouchehr,16,2,14
moretimecar,16,0,16
vecino,16,14,2
misalign,16,13,3
engend,16,6,10
campion,16,2,14
blay,16,16,0
clime,16,3,13
hater,16,7,9
lett,16,5,11
popkin,16,16,0
mnet,16,16,0
arcsin,16,0,16
paratroop,16,2,14
dataxescapenumb,16,16,0
tld,16,12,4
lewing,16,16,0
sandov,16,13,3
boister,16,5,11
rdiaz,16,16,0
tmc,16,5,11
splatter,16,2,14
eclect,16,4,12
planck,16,12,4
jitcap,16,16,0
zeilei,16,16,0
hotkey,16,15,1
acolyt,16,4,12
myplot,16,16,0
layman,16,8,8
closeeventlog,16,16,0
jgsm,16,16,0
dimanch,16,14,2
sprite,16,5,11
batavia,16,0,16
kosovo,16,15,1
pup,16,6,10
heartburn,16,6,10
ntmt,16,0,16
cruelli,16,0,16
overnlght,16,0,16
masayuki,16,16,0
fadista,16,16,0
presentaci,16,1,15
nmbname,16,16,0
gna,16,16,0
secci,16,5,11
stescapenumb,16,0,16
dutt,16,16,0
seani,16,16,0
pituitari,16,0,16
irresolut,16,0,16
mlist,16,16,0
outgrowth,16,4,12
limitless,16,2,14
rabin,16,9,7
mcaliist,16,0,16
alltel,16,9,7
peedb,16,0,16
cartesian,16,4,12
sohu,16,6,10
nana,16,0,16
wanjiru,16,12,4
farson,16,0,16
goliath,16,7,9
nirvana,16,7,9
nimm,16,0,16
dilbert,16,3,13
cavuto,16,15,1
almagest,16,0,16
verschwunden,16,16,0
busto,16,16,0
sallow,16,1,15
youa,16,0,16
sitter,16,12,4
rger,16,1,15
armament,16,0,16
olot,16,16,0
gelassen,16,1,15
sonido,16,2,14
menard,16,13,3
alj,16,14,2
aji,16,10,6
alrm,16,16,0
virtua,16,0,16
sunjay,16,16,0
je,16,12,4
elegi,16,2,14
unbeiivabi,16,0,16
bours,16,11,5
gpc,16,15,1
scant,16,9,7
kidman,16,15,1
utilizado,16,0,16
fescapenumberz,16,0,16
atan,16,16,0
demetriu,16,1,15
dwelt,16,1,15
leandro,16,7,9
resendez,16,16,0
waitress,16,10,6
eish,16,16,0
unreleas,16,16,0
thereon,16,4,12
ambianc,16,0,16
setescapenumb,16,16,0
inventati,16,16,0
escapenumberlu,16,12,4
azminab,16,16,0
airfoil,16,0,16
bto,16,0,16
motherless,16,0,16
simplex,16,13,3
unionv,16,16,0
gilt,16,7,9
chlorin,16,0,16
shouldteach,16,0,16
climact,16,1,15
mombi,16,0,16
iff,16,16,0
besch,16,4,12
flashlight,16,2,14
isyj,16,0,16
oar,16,3,13
sternshirt,16,1,15
douglass,16,7,9
ntion,16,3,13
proz,16,0,16
tescapenumberi,16,6,10
stridden,16,0,16
writh,16,2,14
ajit,16,16,0
mercur,16,11,5
cora,16,11,5
traitement,16,16,0
libtelnet,16,16,0
abrir,16,2,14
mccaffrey,16,16,0
nostalg,16,5,11
caraca,16,5,11
mcneil,16,8,8
clarkson,16,16,0
moseley,16,13,3
readjust,16,12,4
headway,16,6,10
barf,16,16,0
twirl,16,4,12
peng,16,12,4
biddabl,16,6,10
hd,16,14,2
figu,16,1,15
pho,16,4,12
ycfescapenumb,16,16,0
enunci,16,7,9
kfc,16,14,2
gardez,16,16,0
opfer,16,4,12
kfescapenumbernh,16,16,0
futim,16,16,0
beeindruckend,16,0,16
indigo,16,1,15
stubb,16,13,3
hendrickson,16,9,7
unwav,16,10,6
doughnut,16,3,13
hoarfrost,16,1,15
drugsplac,16,0,16
radial,16,10,6
copiez,16,16,0
redneck,16,2,14
bavail,16,16,0
hexescapenumb,16,16,0
pensiv,16,0,16
deeproot,16,16,0
auerbach,16,5,11
fmescapenumbertukey,16,16,0
ensign,16,1,15
dyspept,16,1,15
kdeescapenumberd,16,16,0
whey,16,1,15
sanyo,16,1,15
newscientist,16,16,0
jdkescapenumb,16,16,0
urltrack,16,16,0
perlescapenumberlib,16,16,0
defrag,16,5,11
fontainebleau,16,5,11
calv,16,3,13
bulger,16,16,0
remanufactur,16,0,16
blackbird,16,3,13
prescrlptlonneed,16,0,16
clandestin,16,5,11
caiendar,16,0,16
thurrott,16,0,16
ibrahimov,16,16,0
timeserv,16,15,1
purcha,16,4,12
historysimpl,16,0,16
alchemi,16,3,13
nior,16,16,0
bubba,16,13,3
gangster,16,5,11
gidtosid,16,16,0
dere,16,1,15
slib,16,16,0
galeri,16,15,1
dentiaiiti,16,0,16
emblazon,16,5,11
aicc,16,15,1
meanescapenumb,16,16,0
overdid,16,0,16
tapestri,16,3,13
kano,16,8,8
aproximadament,16,2,14
smil,16,13,3
ligarto,16,16,0
damagin,16,0,16
dcsescapenumb,16,0,16
hieroglyph,16,5,11
malaysian,16,13,3
gristl,16,16,0
crestfallen,16,0,16
preset,16,5,11
vcn,16,9,7
hydrostat,16,12,4
cabbi,16,1,15
msi,16,6,10
kiev,16,2,14
hanlon,16,8,8
messup,16,0,16
jester,16,16,0
bringen,16,5,11
hpp,16,1,15
apertur,16,2,14
psychotherapi,16,13,3
bridl,16,0,16
eisenberg,16,16,0
readwrit,16,15,1
escapenumberdi,16,10,6
noteworthi,16,10,6
aback,16,2,14
williamh,16,16,0
valgrindtest,16,16,0
aescapenumber,16,5,11
overseen,16,15,1
releaseip,16,16,0
dhl,16,3,13
contrario,16,1,15
smartest,16,11,5
pondu,16,4,12
accross,16,12,4
bangor,16,4,12
fftabl,16,0,16
bunsen,16,0,16
pelt,16,5,11
timeandd,16,16,0
limma,16,16,0
apartamento,16,0,16
casmioo,16,0,16
scapegoat,16,10,6
satoh,16,16,0
endp,16,16,0
inset,16,12,4
reseach,16,16,0
cuti,16,1,15
earnhardt,16,14,2
cornea,16,0,16
bucknel,16,7,9
erreg,16,0,16
bulgarian,16,11,5
raspberri,16,4,12
medicatlon,16,0,16
vulpin,16,0,16
joyous,16,0,16
volley,16,1,15
electrolysi,16,0,16
blest,16,0,16
acetyp,16,16,0
aout,16,16,0
ncurs,16,16,0
vipin,16,16,0
seligmann,16,16,0
gan,16,3,13
lreic,16,0,16
greenish,16,5,11
mbao,16,16,0
adrienn,16,4,12
awn,16,2,14
bij,16,1,15
abierta,16,2,14
bamberg,16,4,12
harp,16,3,13
geteuid,16,16,0
nuev,16,2,14
primaci,16,5,11
coefmat,16,16,0
stdint,16,16,0
kkr,16,16,0
dapperpencil,16,0,16
ipescapenumberam,16,16,0
loescapenumb,16,9,7
pricess,16,0,16
ltc,16,2,14
academician,16,7,9
primp,16,4,12
mausoleum,16,2,14
chimpanze,16,3,13
simper,16,4,12
hkgreat,16,0,16
onlinegenericshop,16,0,16
fixedtim,16,16,0
organizar,16,1,15
escapenumberbb,16,1,15
guadarrama,16,16,0
pharmlov,16,0,16
actualizada,16,3,13
egipto,16,16,0
playa,16,4,12
perrier,16,16,0
waitlist,16,16,0
tbsresponsedata,16,16,0
rezko,16,16,0
okonkwo,16,16,0
filed,16,15,1
largo,16,5,11
beco,16,10,6
parliamentarian,16,9,7
sacdataslp,16,16,0
cliffhang,16,2,14
lulu,16,1,15
declan,16,15,1
stovepip,16,0,16
teknecon,16,16,0
faucheaux,16,16,0
printcap,16,4,12
sidekick,16,8,8
joran,16,0,16
maiiss,16,0,16
clink,16,0,16
kannst,16,1,15
infest,16,3,13
rogroup,16,16,0
blueshirtgroup,16,16,0
mdt,16,13,3
nyiso,16,16,0
solucion,16,0,16
copperi,16,0,16
endesa,16,16,0
flavio,16,15,1
sccsite,16,0,16
transarea,16,16,0
copel,16,16,0
ascet,16,0,16
trueli,16,4,12
servicemen,16,9,7
targett,16,16,0
gevalia,16,0,16
oglethorp,16,11,5
mkpath,16,16,0
vivendi,16,16,0
molina,16,2,14
mprsetcfunct,16,16,0
riverfront,16,5,11
tesoro,16,13,3
xephyr,16,16,0
willem,16,14,2
automaticaliy,16,0,16
tte,16,6,10
lithuania,16,8,8
banca,16,9,7
ahuffleescapenumb,16,16,0
prognost,16,8,8
uca,16,15,1
grapefruit,16,3,13
fiim,16,0,16
gemston,16,0,16
ugo,16,9,7
aro,16,4,12
capaci,16,0,16
testb,16,9,7
esquir,16,11,5
futurist,16,10,6
maxsiz,16,16,0
dpaescapenumb,16,16,0
rogram,16,7,9
qfsinfo,16,16,0
veer,16,9,7
operatorship,16,15,1
dcostello,16,0,16
devout,16,2,14
whirligig,16,0,16
doctyp,16,0,16
landus,16,16,0
giop,16,0,16
mcpherson,16,3,13
hatton,16,15,1
rheumat,16,0,16
prvb,16,0,16
unwis,16,5,11
palacio,16,11,5
reynoid,16,0,16
unpunish,16,4,12
nicodemu,16,0,16
pax,16,7,9
sib,16,10,6
automata,16,7,9
openburn,16,0,16
boyhood,16,0,16
confidentiaii,16,0,16
additionn,16,16,0
nasal,16,5,11
blevin,16,10,6
glashut,16,0,16
truckload,16,14,2
yamet,16,0,16
coffman,16,2,14
amazona,16,2,14
zhou,16,14,2
lmtest,16,16,0
shapefil,16,15,1
australiamail,16,0,16
sedai,16,0,16
habilidad,16,1,15
wineri,16,6,10
vivac,16,3,13
rowland,16,6,10
culpabl,16,7,9
quadrillion,16,1,15
fullpath,16,16,0
allel,16,9,7
dour,16,5,11
nro,16,0,16
quebra,16,16,0
fazer,16,4,12
swum,16,0,16
assit,16,5,11
wachtel,16,16,0
unalign,16,16,0
parl,16,13,3
kasaru,16,16,0
chun,16,16,0
ntrain,16,16,0
actualment,16,4,12
tf,16,16,0
eke,16,5,11
remond,16,16,0
instrumento,16,6,10
scoreboard,16,7,9
interesa,16,2,14
suntrust,16,6,10
invulner,16,0,16
pspec,16,16,0
oppd,16,16,0
linspir,16,13,3
ibl,16,3,13
volver,16,6,10
pstemari,16,16,0
actuel,16,9,7
drugnew,16,0,16
inzwischen,16,9,7
sedat,16,4,12
anachron,16,1,15
dwide,16,0,16
bylin,16,4,12
gencach,16,16,0
catchment,16,15,1
rol,16,7,9
haughti,16,0,16
ashen,16,0,16
glint,16,2,14
machado,16,16,0
geecf,16,0,16
goron,16,16,0
degum,16,0,16
retin,16,4,12
alton,16,6,10
raspi,16,0,16
serialnumb,16,3,13
filer,16,5,11
betr,16,1,15
cashion,16,16,0
phelim,16,16,0
cannel,16,1,15
brainard,16,0,16
dejesu,16,11,5
gordo,16,1,15
asdasdf,16,16,0
astronomi,16,4,12
repons,16,13,3
riek,16,16,0
foro,16,6,10
lounghrid,16,16,0
anyplac,16,3,13
schaffler,16,16,0
hereforget,16,0,16
newyorkersflorida,16,0,16
oatshov,16,0,16
bxp,16,16,0
coldtast,16,0,16
ntsb,16,13,3
brigadi,16,2,14
ooc,16,15,1
implaus,16,9,7
anteat,16,0,16
borderlin,16,9,7
ningun,16,0,16
easytous,16,1,15
lausann,16,7,9
caryatid,16,0,16
liechtenstein,16,9,7
corkscrew,16,0,16
myarg,16,16,0
amorph,16,3,13
slander,16,8,8
ampliar,16,2,14
kak,16,0,16
normexam,16,16,0
passer,16,6,10
donot,16,8,8
aithough,16,0,16
aristotelian,16,0,16
costbranch,16,0,16
moh,16,16,0
unwieldi,16,11,5
detenido,16,16,0
atroph,16,0,16
temo,16,1,15
borat,16,8,8
miracleburn,16,0,16
amphetamin,16,1,15
nssinfolibdir,16,16,0
grundlagen,16,0,16
gothic,16,5,11
slashback,16,16,0
vodafon,16,6,10
stutter,16,5,11
ebusi,16,11,5
propens,16,4,12
escapenumbernot,16,1,15
pbinom,16,16,0
eldon,16,0,16
danvil,16,16,0
noinstal,16,16,0
bitterroot,16,1,15
reimplement,16,15,1
calcium,16,3,13
flaunt,16,3,13
xescapenumberd,16,9,7
fetid,16,0,16
armada,16,5,11
tonsori,16,0,16
spanbr,16,0,16
belveder,16,8,8
precr,16,16,0
bpescapenumb,16,13,3
gcrypt,16,16,0
ahem,16,3,13
crocus,16,2,14
vse,16,3,13
waterfront,16,6,10
ioc,16,12,4
dornick,16,0,16
nowa,16,15,1
chock,16,4,12
diatrib,16,0,16
hessianivoryserv,16,0,16
subtitl,16,12,4
makeconf,16,16,0
kaolin,16,0,16
oob,16,14,2
badfil,16,16,0
winhundr,16,0,16
tobit,16,16,0
oligarchi,16,0,16
agustin,16,12,4
biddl,16,16,0
britva,16,0,16
scholast,16,4,12
spaceproduc,16,0,16
eal,16,6,10
lukewarm,16,9,7
endogen,16,11,5
iqbal,16,16,0
sublist,16,16,0
atrophi,16,6,10
docil,16,1,15
alkaloid,16,0,16
forger,16,16,0
occult,16,1,15
capitalis,16,14,2
vengeanc,16,3,13
sticktel,16,0,16
slo,16,1,15
bjk,16,0,16
noviembr,16,8,8
spurn,16,8,8
asbesto,16,5,11
transatlant,16,13,3
ldapmanagerpass,16,16,0
efa,16,16,0
cottrel,16,3,13
youngblood,16,12,4
pohnor,16,0,16
mobilemail,16,0,16
bytev,16,16,0
escapenumbervdbrtv,16,0,16
monumento,16,16,0
mobilfunkmarkt,16,0,16
kannikar,16,16,0
bamrungsart,16,0,16
limpieza,16,0,16
nummer,16,0,16
scuba,16,6,10
updateprofil,16,0,16
djbvahuopn,16,0,16
forsyth,16,9,7
electrifi,16,6,10
hotsolut,16,0,16
machdep,16,15,1
unannounc,16,16,0
tripletalk,16,16,0
aao,16,0,16
armaci,16,0,16
odbcconnectexcel,16,16,0
genia,16,16,0
sist,16,0,16
chn,16,15,1
dtr,16,2,14
mcgovern,16,14,2
spyro,16,16,0
headi,16,9,7
starboard,16,16,0
isset,16,16,0
wml,16,5,11
personai,16,0,16
castor,16,0,16
longnam,16,16,0
erkl,16,13,3
eyebal,16,6,10
artilleri,16,7,9
redwood,16,8,8
direscapenumb,16,16,0
schumach,16,11,5
longoria,16,12,4
simm,16,11,5
clearest,16,8,8
dogflat,16,0,16
flanigan,16,13,3
cinerari,16,0,16
interdepend,16,13,3
coaxial,16,5,11
adjectiv,16,2,14
confldenti,16,0,16
revalu,16,15,1
sportswrit,16,1,15
odditi,16,10,6
decapit,16,10,6
crassu,16,0,16
destinatario,16,2,14
mipo,16,16,0
tomczyk,16,16,0
fuego,16,5,11
jugar,16,0,16
aniseikon,16,0,16
coredump,16,16,0
checkbook,16,3,13
kathmandu,16,3,13
unsanctifi,16,0,16
parsefunct,16,16,0
balmi,16,0,16
abona,16,0,16
wolff,16,6,10
kobe,16,15,1
binghamton,16,4,12
nikola,16,16,0
chagrin,16,6,10
hypoderm,16,1,15
pharmacybymail,16,0,16
qaida,16,7,9
caith,16,15,1
dre,16,5,11
bizcom,16,16,0
momentan,16,3,13
sharper,16,10,6
birthright,16,1,15
epitaph,16,9,7
carstensen,16,16,0
prese,16,9,7
jsf,16,13,3
viripot,16,0,16
editlin,16,16,0
paloma,16,15,1
counterintuit,16,9,7
papua,16,3,13
emailnow,16,16,0
unangesehen,16,0,16
bilk,16,4,12
randomis,16,16,0
barbi,16,13,3
rawhid,16,10,6
stereotyp,16,12,4
ic,16,10,6
escapenumberpmet,16,16,0
alternativa,16,2,14
groupescapenumb,16,16,0
entellig,16,16,0
fread,16,16,0
controversia,16,1,15
inspiron,16,10,6
canfibr,16,16,0
escapenumberup,16,13,3
panacea,16,4,12
gesehen,16,1,15
cya,16,1,15
unserem,16,0,16
nowit,16,0,16
coachmen,16,0,16
tripp,16,10,6
sexp,16,16,0
churchbel,16,0,16
abolit,16,1,15
strod,16,0,16
afiliado,16,0,16
toplevel,16,15,1
pfalz,16,0,16
norvir,16,16,0
mejora,16,1,15
svide,16,16,0
motif,16,6,10
escapenumberonl,16,0,16
rotunda,16,2,14
forearm,16,5,11
duckl,16,3,13
escapenumberflibcli,16,16,0
dissolut,16,4,12
mackd,16,0,16
jisom,16,16,0
paskin,16,16,0
mystifi,16,9,7
ubsenergi,16,16,0
lonesom,16,1,15
junit,16,16,0
hkhigh,16,0,16
beplast,16,0,16
addl,16,4,12
freebi,16,4,12
breckenridg,16,16,0
salvo,16,7,9
languid,16,6,10
spinner,16,15,1
metoy,16,16,0
ptsize,16,0,16
goff,16,0,16
shirtcoach,16,0,16
capella,16,4,12
suppii,16,0,16
pooh,16,2,14
respon,16,10,6
memb,16,9,7
bedrock,16,1,15
junto,16,4,12
intescapenumbersz,16,16,0
fondazion,16,9,7
mnie,16,15,1
escapenumberfmk,16,16,0
sfall,16,16,0
antivir,16,6,10
grt,16,2,14
queryuserinfo,16,16,0
cyanat,16,0,16
brigham,16,13,3
ignorieren,16,0,16
coxm,16,16,0
sergeev,16,16,0
movingthan,16,0,16
linuxus,16,16,0
nineteenth,16,7,9
primitiva,16,0,16
refractori,16,7,9
libexec,16,4,12
spook,16,9,7
cdna,16,16,0
diy,16,8,8
reqpath,16,16,0
salient,16,7,9
steamer,16,3,13
augol,16,16,0
schlag,16,0,16
insati,16,9,7
opengl,16,10,6
storyescapenumb,16,16,0
passwdfilfh,16,16,0
usdollar,16,7,9
mcnic,16,16,0
beggar,16,1,15
allfil,16,16,0
yyyymm,16,16,0
funcescapenumb,16,16,0
umgehend,16,1,15
nodepar,16,16,0
logout,16,11,5
entgehen,16,3,13
bigescapenumb,16,15,1
aicohoi,16,0,16
nikimarriettaweb,16,0,16
llib,16,16,0
alluvi,16,0,16
undetect,16,10,6
ppd,16,8,8
predescapenumb,16,16,0
sirna,16,16,0
energa,16,16,0
forthwith,16,2,14
startdir,16,16,0
anu,16,3,13
efcu,16,16,0
toxicolog,16,6,10
pooch,16,4,12
forkspeech,16,0,16
samrclos,16,16,0
bld,16,9,7
granul,16,5,11
devote,16,3,13
liescapenumb,16,6,10
subfnam,16,16,0
zvezda,16,16,0
hine,16,7,9
dortmund,16,5,11
perregaux,16,0,16
inscrib,16,9,7
truong,16,16,0
vcr,16,6,10
roku,16,16,0
schield,16,16,0
craftsperson,16,1,15
technion,16,8,8
norwalk,16,5,11
nold,16,16,0
semit,16,5,11
npk,16,16,0
prozess,16,13,3
coventri,16,6,10
mapa,16,0,16
dcruz,16,0,16
incant,16,5,11
deren,16,15,1
escapenumberfa,16,8,8
volkswagen,16,3,13
stanislav,16,16,0
cmat,16,16,0
studiou,16,1,15
olsson,16,16,0
interes,16,5,11
mgt,16,13,3
romantica,16,0,16
angeklagt,16,16,0
excercis,16,9,7
undergrad,16,15,1
megapixel,16,4,12
cassel,16,16,0
tdbobj,16,16,0
youvibr,16,0,16
mpesenti,16,16,0
impressionist,16,14,2
stringstr,16,16,0
armload,16,0,16
barra,16,4,12
narasim,16,16,0
profesor,16,3,13
reaiiz,16,0,16
mccurley,16,16,0
ingal,16,16,0
vararg,16,16,0
gaddi,16,15,1
yourvibr,16,0,16
brothel,16,6,10
meager,16,6,10
fucntion,16,16,0
saleem,16,15,1
electrician,16,3,13
em,16,7,9
kmo,16,0,16
franai,16,2,14
butku,16,15,1
escapenumberfimath,16,16,0
getmanagervers,16,16,0
crystallographi,16,1,15
bajcev,16,0,16
habr,16,15,1
listnam,16,16,0
vitra,16,0,16
pkwi,16,1,15
dutton,16,5,11
cezar,16,16,0
quer,16,2,14
hkexperienc,16,0,16
constanc,16,4,12
legalcod,16,16,0
scovil,16,16,0
throught,16,14,2
baud,16,0,16
vetter,16,15,1
schl,16,1,15
brangelina,16,16,0
karthik,16,16,0
adicion,16,1,15
contort,16,4,12
contagion,16,5,11
boggi,16,2,14
descrambl,16,0,16
pebbl,16,3,13
illegal,16,1,15
scienz,16,16,0
ameli,16,7,9
pu,16,1,15
dynagi,16,16,0
omegahat,16,16,0
acapulco,16,7,9
biopharmaceut,16,12,4
smallcuid,16,16,0
crotch,16,2,14
fabio,16,11,5
fedoraproject,16,16,0
harbgn,16,16,0
figurin,16,11,5
callou,16,3,13
pinafor,16,3,13
winder,16,15,1
boundless,16,0,16
aruntx,16,0,16
messr,16,10,6
raffl,16,8,8
fishwif,16,0,16
cusp,16,3,13
teaspoon,16,0,16
gat,16,3,13
profissionai,16,1,15
attrit,16,6,10
bran,16,3,13
cozen,16,2,14
hbid,16,0,16
exhum,16,3,13
blueberri,16,9,7
guitarist,16,4,12
ajello,16,16,0
unconfirm,16,11,5
polito,16,16,0
bebac,16,16,0
absher,16,0,16
bravado,16,5,11
alford,16,9,7
terrestri,16,5,11
centrist,16,6,10
chlorid,16,7,9
kruger,16,0,16
scrupul,16,2,14
aescapenumbermmvii,16,16,0
relevel,16,16,0
qb,16,1,15
dcrossescapenumb,16,0,16
jojo,16,11,5
yaz,16,1,15
authoritarian,16,4,12
copeland,16,6,10
vern,16,3,13
qanta,16,15,1
chateaux,16,0,16
effic,16,12,4
multifunct,16,0,16
columbiaga,16,16,0
lgplvescapenumb,16,16,0
ebxescapenumberbr,16,16,0
genaro,16,12,4
spivey,16,15,1
againstcamp,16,0,16
pessim,16,9,7
homeselect,16,0,16
arachnid,16,0,16
cartographi,16,1,15
mediamatt,16,16,0
transcan,16,16,0
rawp,16,16,0
preformat,16,0,16
befallen,16,1,15
sideshow,16,5,11
kuykendal,16,16,0
origen,16,11,5
betroth,16,0,16
chaplin,16,7,9
sloppi,16,8,8
ybr,16,16,0
htmlescapenumb,16,12,4
mcdonnel,16,12,4
axxxmovi,16,0,16
boilerpl,16,16,0
morpholog,16,6,10
technologist,16,15,1
jostl,16,4,12
fdate,16,16,0
apprehend,16,9,7
cushman,16,5,11
bitfrost,16,16,0
vvg,16,0,16
yai,16,13,3
troup,16,5,11
postura,16,2,14
wad,16,3,13
calico,16,1,15
aida,16,2,14
technorati,16,7,9
dcox,16,0,16
carrel,16,8,8
crass,16,4,12
conclav,16,0,16
kickback,16,10,6
postseason,16,10,6
mortag,16,0,16
glich,16,9,7
withou,16,2,14
sann,16,10,6
externalctrl,16,16,0
vixi,16,16,0
southtrust,16,0,16
ocarina,16,8,8
wealthier,16,9,7
cnio,16,16,0
bsdo,16,16,0
jnr,16,2,14
wwrite,16,16,0
nuevament,16,3,13
tardif,16,16,0
parseabl,16,16,0
agpla,16,16,0
swivel,16,0,16
immobil,16,8,8
abigail,16,11,5
gist,16,7,9
affluenc,16,1,15
calli,16,3,13
orgopt,16,16,0
heid,16,0,16
compay,16,1,15
carsydney,16,0,16
firedoglak,16,16,0
grafico,16,0,16
atim,16,14,2
mcfd,16,16,0
diva,16,1,15
permiten,16,1,15
selen,16,8,8
hillh,16,16,0
denouement,16,6,10
ibit,16,16,0
shorn,16,1,15
phot,16,2,14
harrisburg,16,7,9
jitterbug,16,2,14
grail,16,6,10
ariadn,16,2,14
uib,16,14,2
labori,16,7,9
delia,16,2,14
beca,16,2,14
weigelt,16,16,0
ltm,16,15,1
thro,16,4,12
brenner,16,2,14
frig,16,4,12
flounder,16,9,7
exhal,16,1,15
hookey,16,0,16
topeka,16,11,5
ngottlieb,16,16,0
guyana,16,2,14
onlineservic,16,0,16
tipsi,16,6,10
rowdi,16,8,8
blogospher,16,15,1
acces,16,3,13
vouch,16,6,10
airflow,16,3,13
remtochh,16,0,16
stratford,16,7,9
ufsj,16,0,16
homeomorph,16,0,16
snowmobil,16,1,15
volatii,16,0,16
nietzsch,16,4,12
populac,16,5,11
nsubj,16,16,0
collinear,16,6,10
nantucket,16,13,3
colonp,16,16,0
getopenfil,16,16,0
brachial,16,0,16
compartir,16,3,13
pomp,16,3,13
italien,16,5,11
monik,16,15,1
fumiyasu,16,16,0
aridaeu,16,0,16
affabl,16,1,15
oto,16,1,15
tratamiento,16,7,9
afterimag,16,0,16
rahul,16,16,0
kleindorf,16,16,0
worldclock,16,16,0
dpbescapenumb,16,16,0
rajnish,16,16,0
paulin,16,3,13
linnel,16,16,0
chairmen,16,5,11
camper,16,11,5
englishwoman,16,0,16
goodel,16,16,0
clau,16,8,8
baya,16,0,16
pp,16,9,7
escapenumberdpi,16,16,0
pacifi,16,6,10
mildli,16,7,9
ahmet,16,14,2
walru,16,3,13
vgr,16,0,16
savannah,15,10,5
belohnung,15,1,14
cul,15,3,12
horsemen,15,2,13
codebreak,15,0,15
biometrika,15,9,6
karni,15,0,15
fertev,15,0,15
housework,15,1,14
bogi,15,1,14
gerratt,15,15,0
admixtur,15,3,12
summechoos,15,0,15
perlish,15,15,0
nothin,15,7,8
nutro,15,0,15
trailingspac,15,15,0
xandmanyoth,15,0,15
deme,15,3,12
complin,15,0,15
bipal,15,0,15
mescapenumberv,15,1,14
gamecub,15,10,5
volleybal,15,6,9
sprecher,15,15,0
biologi,15,13,2
omprella,15,0,15
plantat,15,3,12
arrear,15,9,6
huahao,15,0,15
sddd,15,15,0
barbel,15,1,14
pent,15,2,13
cofactor,15,0,15
mostrar,15,1,14
sqlplu,15,15,0
spidey,15,15,0
drinker,15,6,9
entiaiiti,15,0,15
childlik,15,1,14
intract,15,9,6
sati,15,0,15
wf,15,14,1
yellowmattercustard,15,15,0
lutheran,15,8,7
plock,15,13,2
clasen,15,15,0
legg,15,12,3
crystallin,15,6,9
ectop,15,0,15
ezyreward,15,15,0
bangkokpost,15,15,0
detallamo,15,0,15
spaciou,15,4,11
leventh,15,14,1
coor,15,7,8
roracl,15,15,0
braver,15,10,5
hulk,15,9,6
constip,15,0,15
nontrivi,15,14,1
tecnolog,15,6,9
ortgag,15,0,15
functionari,15,1,14
fundi,15,14,1
hopelessli,15,11,4
kroger,15,2,13
boxwood,15,4,11
recibiendo,15,1,14
interm,15,14,1
genar,15,5,10
inciudinq,15,0,15
videoram,15,15,0
claudett,15,9,6
mendel,15,7,8
chili,15,6,9
jathon,15,15,0
asheesh,15,15,0
sulla,15,6,9
phosphoryl,15,8,7
downtrend,15,2,13
restiv,15,4,11
asparagin,15,0,15
yasser,15,1,14
calendarl,15,11,4
mcailist,15,0,15
dinnertim,15,0,15
anonymous,15,0,15
uidtosid,15,15,0
cobbleston,15,2,13
vcover,15,15,0
usurp,15,4,11
psinet,15,11,4
escapenumberlumen,15,0,15
onlinejf,15,15,0
andov,15,1,14
valiant,15,6,9
daybreak,15,1,14
coudoin,15,15,0
lawson,15,7,8
singhal,15,15,0
marinercapit,15,15,0
croydon,15,0,15
spn,15,11,4
ahmedabad,15,4,11
plac,15,9,6
overblown,15,13,2
pric,15,1,14
dorsal,15,0,15
zebra,15,1,14
entryescapenumb,15,15,0
consumerreward,15,0,15
footpath,15,1,14
pbfont,15,0,15
unutter,15,0,15
yelptoward,15,0,15
vimrc,15,13,2
determinist,15,13,2
amazanrustyhost,15,0,15
daigl,15,15,0
susann,15,3,12
petrochemica,15,0,15
querymultiplevalu,15,15,0
oemzamorish,15,0,15
phane,15,15,0
softnlpa,15,0,15
presa,15,12,3
corset,15,1,14
tripoli,15,12,3
smartmortgageusa,15,0,15
genesuniqu,15,15,0
caffertyfil,15,15,0
matheson,15,12,3
catchsign,15,15,0
mcmillan,15,9,6
navajo,15,11,4
allzu,15,2,13
linenumb,15,15,0
inclui,15,0,15
thisgen,15,15,0
fodder,15,7,8
ather,15,8,7
affix,15,2,13
capuc,15,15,0
shin,15,7,8
unprotect,15,12,3
velocidad,15,1,14
conseguir,15,0,15
fisk,15,6,9
rkescapenumb,15,11,4
toolsprint,15,0,15
ossi,15,6,9
dishevel,15,2,13
diacrit,15,0,15
dario,15,11,4
gwm,15,15,0
remplac,15,14,1
jubil,15,3,12
synch,15,12,3
idiosyncrasi,15,9,6
dbsendqueri,15,15,0
doorknob,15,1,14
caui,15,0,15
cyclad,15,5,10
bistabl,15,0,15
parab,15,15,0
ababa,15,3,12
filterfh,15,15,0
hilcorp,15,15,0
filibust,15,6,9
direccin,15,0,15
mouseescapenumb,15,15,0
cinder,15,3,12
fieldsescapenumb,15,15,0
fundaci,15,13,2
gti,15,15,0
extrasolar,15,15,0
robyn,15,9,6
escapenumberfloc,15,15,0
embellish,15,2,13
amphibian,15,0,15
tvalp,15,15,0
ezhil,15,15,0
nlmix,15,15,0
ramoslink,15,15,0
hua,15,8,7
alldomain,15,15,0
decompil,15,3,12
semescapenumb,15,0,15
emba,15,5,10
iphoton,15,0,15
stronach,15,15,0
vea,15,1,14
softnld,15,0,15
aescapenumberwhen,15,0,15
gdal,15,15,0
follo,15,10,5
heartstat,15,0,15
attributeschema,15,15,0
asymmetri,15,4,11
issn,15,0,15
adag,15,0,15
borosil,15,0,15
unlearn,15,1,14
umn,15,14,1
strtoul,15,15,0
lcmt,15,0,15
cerrar,15,0,15
situaci,15,11,4
garibaldi,15,0,15
encuentran,15,6,9
ncf,15,0,15
zelda,15,14,1
polio,15,12,3
seltzer,15,7,8
pizzey,15,15,0
flexur,15,0,15
menon,15,15,0
desroch,15,15,0
proteas,15,9,6
clave,15,4,11
telnetd,15,14,1
smbaddus,15,15,0
fluoresc,15,10,5
topperprop,15,0,15
sidwel,15,15,0
hoof,15,1,14
pilat,15,0,15
quaintanc,15,14,1
globul,15,1,14
squeda,15,5,10
minima,15,9,6
nmr,15,13,2
identifiabi,15,0,15
dirg,15,2,13
blather,15,5,10
gremlin,15,6,9
agglomer,15,0,15
bluecom,15,0,15
deviant,15,4,11
turnston,15,9,6
heaviest,15,14,1
mimesweep,15,15,0
medea,15,9,6
lmi,15,1,14
lilian,15,2,13
jellyfish,15,14,1
wochen,15,2,13
snooker,15,15,0
oodoc,15,15,0
jeanni,15,6,9
eiv,15,1,14
itanium,15,9,6
juz,15,10,5
duh,15,12,3
mimick,15,6,9
cfr,15,10,5
nstrtoll,15,15,0
lescapenumberh,15,2,13
minc,15,4,11
lacount,15,15,0
ourc,15,4,11
xxescapenumb,15,12,3
lair,15,10,5
aromatherapi,15,7,8
astrid,15,0,15
whoili,15,0,15
rpg,15,11,4
csgt,15,15,0
waken,15,0,15
elec,15,13,2
itt,15,2,13
holidaystu,15,0,15
posi,15,0,15
ai,15,10,5
pacesett,15,6,9
hypnosi,15,4,11
erg,15,5,10
mauritiu,15,8,7
hilvl,15,15,0
aipc,15,0,15
complementar,15,0,15
johnsen,15,12,3
setter,15,15,0
disconcert,15,12,3
spu,15,3,12
darf,15,0,15
ipanema,15,0,15
proverbi,15,4,11
fhcrc,15,15,0
everton,15,14,1
pharmacia,15,15,0
glmboost,15,15,0
lyonnai,15,15,0
elisha,15,1,14
igtt,15,0,15
macworld,15,13,2
margarita,15,8,7
jollyjohn,15,0,15
aller,15,5,10
stockfond,15,15,0
wdescapenumb,15,6,9
prattl,15,0,15
picturesqu,15,4,11
fervor,15,7,8
progressbar,15,13,2
hemic,15,0,15
valari,15,13,2
disquietud,15,0,15
consumidor,15,2,13
renegad,15,8,7
mashelkar,15,15,0
intsrc,15,15,0
xpearlier,15,0,15
pemex,15,13,2
stad,15,2,13
titlepric,15,0,15
bieli,15,15,0
reveai,15,0,15
charsetlibdir,15,15,0
jlpnymex,15,15,0
va,15,3,12
eider,15,4,11
esr,15,15,0
tle,15,6,9
broch,15,1,14
brookhaven,15,4,11
betel,15,0,15
schill,15,14,1
shepard,15,5,10
yaimput,15,15,0
aviari,15,4,11
invensi,15,13,2
gar,15,6,9
cityg,15,15,0
dumpti,15,1,14
gnabgib,15,0,15
officialbox,15,0,15
hacen,15,3,12
vand,15,11,4
comentario,15,2,13
chrom,15,15,0
mcdevitt,15,15,0
nlab,15,15,0
eintr,15,15,0
ahold,15,15,0
fileio,15,15,0
escapenumberef,15,6,9
negropont,15,15,0
sweitzer,15,15,0
hollomon,15,15,0
barbo,15,15,0
incas,15,4,11
astragatar,15,0,15
walgreen,15,2,13
josephin,15,9,6
candidat,15,8,7
pocketop,15,0,15
bask,15,3,12
ruse,15,7,8
cognat,15,0,15
setzt,15,1,14
ri,15,11,4
carga,15,4,11
gfsescapenumb,15,15,0
vial,15,7,8
topo,15,3,12
makevar,15,15,0
arhat,15,0,15
poptgetarg,15,15,0
tasmania,15,9,6
eftp,15,13,2
bevi,15,3,12
spieh,15,4,11
dno,15,14,1
especializado,15,2,13
cameo,15,6,9
solicitud,15,1,14
dunbar,15,4,11
jointpain,15,0,15
merciless,15,1,14
edificio,15,4,11
indiogin,15,15,0
yay,15,14,1
xrf,15,14,1
freidel,15,15,0
atgaro,15,0,15
muster,15,9,6
angelica,15,1,14
dirigido,15,1,14
arctan,15,8,7
giver,15,4,11
alcov,15,0,15
stoppag,15,7,8
basetxt,15,0,15
monad,15,4,11
galileo,15,14,1
almanac,15,2,13
hymn,15,1,14
castig,15,2,13
leeway,15,11,4
cmgi,15,12,3
tallocmsg,15,15,0
etv,15,14,1
gees,15,3,12
ballast,15,2,13
treasurymgmt,15,0,15
tep,15,14,1
pescapenumberr,15,0,15
kruse,15,0,15
brocad,15,2,13
nwclark,15,15,0
ljml,15,15,0
pasteur,15,12,3
edmiston,15,15,0
christendom,15,0,15
diod,15,4,11
wisvest,15,15,0
archenemi,15,4,11
illimit,15,0,15
topmost,15,4,11
recibirlo,15,0,15
zoic,15,0,15
stefano,15,15,0
lyle,15,6,9
writeup,15,13,2
escapenumbersa,15,12,3
shou,15,1,14
firebal,15,1,14
herewith,15,7,8
mlnescapenumb,15,15,0
hescapenumberl,15,10,5
homesick,15,3,12
carnousti,15,15,0
macgregor,15,11,4
popularmechan,15,15,0
edicion,15,0,15
collud,15,6,9
kori,15,9,6
citicorp,15,4,11
segura,15,5,10
animos,15,3,12
frosti,15,5,10
ctag,15,15,0
iht,15,15,0
lbigballofmud,15,15,0
interg,15,11,4
diabol,15,3,12
nobleman,15,0,15
beautifi,15,0,15
clilist,15,15,0
filth,15,1,14
bundeswehr,15,0,15
divisi,15,4,11
entridir,15,15,0
suel,15,2,13
kravi,15,13,2
montant,15,0,15
upheav,15,9,6
greenroom,15,15,0
automaton,15,6,9
adiabat,15,0,15
wwp,15,14,1
coarsen,15,0,15
earphon,15,0,15
pradesh,15,15,0
sydneyauto,15,0,15
cogent,15,3,12
percuss,15,4,11
unithold,15,15,0
songwrit,15,11,4
wesson,15,10,5
mspx,15,15,0
coho,15,15,0
bundestag,15,2,13
choosi,15,3,12
gbh,15,12,3
brbrbrbrbrbrbrbr,15,0,15
malmend,15,15,0
reissu,15,11,4
dthe,15,0,15
laval,15,8,7
bohn,15,6,9
scandium,15,0,15
writeabl,15,15,0
ndez,15,12,3
qualityworldwid,15,0,15
bancaria,15,0,15
localtest,15,15,0
knapsack,15,4,11
chara,15,8,7
poppi,15,6,9
construir,15,2,13
ptescapenumb,15,6,9
hton,15,15,0
genex,15,0,15
eader,15,2,13
astart,15,0,15
collectiveiy,15,0,15
plumber,15,8,7
candlewick,15,0,15
alder,15,7,8
unpath,15,15,0
speedscan,15,0,15
shikhar,15,15,0
practicar,15,0,15
baccarat,15,0,15
domainsn,15,0,15
butan,15,0,15
tomer,15,8,7
bushel,15,7,8
minschema,15,15,0
fulmin,15,8,7
meegeren,15,15,0
goblin,15,2,13
dcent,15,0,15
pblock,15,15,0
encephal,15,0,15
bowlin,15,0,15
mississauga,15,8,7
polaroid,15,11,4
cybershop,15,0,15
tochter,15,1,14
cheeap,15,0,15
uneconom,15,8,7
mcmcpack,15,15,0
ur,15,8,7
bantam,15,1,14
annouc,15,12,3
mecon,15,0,15
alger,15,0,15
playground,15,6,9
dvdxcopi,15,0,15
msgstr,15,15,0
isreg,15,15,0
dservl,15,15,0
antena,15,1,14
mobutu,15,0,15
karpo,15,0,15
capitolin,15,0,15
larva,15,1,14
portag,15,7,8
repack,15,0,15
rech,15,14,1
insofar,15,9,6
lemeshow,15,15,0
shia,15,15,0
maindonald,15,15,0
chauncey,15,1,14
nederland,15,0,15
chowder,15,3,12
dese,15,1,14
pearclov,15,0,15
cunfingham,15,0,15
pmedbuy,15,0,15
bermann,15,15,0
apprentic,15,6,9
northrop,15,9,6
penl,15,0,15
rossit,15,15,0
matsuzaka,15,5,10
citgo,15,15,0
vene,15,10,5
strewn,15,4,11
titel,15,7,8
dealspric,15,0,15
ultrasound,15,5,10
pomac,15,0,15
vien,15,2,13
dge,15,9,6
mclarney,15,15,0
claritin,15,0,15
plo,15,14,1
eukanuba,15,0,15
rew,15,8,7
ulock,15,15,0
deject,15,4,11
doh,15,12,3
hoen,15,15,0
lockrec,15,15,0
kohl,15,7,8
yol,15,0,15
fixat,15,7,8
ersten,15,3,12
dwarv,15,0,15
valiumxanaxciali,15,0,15
mapdata,15,15,0
ianquag,15,0,15
dharma,15,0,15
interdict,15,4,11
flimsi,15,9,6
schr,15,15,0
dvli,15,0,15
superposit,15,15,0
asilomar,15,0,15
vorbi,15,15,0
myrmecolog,15,0,15
doomsday,15,5,10
sese,15,0,15
dic,15,13,2
layla,15,15,0
getter,15,11,4
gigahertz,15,7,8
prisco,15,15,0
ato,15,6,9
bodic,15,1,14
dresden,15,13,2
iliustr,15,0,15
obsidian,15,4,11
dement,15,4,11
rudiment,15,5,10
wilmot,15,0,15
funciona,15,5,10
hosmer,15,15,0
albatross,15,3,12
callmethodcc,15,15,0
heidelberg,15,7,8
mixup,15,3,12
calcin,15,0,15
southturtl,15,0,15
behead,15,4,11
useravg,15,15,0
mrm,15,15,0
kirchner,15,10,5
fiji,15,15,0
unfurl,15,14,1
mesmo,15,2,13
adolph,15,0,15
paradi,15,15,0
ctime,15,15,0
cilai,15,0,15
canberra,15,6,9
apparit,15,0,15
acad,15,4,11
hejka,15,15,0
moe,15,2,13
bushi,15,5,10
objectpath,15,15,0
fout,15,14,1
ocrtool,15,15,0
drw,15,11,4
cicero,15,4,11
estudiant,15,2,13
mbr,15,11,4
segmtz,15,15,0
softnlvo,15,0,15
hqrzbxevgbf,15,0,15
madagascar,15,8,7
noninvest,15,15,0
homepath,15,15,0
cinch,15,3,12
shawl,15,1,14
mening,15,7,8
waller,15,9,6
punkass,15,0,15
verac,15,11,4
wyse,15,0,15
trackabl,15,0,15
boland,15,14,1
jbr,15,0,15
plauch,15,15,0
bourgeoi,15,4,11
sorop,15,0,15
sidney,15,12,3
leadshort,15,0,15
lawless,15,8,7
isso,15,4,11
bcg,15,10,5
ambros,15,3,12
hearer,15,0,15
soggi,15,8,7
quickiy,15,0,15
raescapenumb,15,12,3
fferenc,15,0,15
guidebook,15,5,10
churchillian,15,0,15
alifornia,15,2,13
kholodnyi,15,15,0
oegi,15,15,0
gile,15,7,8
indemn,15,8,7
entlassung,15,0,15
autocommit,15,14,1
wbom,15,15,0
abgeschaltet,15,0,15
phenol,15,2,13
rodolfo,15,8,7
sapsford,15,15,0
pennwel,15,15,0
perlpratic,15,15,0
ampersand,15,7,8
faci,15,15,0
churchmen,15,0,15
sfw,15,15,0
onu,15,11,4
anastigmat,15,0,15
textgrob,15,15,0
gstat,15,15,0
gibraltar,15,5,10
idtre,15,15,0
dhcppcescapenumb,15,15,0
machten,15,15,0
fleck,15,6,9
spiller,15,15,0
candic,15,12,3
elois,15,1,14
vivi,15,1,14
suzan,15,15,0
southbound,15,8,7
allaccess,15,15,0
moosq,15,0,15
anonftpsync,15,15,0
pae,15,4,11
stocknew,15,0,15
dram,15,10,5
boul,15,0,15
geen,15,11,4
raikko,15,15,0
backtest,15,15,0
crowfoot,15,0,15
crismaitalia,15,15,0
rill,15,1,14
scyth,15,0,15
washburn,15,7,8
ajay,15,11,4
ceilular,15,0,15
carous,15,1,14
gymnast,15,1,14
orel,15,1,14
crossbow,15,6,9
mlle,15,0,15
droplet,15,1,14
goettingen,15,15,0
nettl,15,2,13
itaiian,15,0,15
everitt,15,15,0
avit,15,15,0
constantiy,15,0,15
dibujo,15,1,14
cranford,15,0,15
hgpl,15,15,0
mescapenumberx,15,0,15
argon,15,2,13
bpon,15,0,15
backhand,15,3,12
reconnaiss,15,7,8
boatmen,15,0,15
dowag,15,0,15
foreseen,15,4,11
nationalc,15,0,15
sklyarov,15,14,1
loma,15,10,5
adjut,15,0,15
allegor,15,3,12
cpac,15,15,0
ncreas,15,1,14
semicycl,15,15,0
ugi,15,14,1
sp,15,9,6
boardinghous,15,0,15
dmix,15,15,0
autoregress,15,15,0
saxon,15,7,8
tulli,15,12,3
execvp,15,15,0
zair,15,1,14
cnvrt,15,15,0
sharpiy,15,0,15
chrysopa,15,15,0
batten,15,3,12
mobster,15,10,5
ulsoftod,15,0,15
fleurier,15,0,15
precess,15,0,15
almo,15,5,10
gallow,15,0,15
multislic,15,15,0
fascicul,15,0,15
municipio,15,14,1
finanzinvestoren,15,5,10
galli,15,8,7
somo,15,0,15
tiktok,15,0,15
ectstca,15,15,0
halligan,15,11,4
trafficmagnet,15,0,15
cluj,15,1,14
undergroundcd,15,0,15
roach,15,6,9
alfalfa,15,4,11
veraci,15,0,15
chabot,15,15,0
irixescapenumb,15,15,0
unhurt,15,13,2
fastidi,15,1,14
efil,15,15,0
krbtgt,15,14,1
psig,15,15,0
lurch,15,3,12
lora,15,7,8
qpcr,15,15,0
trowref,15,15,0
odo,15,1,14
sandisk,15,11,4
krakow,15,4,11
ballad,15,5,10
doggon,15,0,15
heft,15,2,13
blowout,15,4,11
ccess,15,6,9
devolva,15,0,15
libgfortran,15,15,0
mammilari,15,0,15
gest,15,7,8
galer,15,12,3
conch,15,4,11
beni,15,14,1
hulahop,15,15,0
deviou,15,0,15
escapenumbernt,15,13,2
gluteal,15,0,15
repackag,15,3,12
leschber,15,15,0
servizi,15,0,15
iess,15,0,15
aspn,15,14,1
powermatch,15,15,0
xdgmimemagicst,15,15,0
peddl,15,10,5
tuo,15,0,15
trad,15,5,10
solitair,15,2,13
kalman,15,15,0
ainda,15,3,12
cta,15,2,13
obviat,15,8,7
asistencia,15,0,15
plunk,15,11,4
usherbrook,15,15,0
gentri,15,8,7
accompanist,15,0,15
bernardino,15,8,7
hipaa,15,0,15
customis,15,13,2
odbcclos,15,15,0
holidayssun,15,0,15
situationroomblog,15,15,0
sey,15,14,1
snort,15,4,11
mut,15,13,2
libgsf,15,15,0
spgrassescapenumb,15,15,0
adjoint,15,10,5
cdtd,15,0,15
inheritor,15,0,15
aqueou,15,2,13
aunti,15,0,15
reptil,15,3,12
coddl,15,1,14
webber,15,7,8
heutig,15,4,11
fchmod,15,15,0
sugaract,15,15,0
lpescapenumb,15,10,5
coextens,15,0,15
aerofoammet,15,0,15
arabian,15,8,7
fino,15,2,13
esoft,15,0,15
lisbon,15,8,7
hackett,15,3,12
drea,15,1,14
dol,15,3,12
leticia,15,10,5
chit,15,1,14
europea,15,12,3
anh,15,11,4
mimi,15,5,10
argnum,15,15,0
malina,15,15,0
sugqest,15,0,15
crafti,15,2,13
pavc,15,0,15
sarzyna,15,15,0
nehmen,15,3,12
fsync,15,15,0
intial,15,13,2
sumatra,15,2,13
suffoc,15,4,11
religioso,15,14,1
permalink,15,6,9
crucifixion,15,0,15
admitt,15,0,15
vick,15,9,6
pandasoftwar,15,1,14
ppfont,15,0,15
ntptr,15,15,0
entropi,15,8,7
settoken,15,15,0
honk,15,2,13
unintuit,15,15,0
trabalho,15,5,10
crac,15,15,0
indigest,15,3,12
ovat,15,8,7
bingham,15,2,13
mycop,15,15,0
ciilck,15,0,15
testit,15,15,0
spass,15,2,13
absentmind,15,0,15
corpsman,15,0,15
relaps,15,2,13
wesco,15,15,0
georgina,15,12,3
lvmescapenumb,15,15,0
unbroken,15,4,11
relro,15,15,0
basica,15,1,14
viet,15,3,12
rjf,15,15,0
estudo,15,10,5
inlist,15,14,1
sellersl,15,0,15
appercept,15,0,15
xstrdup,15,15,0
anziehend,15,0,15
kurtz,15,12,3
serpent,15,1,14
lnoenod,15,0,15
doo,15,2,13
fineri,15,4,11
lazaru,15,8,7
krbescapenumbertg,15,15,0
iteritem,15,15,0
alarmist,15,14,1
solch,15,3,12
hobbyist,15,6,9
milieu,15,10,5
helena,15,6,9
barbitur,15,0,15
mcdaniel,15,12,3
adaikalavan,15,15,0
upris,15,3,12
adkin,15,3,12
bmcp,15,0,15
combinator,15,1,14
stew,15,5,10
cablefilterz,15,0,15
clunki,15,15,0
mre,15,5,10
educaci,15,8,7
bedevil,15,2,13
isoverwhelminq,15,0,15
levenson,15,15,0
knirel,15,15,0
gewesen,15,12,3
privi,15,7,8
sna,15,7,8
spaceport,15,5,10
spotti,15,11,4
topsit,15,0,15
cheeki,15,0,15
countersunk,15,0,15
dorchest,15,1,14
overtook,15,0,15
nwescapenumb,15,7,8
monopolist,15,14,1
twine,15,0,15
energia,15,13,2
confdef,15,15,0
playmat,15,4,11
greengroc,15,1,14
swagger,15,7,8
epp,15,8,7
deoxyribonucl,15,0,15
walmart,15,1,14
nook,15,3,12
schaffen,15,3,12
romero,15,10,5
impl,15,11,4
understan,15,2,13
umm,15,12,3
colescapenumberrgb,15,15,0
armata,15,0,15
fewest,15,12,3
investitionen,15,0,15
rummi,15,1,14
yax,15,15,0
rece,15,2,13
mahler,15,14,1
datacom,15,0,15
asimismo,15,7,8
gebe,15,15,0
ineleg,15,6,9
liftport,15,15,0
scowl,15,2,13
realic,15,3,12
matchdetail,15,15,0
rheinland,15,0,15
michal,15,14,1
cgat,15,0,15
bacground,15,15,0
kimbel,15,15,0
atrav,15,2,13
duri,15,5,10
chino,15,7,8
tsescapenumb,15,12,3
andean,15,4,11
schizophren,15,6,9
uloemtr,15,0,15
pirc,15,15,0
commodor,15,4,11
delicti,15,0,15
aust,15,12,3
pinnaclegli,15,0,15
mettl,15,5,10
ridescapenumb,15,15,0
dushinsk,15,15,0
msgnode,15,15,0
kamath,15,15,0
dragnet,15,3,12
beryllium,15,2,13
wehr,15,13,2
befriend,15,8,7
mnemon,15,12,3
ellerb,15,0,15
btd,15,1,14
flatiron,15,9,6
ransack,15,9,6
midlothian,15,15,0
bannedcd,15,0,15
afir,15,2,13
timetrack,15,15,0
entrepris,15,2,13
mcrypt,15,15,0
finalment,15,6,9
tabernacl,15,3,12
pirlex,15,15,0
dssetup,15,15,0
drier,15,1,14
korn,15,15,0
chicaneri,15,3,12
cheeapal,15,0,15
telex,15,2,13
shunda,15,0,15
vtech,15,15,0
nii,15,14,1
filmen,15,1,14
touchi,15,4,11
canoga,15,1,14
mylab,15,15,0
bennington,15,0,15
cter,15,9,6
tcnt,15,15,0
requ,15,10,5
lebo,15,14,1
eilseq,15,15,0
pauli,15,1,14
stomp,15,12,3
dificil,15,0,15
schere,15,14,1
indonesian,15,11,4
morbid,15,4,11
ukescapenumb,15,11,4
eustockmarket,15,15,0
lmline,15,15,0
acctg,15,15,0
whimper,15,7,8
xdoc,15,15,0
rinard,15,15,0
supernatur,15,7,8
createus,15,15,0
aescapenumberif,15,0,15
penel,15,15,0
musclerelax,15,0,15
dfp,15,15,0
commdora,15,0,15
ote,15,9,6
boson,15,1,14
ornia,15,4,11
hajia,15,0,15
fluo,15,9,6
original,15,8,7
ngc,15,15,0
epigenom,15,15,0
musit,15,0,15
gautam,15,14,1
aird,15,15,0
garc,15,7,8
smolder,15,3,12
foescapenumb,15,9,6
sndctl,15,15,0
venetian,15,8,7
errol,15,8,7
beloit,15,0,15
vise,15,6,9
selden,15,8,7
debugstr,15,15,0
lilliefor,15,15,0
kernelescapenumb,15,14,1
tamera,15,12,3
turescapenumb,15,0,15
personaj,15,3,12
atur,15,8,7
snout,15,1,14
citywid,15,7,8
greatcoat,15,0,15
dewdrop,15,0,15
gareth,15,13,2
kaya,15,13,2
derr,15,15,0
firefoxescapenumb,15,12,3
sweatband,15,0,15
awoken,15,0,15
carrion,15,0,15
bimini,15,0,15
haitian,15,10,5
siriwat,15,15,0
aztec,15,7,8
balsa,15,0,15
vitiat,15,10,5
rutkowski,15,15,0
alsatian,15,0,15
rabid,15,8,7
convex,15,1,14
cagl,15,15,0
puter,15,4,11
gotcha,15,11,4
yve,15,9,6
despoil,15,0,15
thicket,15,3,12
alcan,15,11,4
ingratitud,15,0,15
dishonest,15,13,2
hannaford,15,0,15
vendetta,15,5,10
dpwi,15,0,15
astroworld,15,15,0
antimoni,15,0,15
kdm,15,15,0
descant,15,0,15
winsdb,15,15,0
generalis,15,15,0
mujica,15,15,0
motherli,15,2,13
arden,15,0,15
redress,15,8,7
adulthood,15,0,15
heroemka,15,0,15
consort,15,2,13
caffrey,15,0,15
filling,15,15,0
riskl,15,15,0
previa,15,3,12
kursgewinn,15,4,11
jaunti,15,1,14
tsw,15,15,0
grammat,15,11,4
suncor,15,14,1
avaric,15,0,15
bast,15,1,14
happ,15,3,12
uir,15,0,15
misappropri,15,4,11
findbin,15,15,0
pedest,15,7,8
msrpc,15,15,0
mlp,15,14,1
gladiat,15,1,14
anaiysi,15,0,15
wavefrtl,15,0,15
mapnam,15,15,0
creoleart,15,0,15
beasti,15,1,14
thwack,15,0,15
auspici,15,0,15
graand,15,0,15
nessi,15,13,2
anneal,15,9,6
heron,15,4,11
rotor,15,9,6
defray,15,2,13
scrollabl,15,15,0
tempest,15,2,13
loweryourinterest,15,0,15
sicili,15,10,5
ffice,15,1,14
freeserv,15,4,11
apl,15,7,8
ecologia,15,15,0
trudi,15,6,9
interject,15,6,9
fertik,15,15,0
unverifi,15,13,2
presc,15,0,15
whosoev,15,0,15
derzeit,15,3,12
ethnolog,15,10,5
aarp,15,12,3
hoog,15,13,2
stephenson,15,6,9
dido,15,2,13
mepr,15,15,0
pymt,15,15,0
adjud,15,8,7
pedir,15,2,13
eriko,15,15,0
khairuddin,15,15,0
remonstr,15,0,15
chiffon,15,1,14
benner,15,15,0
eph,15,1,14
earthi,15,3,12
rudd,15,10,5
canvasback,15,0,15
gettingstart,15,15,0
isdst,15,15,0
whatley,15,12,3
solarz,15,15,0
olli,15,6,9
rez,15,7,8
abcdef,15,7,8
musharraf,15,14,1
crackpot,15,2,13
plese,15,12,3
moy,15,15,0
countriess,15,0,15
purc,15,3,12
liang,15,15,0
himendra,15,15,0
homebrew,15,9,6
haha,15,6,9
ticketlist,15,15,0
derat,15,7,8
xxl,15,5,10
milbank,15,15,0
dhcpack,15,15,0
lifecycl,15,3,12
snuffl,15,0,15
cunyzanesystem,15,0,15
bookend,15,0,15
onger,15,0,15
treemap,15,15,0
tosuccess,15,2,13
trouver,15,15,0
tacoma,15,10,5
dilli,15,2,13
comprensi,15,0,15
firestorm,15,15,0
compatriot,15,5,10
gaston,15,3,12
manli,15,3,12
